# berlin15
# First 15 cities of berlin52
15
0 666 281 396 291 326 641 427 600 561 1041 655 975 1121 299
666 0 649 1047 945 978 45 956 1135 1133 1639 1259 1440 1516 958
281 649 0 604 509 543 611 308 486 487 1267 891 1248 1400 505
396 1047 604 0 104 70 1026 525 611 534 663 294 711 897 100
291 945 509 104 0 35 924 471 584 513 761 382 769 944 25
326 978 543 70 35 0 957 492 596 523 726 349 744 923 40
641 45 611 1026 924 957 0 918 1096 1096 1627 1245 1440 1522 935
427 956 308 525 471 492 918 0 183 180 1145 812 1234 1414 453
600 1135 486 611 584 596 1096 183 0 83 1166 874 1317 1507 561
561 1133 487 534 513 523 1096 180 83 0 1083 792 1237 1428 490
1041 1639 1267 663 761 726 1627 1145 1166 1083 0 387 443 620 762
655 1259 891 294 382 349 1245 812 874 792 387 0 452 653 388
975 1440 1248 711 769 744 1440 1234 1317 1237 443 452 0 206 784
1121 1516 1400 897 944 923 1522 1414 1507 1428 620 653 206 0 962
299 958 505 100 25 40 935 453 561 490 762 388 784 962 0
