# berlin20
# First 20 cities of berlin52
20
0 666 281 396 291 326 641 427 600 561 1041 655 975 1121 299 260 430 162 305 210
666 0 649 1047 945 978 45 956 1135 1133 1639 1259 1440 1516 958 724 495 595 843 564
281 649 0 604 509 543 611 308 486 487 1267 891 1248 1400 505 537 217 135 207 441
396 1047 604 0 104 70 1026 525 611 534 663 294 711 897 100 384 800 532 475 501
291 945 509 104 0 35 924 471 584 513 761 382 769 944 25 309 700 430 401 407
326 978 543 70 35 0 957 492 596 523 726 349 744 923 40 329 735 466 428 435
641 45 611 1026 924 957 0 918 1096 1096 1627 1245 1440 1522 935 714 451 562 807 552
427 956 308 525 471 492 918 0 183 180 1145 812 1234 1414 453 661 507 381 126 636
600 1135 486 611 584 596 1096 183 0 83 1166 874 1317 1507 561 818 670 565 308 810
561 1133 487 534 513 523 1096 180 83 0 1083 792 1237 1428 490 764 686 548 291 770
1041 1639 1267 663 761 726 1627 1145 1166 1083 0 387 443 620 762 915 1461 1190 1124 1076
655 1259 891 294 382 349 1245 812 874 792 387 0 452 653 388 538 1078 807 769 694
975 1440 1248 711 769 744 1440 1234 1317 1237 443 452 0 206 784 759 1400 1137 1169 920
1121 1516 1400 897 944 923 1522 1414 1507 1428 620 653 206 0 962 884 1534 1281 1341 1035
299 958 505 100 25 40 935 453 561 490 762 388 784 962 0 332 700 432 388 425
260 724 537 384 309 329 714 661 818 764 915 538 759 884 332 0 651 408 549 165
430 495 217 800 700 735 451 507 670 686 1461 1078 1400 1534 700 651 0 272 421 512
162 595 135 532 430 466 562 381 565 548 1190 807 1137 1281 432 408 272 0 258 306
305 843 207 475 401 428 807 126 308 291 1124 769 1169 1341 388 549 421 258 0 512
210 564 441 501 407 435 552 636 810 770 1076 694 920 1035 425 165 512 306 512 0
