# burma07
# First 7 cities of burma14
7
0 153 560 706 966 581 455
153 0 459 664 997 598 507
560 459 0 314 788 450 506
706 664 314 0 491 265 410
966 997 788 491 0 400 514
581 598 450 265 400 0 168
455 507 506 410 514 168 0
