# burma11
# First 11 cities of burma14
11
0 153 560 706 966 581 455 70 160 372 169
153 0 459 664 997 598 507 197 311 479 316
560 459 0 314 788 450 506 547 701 927 720
706 664 314 0 491 265 410 664 804 1070 831
966 997 788 491 0 400 514 902 990 1261 1021
581 598 450 265 400 0 168 522 634 910 665
455 507 506 410 514 168 0 389 482 757 513
70 197 547 664 902 522 389 0 154 406 175
160 311 701 804 990 634 482 154 0 276 32
372 479 927 1070 1261 910 757 406 276 0 246
169 316 720 831 1021 665 513 175 32 246 0

