# st30
# First 30 cities of st70
30
0 59 73 55 33 53 64 80 81 36 60 57 15 88 50 9 66 56 68 95 64 26 9 51 105 81 93 84 14 93
59 0 19 9 43 22 5 22 52 47 82 52 53 35 23 57 40 12 13 42 52 34 51 20 80 22 58 26 55 44
73 19 0 19 49 23 16 12 39 52 82 49 70 16 43 69 31 17 25 23 46 50 65 39 65 19 41 13 72 24
55 9 19 0 35 14 12 26 46 39 73 44 50 35 27 51 33 4 22 42 44 31 46 24 74 28 53 29 52 43
33 43 49 35 0 26 47 59 48 6 42 25 39 61 48 26 33 34 55 67 31 29 28 47 72 63 61 61 40 64
53 22 23 14 26 0 25 33 34 29 61 30 53 36 40 48 20 10 35 42 30 35 46 37 63 38 44 36 55 40
64 5 16 12 47 25 0 17 52 51 85 55 58 31 27 62 41 14 11 38 54 39 56 23 79 17 57 21 60 40
80 22 12 26 59 33 17 0 49 62 93 60 75 17 43 77 43 25 21 23 57 56 72 40 74 8 50 4 77 28
81 52 39 46 48 34 52 49 0 46 58 28 84 37 73 73 16 42 63 39 20 68 75 70 28 57 14 48 86 32
36 47 52 39 6 29 51 62 46 0 36 21 44 63 54 28 32 37 60 69 28 35 33 53 69 67 59 64 45 65
60 82 82 73 42 61 85 93 58 36 0 33 73 89 90 52 53 71 95 93 39 69 61 89 68 99 71 94 73 87
57 52 49 44 25 30 55 60 28 21 33 0 64 55 66 49 19 41 65 60 8 52 53 64 49 67 42 61 65 55
15 53 70 50 39 53 58 75 84 44 73 64 0 85 39 21 69 53 60 92 70 19 12 41 111 75 96 79 2 92
88 35 16 35 61 36 31 17 37 63 89 55 85 0 58 83 36 32 38 7 50 66 80 54 58 25 34 14 87 10
50 23 43 27 48 40 27 43 73 54 90 66 39 58 0 51 59 32 23 65 68 25 42 4 102 40 81 48 41 67
9 57 69 51 26 48 62 77 73 28 52 49 21 83 51 0 59 52 67 90 56 26 10 52 97 79 86 81 21 88
66 40 31 33 33 20 41 43 16 32 53 19 69 36 59 59 0 28 52 40 14 52 59 56 43 50 28 43 70 35
56 12 17 4 34 10 14 25 42 37 71 41 53 32 32 52 28 0 25 39 40 34 48 29 70 29 49 28 55 39
68 13 25 22 55 35 11 21 63 60 95 65 60 38 23 67 52 25 0 45 65 42 60 20 90 17 67 26 62 48
95 42 23 42 67 42 38 23 39 69 93 60 92 7 65 90 40 39 45 0 54 73 87 61 56 30 33 19 94 7
64 52 46 44 31 30 54 57 20 28 39 8 70 50 68 56 14 40 65 54 0 57 60 66 41 64 34 57 71 48
26 34 50 31 29 35 39 56 68 35 69 52 19 66 25 26 52 34 42 73 57 0 17 25 96 56 79 60 21 73
9 51 65 46 28 46 56 72 75 33 61 53 12 80 42 10 59 48 60 87 60 17 0 43 101 73 87 76 13 86
51 20 39 24 47 37 23 40 70 53 89 64 41 54 4 52 56 29 20 61 66 25 43 0 98 36 77 44 43 64
105 80 65 74 72 63 79 74 28 69 68 49 111 58 102 97 43 70 90 56 41 96 101 98 0 82 24 71 112 49
81 22 19 28 63 38 17 8 57 67 99 67 75 25 40 79 50 29 17 30 64 56 73 36 82 0 58 11 77 35
93 58 41 53 61 44 57 50 14 59 71 42 96 34 81 86 28 49 67 33 34 79 87 77 24 58 0 47 98 26
84 26 13 29 61 36 21 4 48 64 94 61 79 14 48 81 43 28 26 19 57 60 76 44 71 11 47 0 81 24
14 55 72 52 40 55 60 77 86 45 73 65 2 87 41 21 70 55 62 94 71 21 13 43 112 77 98 81 0 94
93 44 24 43 64 40 40 28 32 65 87 55 92 10 67 88 35 39 48 7 48 73 86 64 49 35 26 24 94 0
