# ulysses21
# First 21 cities of ulysses22
21
0 492 466 312 1071 748 656 134 1039 726 2373 479 448 496 619 183 342 323 688 604 596
492 0 126 416 1555 1237 1132 536 1466 1139 2849 956 933 987 1103 602 191 452 1117 1034 1023
466 126 0 473 1536 1194 1075 539 1383 1055 2784 901 887 954 1084 540 250 509 1038 957 945
312 416 473 0 1216 974 919 236 1333 1029 2612 751 704 711 783 494 228 37 986 904 898
1071 1555 1536 1216 0 430 607 1024 850 871 1504 713 691 593 453 1033 1381 1193 818 832 844
748 1237 1194 974 430 0 177 746 533 452 1639 306 308 264 256 660 1086 961 395 403 414
656 1132 1075 919 607 177 0 684 455 288 1719 177 216 250 343 535 997 913 227 226 237
134 536 539 236 1024 746 684 0 1099 801 2384 515 469 484 576 297 357 234 755 675 669
1039 1466 1383 1333 850 533 455 1099 0 328 1440 591 650 705 776 878 1367 1333 354 438 447
726 1139 1055 1029 871 452 288 801 328 0 1752 333 400 495 622 557 1046 1033 64 128 133
2373 2849 2784 2612 1504 1639 1719 2384 1440 1752 0 1895 1926 1902 1849 2248 2714 2599 1755 1832 1845
479 956 901 751 713 306 177 515 591 333 1895 0 68 179 336 362 821 748 273 214 217
448 933 887 704 691 308 216 469 650 400 1926 68 0 122 287 353 789 698 340 281 283
496 987 954 711 593 264 250 484 705 495 1902 179 122 0 167 440 828 699 432 386 391
619 1103 1084 783 453 256 343 576 776 622 1849 336 287 167 0 593 932 764 559 528 535
183 602 540 494 1033 660 535 297 878 557 2248 362 353 440 593 0 490 506 525 441 431
342 191 250 228 1381 1086 997 357 1367 1046 2714 821 789 828 932 490 0 265 1014 930 921
323 452 509 37 1193 961 913 234 1333 1033 2599 748 698 699 764 506 265 0 989 907 901
688 1117 1038 986 818 395 227 755 354 64 1755 273 340 432 559 525 1014 989 0 85 94
604 1034 957 904 832 403 226 675 438 128 1832 214 281 386 528 441 930 907 85 0 14
596 1023 945 898 844 414 237 669 447 133 1845 217 283 391 535 431 921 901 94 14 0
