# ulysses13
# First 13 cities of ulysses22
13
0 492 466 312 1071 748 656 134 1039 726 2373 479 448
492 0 126 416 1555 1237 1132 536 1466 1139 2849 956 933
466 126 0 473 1536 1194 1075 539 1383 1055 2784 901 887
312 416 473 0 1216 974 919 236 1333 1029 2612 751 704
1071 1555 1536 1216 0 430 607 1024 850 871 1504 713 691
748 1237 1194 974 430 0 177 746 533 452 1639 306 308
656 1132 1075 919 607 177 0 684 455 288 1719 177 216
134 536 539 236 1024 746 684 0 1099 801 2384 515 469
1039 1466 1383 1333 850 533 455 1099 0 328 1440 591 650
726 1139 1055 1029 871 452 288 801 328 0 1752 333 400
2373 2849 2784 2612 1504 1639 1719 2384 1440 1752 0 1895 1926
479 956 901 751 713 306 177 515 591 333 1895 0 68
448 933 887 704 691 308 216 469 650 400 1926 68 0
