# rmTSP_17_6_40_manhattan_101_100.mat
# n=17
# k=6
# a=40
# d="manhattan"
# s=101
17
0 6565 10403 5353 7979 9090 7979 6565 8080 8383 3737 5353 8888 8484 5252 7171 3838 
6565 0 11312 4444 6868 5151 8686 10100 8383 6262 7272 8888 5151 6767 8383 6868 5353 
10403 11312 0 10302 7676 7979 7878 6464 7373 7878 7272 6464 9595 10403 5151 6060 10403 
5353 4444 10302 0 8282 4949 7878 9292 5353 3434 5454 6666 5757 6969 7575 7474 6565 
7979 6868 7676 8282 0 8181 10100 8282 9595 8484 7676 10302 6565 12625 8181 10302 10605 
9090 5151 7979 4949 8181 0 7171 10403 6060 2525 8181 6767 5050 8080 7878 5555 7070 
7979 8686 7878 7878 10100 7171 0 9494 11211 7070 8484 8282 6565 10807 8383 6262 7575 
6565 10100 6464 9292 8282 10403 9494 0 8181 8888 6464 7272 10807 8181 3333 5252 9191 
8080 8383 7373 5353 9595 6060 11211 8181 0 5151 5757 4949 10100 6262 6060 7777 9898 
8383 6262 7878 3434 8484 2525 7070 8888 5151 0 7474 6464 6161 8787 7373 6464 9191 
3737 7272 7272 5454 7676 8181 8484 6464 5757 7474 0 3636 10201 9393 5757 7474 5959 
5353 8888 6464 6666 10302 6767 8282 7272 4949 6464 3636 0 11211 9595 4343 6868 5757 
8888 5151 9595 5757 6565 5050 6565 10807 10100 6161 10201 11211 0 7272 9292 7777 7070 
8484 6767 10403 6969 12625 8080 10807 8181 6262 8787 9393 9595 7272 0 7272 5353 7070 
5252 8383 5151 7575 8181 7878 8383 3333 6060 7373 5757 4343 9292 7272 0 3737 6262 
7171 6868 6060 7474 10302 5555 6262 5252 7777 6464 7474 6868 7777 5353 3737 0 5959 
3838 5353 10403 6565 10605 7070 7575 9191 9898 9191 5959 5757 7070 7070 6262 5959 0 
