# rmTSP_15_2_40_maximum_101_100.mat
# n=15
# k=2
# a=40
# d="maximum"
# s=101
15
0 1818 1414 2323 1212 1616 1919 2222 2323 2323 1313 1616 1212 2222 1818 
1818 0 1212 2525 2424 909 303 1212 505 707 1010 606 1515 1414 2020 
1414 1212 0 3737 2626 505 1515 1111 1212 1212 2222 1818 2626 2626 3232 
2323 2525 3737 0 1111 3434 2222 3737 2828 3232 1515 1919 1111 1919 808 
1212 2424 2626 1111 0 2323 2525 2828 2929 2929 1919 2222 909 2828 1717 
1616 909 505 3434 2323 0 1212 606 707 707 1919 1515 2323 2323 2929 
1919 303 1515 2222 2525 1212 0 1515 606 1010 707 303 1616 1111 1717 
2222 1212 1111 3737 2828 606 1515 0 909 505 2222 1818 2626 2626 3232 
2323 505 1212 2828 2929 707 606 909 0 404 1313 909 2020 1717 2323 
2323 707 1212 3232 2929 707 1010 505 404 0 1717 1313 2121 2121 2727 
1313 1010 2222 1515 1919 1919 707 2222 1313 1717 0 404 1010 909 1010 
1616 606 1818 1919 2222 1515 303 1818 909 1313 404 0 1313 808 1414 
1212 1515 2626 1111 909 2323 1616 2626 2020 2121 1010 1313 0 1919 808 
2222 1414 2626 1919 2828 2323 1111 2626 1717 2121 909 808 1919 0 1111 
1818 2020 3232 808 1717 2929 1717 3232 2323 2727 1010 1414 808 1111 0 
