# rmTSP_16_8_20_manhattan_101_100.mat
# n=16
# k=8
# a=20
# d="manhattan"
# s=101
16
0 3838 5353 6767 2727 6464 3636 3737 4444 5858 6262 7474 4343 5656 3232 5959 
3838 0 6969 4949 4747 5858 6464 2929 5656 6262 4444 5454 4949 6666 6060 5959 
5353 6969 0 6666 6060 4949 4949 4646 5959 4545 7171 4545 5858 3535 5151 6868 
6767 4949 6666 0 5656 4949 4949 4848 7575 3333 4949 4747 3434 4141 6767 6262 
2727 4747 6060 5656 0 7777 4141 4646 5151 5757 6767 7373 4848 4747 3131 4444 
6464 5858 4949 4949 7777 0 7272 4747 6868 4242 3434 4444 5353 5050 5454 8585 
3636 6464 4949 4949 4141 7272 0 4545 7676 5050 7272 8080 3737 5656 5656 7373 
3737 2929 4646 4848 4646 4747 4545 0 5555 5353 4949 5555 4242 5757 4949 5454 
4444 5656 5959 7575 5151 6868 7676 5555 0 6060 7272 6262 6363 4444 4040 3535 
5858 6262 4545 3333 5757 4242 5050 5353 6060 0 6868 3838 3333 2828 4242 5757 
6262 4444 7171 4949 6767 3434 7272 4949 7272 6868 0 5454 6969 7070 8282 7171 
7474 5454 4545 4747 7373 4444 8080 5555 6262 3838 5454 0 6161 5050 6666 5757 
4343 4949 5858 3434 4848 5353 3737 4242 6363 3333 6969 6161 0 5353 3939 6060 
5656 6666 3535 4141 4747 5050 5656 5757 4444 2828 7070 5050 5353 0 4444 5757 
3232 6060 5151 6767 3131 5454 5656 4949 4040 4242 8282 6666 3939 4444 0 4545 
5959 5959 6868 6262 4444 8585 7373 5454 3535 5757 7171 5757 6060 5757 4545 0 
