# rmTSP_12_6_20_maximum_101_100.mat
# n=12
# k=6
# a=20
# d="maximum"
# s=101
12
0 1515 1212 1313 1818 1010 606 909 1010 1414 1313 1111 
1515 0 1313 1212 1717 1616 1313 1717 606 1717 1717 1717 
1212 1313 0 404 1212 1313 1212 1111 909 1717 1515 1616 
1313 1212 404 0 1414 1414 1010 1414 808 1414 1414 1616 
1818 1717 1212 1414 0 1919 1515 1212 1818 1313 1414 1313 
1010 1616 1313 1414 1919 0 1111 1111 1111 1515 1515 1515 
606 1313 1212 1010 1515 1111 0 1010 909 1111 1414 1414 
909 1717 1111 1414 1212 1111 1010 0 1818 1111 1515 1717 
1010 606 909 808 1818 1111 909 1818 0 1515 1717 1515 
1414 1717 1717 1414 1313 1515 1111 1111 1515 0 1010 1010 
1313 1717 1515 1414 1414 1515 1414 1515 1717 1010 0 1212 
1111 1717 1616 1616 1313 1515 1414 1717 1515 1010 1212 0 
