# rmTSP_12_4_10_manhattan_101_100.mat
# n=12
# k=4
# a=10
# d="manhattan"
# s=101
12
0 1111 1313 808 2020 1515 2323 1212 2424 909 1313 1515 
1111 0 1818 909 1919 808 1616 505 1919 404 1818 1212 
1313 1818 0 1111 909 1010 1414 1717 1919 1616 1212 1616 
808 909 1111 0 1616 707 1515 1010 1616 707 1111 1313 
2020 1919 909 1616 0 1111 1313 2222 2222 1919 2121 1515 
1515 808 1010 707 1111 0 808 1111 1515 808 1414 1010 
2323 1616 1414 1515 1313 808 0 1515 909 1414 1212 1212 
1212 505 1717 1010 2222 1111 1515 0 2020 505 1515 1515 
2424 1919 1919 1616 2222 1515 909 2020 0 1717 1111 1717 
909 404 1616 707 1919 808 1414 505 1717 0 1414 1212 
1313 1818 1212 1111 2121 1414 1212 1515 1111 1414 0 2424 
1515 1212 1616 1313 1515 1010 1212 1515 1717 1212 2424 0 
