# rmTSP_15_3_40_manhattan_1_100.mat
# n=15
# k=3
# a=40
# d="manhattan"
# s=1
15
0 60 61 23 19 23 57 17 44 25 21 24 26 29 25 
60 0 27 53 43 59 13 53 24 43 57 36 34 51 61 
61 27 0 54 62 60 18 54 45 58 58 37 45 52 62 
23 53 54 0 42 18 50 28 51 38 6 17 31 38 22 
19 43 62 42 0 42 44 24 27 10 40 43 17 34 44 
23 59 60 18 42 0 56 20 43 48 24 23 29 20 4 
57 13 18 50 44 56 0 50 27 40 54 33 31 48 58 
17 53 54 28 24 20 50 0 37 30 32 29 19 12 20 
44 24 45 51 27 43 27 37 0 35 57 34 20 35 45 
25 43 58 38 10 48 40 30 35 0 36 39 19 40 50 
21 57 58 6 40 24 54 32 57 36 0 23 37 44 28 
24 36 37 17 43 23 33 29 34 39 23 0 26 29 25 
26 34 45 31 17 29 31 19 20 19 37 26 0 21 31 
29 51 52 38 34 20 48 12 35 40 44 29 21 0 16 
25 61 62 22 44 4 58 20 45 50 28 25 31 16 0 
