# rmTSP_15_4_80_manhattan_101_100.mat
# n=15
# k=4
# a=80
# d="manhattan"
# s=101
15
0 5555 8888 18281 16261 6969 7777 15756 9090 18281 7878 12625 9696 11716 8585 
5555 0 6363 15756 13736 3232 8686 13231 11817 16766 9393 10302 11211 11413 10908 
8888 6363 0 10201 7777 5555 10201 6868 12928 13837 11312 7575 10302 8484 12019 
18281 15756 10201 0 7272 12726 16362 8585 11211 6666 10807 8484 13231 8989 10908 
16261 13736 7777 7272 0 10706 14342 1919 15049 7474 12221 8282 11211 4949 11716 
6969 3232 5555 12726 10706 0 9696 10201 10201 13534 10807 7070 9797 8181 9292 
7777 8686 10201 16362 14342 9696 0 13837 13231 16362 9999 14140 4141 9797 7272 
15756 13231 6868 8585 1919 10201 13837 0 15150 8787 12928 8383 11514 5050 11817 
9090 11817 12928 11211 15049 10201 13231 15150 0 10201 10504 9191 13938 11110 7373 
18281 16766 13837 6666 7474 13534 16362 8787 10201 0 13837 6464 13231 6565 10908 
7878 9393 11312 10807 12221 10807 9999 12928 10504 13837 0 15251 9090 10706 9393 
12625 10302 7575 8484 8282 7070 14140 8383 9191 6464 15251 0 13837 5757 10100 
9696 11211 10302 13231 11211 9797 4141 11514 13938 13231 9090 13837 0 8080 6565 
11716 11413 8484 8989 4949 8181 9797 5050 11110 6565 10706 5757 8080 0 6767 
8585 10908 12019 10908 11716 9292 7272 11817 7373 10908 9393 10100 6565 6767 0 
