# rmTSP_14_3_20_euklid_1_100.mat
# n=14
# k=3
# a=20
# d="euklid"
# s=1
14
0 16 15 20 18 12 3 15 14 15 9 19 14 13 
16 0 7 14 18 9 18 20 21 23 15 19 15 16 
15 7 0 8 13 8 17 20 21 20 16 17 12 10 
20 14 8 0 9 12 22 22 23 19 20 16 11 9 
18 18 13 9 0 10 19 15 16 11 16 7 5 8 
12 9 8 12 10 0 14 12 13 14 9 10 7 9 
3 18 17 22 19 14 0 13 12 14 9 19 14 14 
15 20 20 22 15 12 13 0 2 9 7 10 12 17 
14 21 21 23 16 13 12 2 0 9 7 11 12 17 
15 23 20 19 11 14 14 9 9 0 12 9 8 12 
9 15 16 20 16 9 9 7 7 12 0 13 11 15 
19 19 17 16 7 10 19 10 11 9 13 0 7 13 
14 15 12 11 5 7 14 12 12 8 11 7 0 6 
13 16 10 9 8 9 14 17 17 12 15 13 6 0 
