# rmTSP_16_4_40_maximum_101_100.mat
# n=16
# k=4
# a=40
# d="maximum"
# s=101
16
0 3737 2626 2525 2626 2121 2222 1919 3636 3232 3131 2020 2929 3737 1616 1616 
3737 0 3535 3333 2222 3434 1515 3838 1414 1212 3131 3131 3737 505 3333 3333 
2626 3535 0 2525 1515 2626 2020 2626 3232 2626 2121 2323 3636 3333 1010 2525 
2525 3333 2525 0 1414 1313 2121 2323 3535 3131 1212 2727 2828 3636 1515 1515 
2626 2222 1515 1414 0 1515 1616 2424 2121 1717 1010 2828 3333 2222 1212 2020 
2121 3434 2626 1313 1515 0 2222 2222 3636 3232 1919 1414 2626 3737 1717 1313 
2222 1515 2020 2121 1616 2222 0 2323 1414 1010 2121 1919 3333 1515 1818 2121 
1919 3838 2626 2323 2424 2222 2323 0 3535 2929 2929 2222 1818 3636 2121 1717 
3636 1414 3232 3535 2121 3636 1414 3535 0 808 3131 3333 2323 1515 3030 3535 
3232 1212 2626 3131 1717 3232 1010 2929 808 0 2727 2929 2525 1313 2424 3131 
3131 3131 2121 1212 1010 1919 2121 2929 3131 2727 0 3333 2525 3232 1717 1818 
2020 3131 2323 2727 2828 1414 1919 2222 3333 2929 3333 0 3232 3434 1616 1919 
2929 3737 3636 2828 3333 2626 3333 1818 2323 2525 2525 3232 0 3838 3131 1313 
3737 505 3333 3636 2222 3737 1515 3636 1515 1313 3232 3434 3838 0 3131 3636 
1616 3333 1010 1515 1212 1717 1818 2121 3030 2424 1717 1616 3131 3131 0 1818 
1616 3333 2525 1515 2020 1313 2121 1717 3535 3131 1818 1919 1313 3636 1818 0 
