# rmTSP_19_8_40_manhattan_101_100.mat
# n=19
# k=8
# a=40
# d="manhattan"
# s=101
19
0 9797 11918 8080 12524 11716 12221 8383 10908 10908 11716 12625 14140 15554 11211 12928 8181 12019 8686 
9797 0 15251 4747 10605 10605 14140 9090 13029 11413 12625 15554 11817 15857 9696 12423 4848 11716 3333 
11918 15251 0 14948 10100 8888 5757 10403 10908 10100 5656 7373 10908 6666 10403 8484 12019 8787 14746 
8080 4747 14948 0 11514 11716 13433 13029 13938 11514 11312 16665 15150 18180 11009 13534 7979 10605 4242 
12524 10605 10100 11514 0 10706 11211 9191 15756 8484 8686 9393 6666 10100 8585 12120 9999 15049 10908 
11716 10605 8888 11716 10706 0 6767 10201 10706 6666 8080 8383 11312 7474 4949 14140 8989 10807 8282 
12221 14140 5757 13433 11211 6767 0 14140 13635 8383 9595 7070 15453 9595 10302 10403 10908 10302 13635 
8383 9090 10403 13029 9191 10201 14140 0 8181 10807 10807 10302 5959 8585 8282 10807 6666 12726 9393 
10908 13029 10908 13938 15756 10706 13635 8181 0 12928 11110 9393 11110 7070 9999 17170 11211 7777 11918 
10908 11413 10100 11514 8484 6666 8383 10807 12928 0 6262 10201 12322 11110 10201 11110 9999 9999 10908 
11716 12625 5656 11312 8686 8080 9595 10807 11110 6262 0 9999 9292 8282 8787 9696 12827 7979 12120 
12625 15554 7373 16665 9393 8383 7070 10302 9393 10201 9999 0 10201 6363 9494 14645 12322 11110 15049 
14140 11817 10908 15150 6666 11312 15453 5959 11110 12322 9292 10201 0 6868 8181 12120 12423 15049 11918 
15554 15857 6666 18180 10100 7474 9595 8585 7070 11110 8282 6363 6868 0 7777 12726 12827 9797 14948 
11211 9696 10403 11009 8585 4949 10302 8282 9999 10201 8787 9494 8181 7777 0 15251 9494 12928 7777 
12928 12423 8484 13534 12120 14140 10403 10807 17170 11110 9696 14645 12120 12726 15251 0 11817 14039 13332 
8181 4848 12019 7979 9999 8989 10908 6666 11211 9999 12827 12322 12423 12827 9494 11817 0 11514 5151 
12019 11716 8787 10605 15049 10807 10302 12726 7777 9999 7979 11110 15049 9797 12928 14039 11514 0 13029 
8686 3333 14746 4242 10908 8282 13635 9393 11918 10908 12120 15049 11918 14948 7777 13332 5151 13029 0 
