# rmTSP_10_3_20_maximum_101_100.mat
# n=10
# k=3
# a=20
# d="maximum"
# s=101
10
0 202 1212 1313 1313 303 1212 1616 1919 606 
202 0 1010 1111 1111 202 1010 1414 1717 707 
1212 1010 0 1515 707 1212 1010 1111 1717 808 
1313 1111 1515 0 1717 1010 1717 707 1717 1414 
1313 1111 707 1717 0 1010 303 1111 1010 909 
303 202 1212 1010 1010 0 909 1313 1616 909 
1212 1010 1010 1717 303 909 0 1111 707 808 
1616 1414 1111 707 1111 1313 1111 0 1111 1212 
1919 1717 1717 1717 1010 1616 707 1111 0 1515 
606 707 808 1414 909 909 808 1212 1515 0 
