# rmTSP_12_6_10_euklid_101_100.mat
# n=12
# k=6
# a=10
# d="euklid"
# s=101
12
0 662 1040 505 662 903 1446 474 1005 685 562 1083 
662 0 1120 1020 1088 789 1152 484 1143 440 728 1020 
1040 1120 0 1102 1015 1010 1156 947 1233 915 1025 802 
505 1020 1102 0 319 1035 1428 886 979 942 869 1000 
662 1088 1015 319 0 1045 1293 942 857 920 857 937 
903 789 1010 1035 1045 0 984 821 1535 833 814 1111 
1446 1152 1156 1428 1293 984 0 1374 1457 953 1301 808 
474 484 947 886 942 821 1374 0 1064 639 631 1138 
1005 1143 1233 979 857 1535 1457 1064 0 984 1195 1020 
685 440 915 942 920 833 953 639 984 0 562 789 
562 728 1025 869 857 814 1301 631 1195 562 0 1186 
1083 1020 802 1000 937 1111 808 1138 1020 789 1186 0 
