# rmTSP_10_3_20_euklid_1_100.mat
# n=10
# k=3
# a=20
# d="euklid"
# s=1
10
0 12 9 8 13 11 5 15 12 10 
12 0 9 7 9 12 9 7 10 15 
9 9 0 3 14 16 4 11 8 17 
8 7 3 0 12 13 3 11 7 15 
13 9 14 12 0 6 13 15 12 14 
11 12 16 13 6 0 13 18 14 11 
5 9 4 3 13 13 0 13 8 14 
15 7 11 11 15 18 13 0 16 15 
12 10 8 7 12 14 8 16 0 20 
10 15 17 15 14 11 14 15 20 0 
