# rmTSP_18_4_40_euklid_101_100.mat
# n=18
# k=4
# a=40
# d="euklid"
# s=101
18
0 4207 3189 2760 3633 2697 2839 2936 1078 2070 3892 2734 1392 2220 2699 1865 2386 3093 
4207 0 1286 3359 3265 3616 3682 1906 4618 4008 3223 1868 3674 5515 5998 3043 4667 1446 
3189 1286 0 2610 3370 2920 2647 1464 3740 3327 3455 1377 2994 4835 5332 2511 4094 692 
2760 3359 2610 0 3330 1414 1374 3437 2612 1711 4487 2575 2697 3880 4071 2614 3980 2873 
3633 3265 3370 3330 0 3818 4113 3391 3539 3152 3144 2187 2892 3931 4132 1860 2653 3060 
2697 3616 2920 1414 3818 0 2405 3291 2379 1282 3987 3126 2283 3398 3690 2810 4350 3318 
2839 3682 2647 1374 4113 2405 0 3663 3080 2729 5276 2794 3347 4532 4757 3160 4215 2842 
2936 1906 1464 3437 3391 3291 3663 0 3552 3430 2369 1755 2484 4302 4920 2231 3721 1425 
1078 4618 3740 2612 3539 2379 3080 3552 0 1392 3993 3211 1309 1474 1812 2062 2591 3722 
2070 4008 3327 1711 3152 1282 2729 3430 1392 0 3737 2984 1545 2301 2519 2121 3347 3484 
3892 3223 3455 4487 3144 3987 5276 2369 3993 3737 0 3136 2701 3961 4532 2699 3960 3394 
2734 1868 1377 2575 2187 3126 2794 1755 3211 2984 3136 0 2480 4177 4607 1491 2894 931 
1392 3674 2994 2697 2892 2283 3347 2484 1309 1545 2701 2480 0 1876 2453 1282 2503 2965 
2220 5515 4835 3880 3931 3398 4532 4302 1474 2301 3961 4177 1876 0 735 2751 2823 4768 
2699 5998 5332 4071 4132 3690 4757 4920 1812 2519 4532 4607 2453 735 0 3183 3063 5262 
1865 3043 2511 2614 1860 2810 3160 2231 2062 2121 2699 1491 1282 2751 3183 0 1876 2247 
2386 4667 4094 3980 2653 4350 4215 3721 2591 3347 3960 2894 2503 2823 3063 1876 0 3644 
3093 1446 692 2873 3060 3318 2842 1425 3722 3484 3394 931 2965 4768 5262 2247 3644 0 
