# rmTSP_11_8_10_manhattan_101_100.mat
# n=11
# k=8
# a=10
# d="manhattan"
# s=101
11
0 2222 2222 1313 3131 3636 2020 3030 1313 808 1717 
2222 0 3838 1919 3131 3030 2828 2222 1717 1818 1313 
2222 3838 0 2727 3333 3434 2828 4848 2727 2626 2525 
1313 1919 2727 0 3636 3737 1717 2525 1414 909 1818 
3131 3131 3333 3636 0 1111 3737 2525 2222 2929 3232 
3636 3030 3434 3737 1111 0 3636 3030 2727 3030 3131 
2020 2828 2828 1717 3737 3636 0 3434 2929 1414 2727 
3030 2222 4848 2525 2525 3030 3434 0 2727 2828 3333 
1313 1717 2727 1414 2222 2727 2929 2727 0 1515 1616 
808 1818 2626 909 2929 3030 1414 2828 1515 0 1919 
1717 1313 2525 1818 3232 3131 2727 3333 1616 1919 0 
