# rmTSP_18_6_20_manhattan_101_100.mat
# n=18
# k=6
# a=20
# d="manhattan"
# s=101
18
0 4141 1111 3838 2020 3535 3636 3434 4040 2121 4343 2626 2929 1212 3737 3535 5050 3030 
4141 0 3636 4343 4141 2626 4949 2525 4141 4444 4040 3939 3636 5151 5252 3636 3535 3737 
1111 3636 0 3131 2727 3636 3535 3737 3333 2626 3434 2525 3030 1717 3030 4242 4343 3333 
3838 4343 3131 0 4848 5353 4444 5656 4040 4949 2525 4646 3939 3232 1111 6565 3838 5656 
2020 4141 2727 4848 0 3131 3636 3636 4848 2929 4343 2222 3737 2222 5353 3939 4242 2222 
3535 2626 3636 5353 3131 0 5757 3737 5353 5252 5252 2929 5252 4747 5858 3030 3939 2727 
3636 4949 3535 4444 3636 5757 0 3030 3232 3535 2323 2828 2929 3434 4343 3939 3838 3232 
3434 2525 3737 5656 3636 3737 3030 0 4040 3737 3737 3636 2727 4242 6161 3131 3232 2626 
4040 4141 3333 4040 4848 5353 3232 4040 0 3131 4343 3636 3737 4848 3939 3939 5454 4848 
2121 4444 2626 4949 2929 5252 3535 3737 3131 0 5454 3131 3838 2323 4646 2828 6363 4747 
4343 4040 3434 2525 4343 5252 2323 3737 4343 5454 0 3939 2424 3737 3636 6262 2727 3333 
2626 3939 2525 4646 2222 2929 2828 3636 3636 3131 3939 0 4141 3232 4545 2323 4242 2020 
2929 3636 3030 3939 3737 5252 2929 2727 3737 3838 2424 4141 0 3939 5050 5454 4343 2929 
1212 5151 1717 3232 2222 4747 3434 4242 4848 2323 3737 3232 3939 0 3131 4545 4646 4040 
3737 5252 3030 1111 5353 5858 4343 6161 3939 4646 3636 4545 5050 3131 0 6464 4343 6161 
3535 3636 4242 6565 3939 3030 3939 3131 3939 2828 6262 2323 5454 4545 6464 0 5757 3737 
5050 3535 4343 3838 4242 3939 3838 3232 5454 6363 2727 4242 4343 4646 4343 5757 0 3232 
3030 3737 3333 5656 2222 2727 3232 2626 4848 4747 3333 2020 2929 4040 6161 3737 3232 0 
