# rmTSP_12_2_20_euklid_101_100.mat
# n=12
# k=2
# a=20
# d="euklid"
# s=101
12
0 1129 1581 202 319 505 364 226 1015 1015 1054 1216 
1129 0 589 1328 1446 1152 915 1088 143 1457 1143 1428 
1581 589 0 1764 1898 1428 1278 1597 728 1545 1152 1407 
202 1328 1764 0 143 544 505 364 1216 1015 1129 1249 
319 1446 1898 143 0 678 647 416 1328 1129 1266 1374 
505 1152 1428 544 678 0 286 714 1088 515 589 714 
364 915 1278 505 647 286 0 515 833 769 714 915 
226 1088 1597 364 416 714 515 0 958 1229 1229 1414 
1015 143 728 1216 1328 1088 833 958 0 1435 1152 1435 
1015 1457 1545 1015 1129 515 769 1229 1435 0 404 286 
1054 1143 1152 1129 1266 589 714 1229 1152 404 0 286 
1216 1428 1407 1249 1374 714 915 1414 1435 286 286 0 
