# rmTSP_10_8_80_euklid_1_100.mat
# n=10
# k=8
# a=80
# d="euklid"
# s=1
10
0 104 102 76 102 80 88 100 117 89 
104 0 81 85 46 86 93 91 82 81 
102 81 0 85 62 79 100 99 122 72 
76 85 85 0 75 51 82 75 84 71 
102 46 62 75 0 83 78 84 102 44 
80 86 79 51 83 0 84 53 104 76 
88 93 100 82 78 84 0 66 114 69 
100 91 99 75 84 53 66 0 100 80 
117 82 122 84 102 104 114 100 0 127 
89 81 72 71 44 76 69 80 127 0 
