# rmTSP_15_2_20_euklid_1_100.mat
# n=15
# k=2
# a=20
# d="euklid"
# s=1
15
0 12 12 13 9 3 10 12 13 13 10 8 7 6 11 
12 0 1 12 17 15 15 18 2 3 13 7 5 6 4 
12 1 0 11 18 15 16 19 3 4 14 7 6 6 3 
13 12 11 0 21 15 22 24 14 15 21 6 13 9 8 
9 17 18 21 0 7 4 4 17 17 7 16 12 14 18 
3 15 15 15 7 0 10 11 16 16 11 11 10 9 14 
10 15 16 22 4 10 0 3 15 15 3 16 11 14 17 
12 18 19 24 4 11 3 0 18 18 6 19 14 16 20 
13 2 3 14 17 16 15 18 0 1 12 9 6 8 6 
13 3 4 15 17 16 15 18 1 0 12 10 6 9 7 
10 13 14 21 7 11 3 6 12 12 0 15 9 12 15 
8 7 7 6 16 11 16 19 9 10 15 0 7 3 4 
7 5 6 13 12 10 11 14 6 6 9 7 0 4 7 
6 6 6 9 14 9 14 16 8 9 12 3 4 0 5 
11 4 3 8 18 14 17 20 6 7 15 4 7 5 0 
