# rmTSP_18_3_80_manhattan_1_100.mat
# n=18
# k=3
# a=80
# d="manhattan"
# s=1
18
0 135 41 120 51 118 65 73 87 74 104 45 109 63 103 69 34 111 
135 0 94 35 84 57 104 102 70 117 91 144 56 80 58 66 111 106 
41 94 0 107 44 105 82 36 46 61 91 60 68 50 90 66 19 114 
120 35 107 0 77 30 77 117 85 90 64 117 71 57 31 75 126 93 
51 84 44 77 0 75 106 50 36 57 61 84 94 48 60 100 49 138 
118 57 105 30 75 0 73 115 87 60 34 87 77 55 29 83 124 73 
65 104 82 77 106 73 0 118 128 91 97 62 78 58 82 38 99 66 
73 102 36 117 50 115 118 0 32 71 101 96 54 60 100 102 41 150 
87 70 46 85 36 87 128 32 0 79 77 106 72 70 68 112 55 160 
74 117 61 90 57 60 91 71 79 0 30 29 101 39 59 107 80 81 
104 91 91 64 61 34 97 101 77 30 0 59 107 45 33 113 110 83 
45 144 60 117 84 87 62 96 106 29 59 0 118 64 86 78 77 66 
109 56 68 71 94 77 78 54 72 101 107 118 0 62 92 48 77 96 
63 80 50 57 48 55 58 60 70 39 45 64 62 0 40 68 69 90 
103 58 90 31 60 29 82 100 68 59 33 86 92 40 0 98 109 102 
69 66 66 75 100 83 38 102 112 107 113 78 48 68 98 0 83 60 
34 111 19 126 49 124 99 41 55 80 110 77 77 69 109 83 0 131 
111 106 114 93 138 73 66 150 160 81 83 66 96 90 102 60 131 0 
