# rmTSP_13_4_20_maximum_101_100.mat
# n=13
# k=4
# a=20
# d="maximum"
# s=101
13
0 909 1111 909 1515 1515 1515 707 1515 808 909 707 707 
909 0 606 1212 1010 606 1010 1212 1313 707 1010 909 909 
1111 606 0 1414 1616 606 1616 1414 1616 909 1212 1111 808 
909 1212 1414 0 707 1818 1616 1212 1919 1212 606 909 1313 
1515 1010 1616 707 0 1414 1111 1818 1616 1616 1313 808 1919 
1515 606 606 1818 1414 0 1414 1818 1111 1313 1616 1515 909 
1515 1010 1616 1616 1111 1414 0 1818 1616 1616 1515 1313 1919 
707 1212 1414 1212 1818 1818 1818 0 808 505 1212 1010 909 
1515 1313 1616 1919 1616 1111 1616 808 0 707 1616 1717 808 
808 707 909 1212 1616 1313 1616 505 707 0 1010 1010 404 
909 1010 1212 606 1313 1616 1515 1212 1616 1010 0 1515 1313 
707 909 1111 909 808 1515 1313 1010 1717 1010 1515 0 1111 
707 909 808 1313 1919 909 1919 909 808 404 1313 1111 0 
