# rmTSP_11_3_40_manhattan_101_100.mat
# n=11
# k=3
# a=40
# d="manhattan"
# s=101
11
0 5050 3838 5151 2626 2525 5353 2929 2424 1919 1414 
5050 0 3434 1515 4848 2727 4949 3535 5252 4747 5656 
3838 3434 0 4747 3434 1313 1515 1919 3030 4545 4242 
5151 1515 4747 0 4747 3434 6262 5050 6767 3434 5555 
2626 4848 3434 4747 0 2323 4343 3535 5050 3131 1212 
2525 2727 1313 3434 2323 0 2828 2626 4141 3232 3131 
5353 4949 1515 6262 4343 2828 0 3434 3737 6060 5151 
2929 3535 1919 5050 3535 2626 3434 0 1717 2626 3535 
2424 5252 3030 6767 5050 4141 3737 1717 0 3535 3838 
1919 4747 4545 3434 3131 3232 6060 2626 3535 0 2323 
1414 5656 4242 5555 1212 3131 5151 3535 3838 2323 0 
