# rmTSP_20_4_40_manhattan_101_100.mat
# n=20
# k=4
# a=40
# d="manhattan"
# s=101
20
0 3131 3232 5151 2424 7676 8484 3434 6363 1818 8181 5050 6464 6565 5353 2424 2626 4040 5757 5050 
3131 0 4949 6262 4949 5959 6161 5959 3838 4343 5252 4747 7373 4848 5252 5555 3939 6363 6060 4141 
3232 4949 0 4141 4444 7070 7878 6666 5757 3232 7575 3030 4444 5555 4747 3636 2626 5858 3939 8282 
5151 6262 4141 0 4747 3939 3737 3535 5858 4141 5454 5959 5353 5454 1818 5555 4949 3939 2626 6363 
2424 4949 4444 4747 0 7878 8484 3030 7575 2020 9393 7474 7676 7777 5757 1616 4040 2020 5555 5656 
7676 5959 7070 3939 7878 0 3838 7070 3939 7878 2525 5858 6666 5757 2323 9090 7070 7878 4747 4646 
8484 6161 7878 3737 8484 3838 0 6060 5757 7878 3939 7474 5050 2525 3535 9292 7878 6666 5757 5454 
3434 5959 6666 3535 3030 7070 6060 0 8383 3434 8585 8484 7070 7171 4949 3434 5050 2020 6161 4848 
6363 3838 5757 5858 7575 3939 5757 8383 0 7575 4242 2929 6363 5454 4444 8787 6767 8787 4444 7171 
1818 4343 3232 4141 2020 7878 7878 3434 7575 0 9393 6060 5656 5757 5757 1414 2626 2828 5959 6666 
8181 5252 7575 5454 9393 2525 3939 8585 4242 9393 0 5959 8383 5656 3636 10605 8585 9393 4646 3737 
5050 4747 3030 5959 7474 5858 7474 8484 2929 6060 5959 0 3434 5353 4545 6666 3838 8888 4545 8888 
6464 7373 4444 5353 7676 6666 5050 7070 6363 5656 8383 3434 0 3535 5555 6464 3838 7272 7373 10504 
6565 4848 5555 5454 7777 5757 2525 7171 5454 5757 5656 5353 3535 0 5252 6969 5555 7373 7676 6969 
5353 5252 4747 1818 5757 2323 3535 4949 4444 5757 3636 4545 5555 5252 0 6969 4949 5757 2626 4949 
2424 5555 3636 5555 1616 9090 9292 3434 8787 1414 10605 6666 6464 6969 6969 0 3232 3232 6767 6868 
2626 3939 2626 4949 4040 7070 7878 5050 6767 2626 8585 3838 3838 5555 4949 3232 0 5454 6565 7070 
4040 6363 5858 3939 2020 7878 6666 2020 8787 2828 9393 8888 7272 7373 5757 3232 5454 0 5555 6262 
5757 6060 3939 2626 5555 4747 5757 6161 4444 5959 4646 4545 7373 7676 2626 6767 6565 5555 0 6969 
5050 4141 8282 6363 5656 4646 5454 4848 7171 6666 3737 8888 10504 6969 4949 6868 7070 6262 6969 0 
