# rmTSP_13_2_20_euklid_101_100.mat
# n=13
# k=2
# a=20
# d="euklid"
# s=101
13
0 1040 814 931 647 1092 303 863 101 515 1010 404 226 
1040 0 863 1843 995 2072 931 1898 1129 1538 429 1407 931 
814 863 0 1178 1278 1857 515 1435 833 1092 505 953 915 
931 1843 1178 0 1538 1152 915 515 833 505 1632 544 1152 
647 995 1278 1538 0 1220 869 1317 728 1054 1216 995 429 
1092 2072 1857 1152 1220 0 1355 639 1040 814 2102 931 1143 
303 931 515 915 869 1355 0 1010 319 647 789 505 452 
863 1898 1435 515 1317 639 1010 0 769 364 1798 505 1030 
101 1129 833 833 728 1040 319 769 0 416 1074 303 319 
515 1538 1092 505 1054 814 647 364 416 0 1435 143 707 
1010 429 505 1632 1216 2102 789 1798 1074 1435 0 1293 995 
404 1407 953 544 995 931 505 505 303 143 1293 0 614 
226 931 915 1152 429 1143 452 1030 319 707 995 614 0 
