# rmTSP_10_4_80_manhattan_1_100.mat
# n=10
# k=4
# a=80
# d="manhattan"
# s=1
10
0 107 121 71 173 156 67 140 178 83 
107 0 120 98 78 107 82 113 189 90 
121 120 0 60 124 89 180 137 167 118 
71 98 60 0 122 139 130 123 185 62 
173 78 124 122 0 111 116 83 193 122 
156 107 89 139 111 0 127 56 88 139 
67 82 180 130 116 127 0 73 143 94 
140 113 137 123 83 56 73 0 110 123 
178 189 167 185 193 88 143 110 0 137 
83 90 118 62 122 139 94 123 137 0 
