# rmTSP_14_4_40_maximum_1_100.mat
# n=14
# k=4
# a=40
# d="maximum"
# s=1
14
0 36 26 36 26 19 35 32 32 35 29 8 26 29 
36 0 21 28 10 35 16 12 10 15 14 33 17 30 
26 21 0 24 17 30 23 29 16 32 13 29 8 26 
36 28 24 0 18 35 15 24 22 21 16 33 20 11 
26 10 17 18 0 25 14 12 6 17 10 23 15 20 
19 35 30 35 25 0 34 31 31 34 28 13 22 28 
35 16 23 15 14 34 0 9 12 31 16 32 15 21 
32 12 29 24 12 31 9 0 18 27 22 29 21 26 
32 10 16 22 6 31 12 18 0 19 6 29 13 24 
35 15 32 21 17 34 31 27 19 0 22 32 32 25 
29 14 13 16 10 28 16 22 6 22 0 26 11 18 
8 33 29 33 23 13 32 29 29 32 26 0 24 26 
26 17 8 20 15 22 15 21 13 32 11 24 0 22 
29 30 26 11 20 28 21 26 24 25 18 26 22 0 
