# rmTSP_12_2_40_maximum_101_100.mat
# n=12
# k=2
# a=40
# d="maximum"
# s=101
12
0 707 1919 1919 1717 1313 2222 3232 2626 1717 3434 1616 
707 0 2121 2222 1111 707 1616 2525 1919 1111 2727 909 
1919 2121 0 101 3232 2828 3737 3434 909 3232 1515 1212 
1919 2222 101 0 3333 2929 3838 3535 1010 3333 1515 1313 
1717 1111 3232 3333 0 404 1515 2727 2323 404 2929 2020 
1313 707 2828 2929 404 0 1313 2525 1919 606 2727 1616 
2222 1616 3737 3838 1515 1313 0 1212 2828 1919 2727 2525 
3232 2525 3434 3535 2727 2525 1212 0 2525 3131 2424 2222 
2626 1919 909 1010 2323 1919 2828 2525 0 2525 808 1010 
1717 1111 3232 3333 404 606 1919 3131 2525 0 3333 2020 
3434 2727 1515 1515 2929 2727 2727 2424 808 3333 0 1818 
1616 909 1212 1313 2020 1616 2525 2222 1010 2020 1818 0 
