# rmTSP_15_2_80_maximum_101_100.mat
# n=15
# k=2
# a=80
# d="maximum"
# s=101
15
0 5151 5353 2020 3838 5252 4242 1111 1313 4646 5151 5454 1313 3838 3333 
5151 0 5454 3131 1313 1616 1212 4747 3838 5252 3232 5353 6161 1313 3131 
5353 5454 0 5757 4141 5555 4545 4242 5151 707 6060 101 4040 4141 2323 
2020 3131 5757 0 2424 4545 4141 1616 707 5050 3131 5858 3030 3636 3737 
3838 1313 4141 2424 0 2121 1717 3434 2525 3939 2727 4040 4848 1212 1818 
5252 1616 5555 4545 2121 0 1010 4848 3939 5353 4848 5454 6262 1414 3232 
4242 1212 4545 4141 1717 1010 0 3838 3535 4343 4444 4444 5252 505 2222 
1111 4747 4242 1616 3434 4848 3838 0 909 3535 4747 4343 1414 3434 2222 
1313 3838 5151 707 2525 3939 3535 909 0 4444 3838 5252 2323 3030 3131 
4646 5252 707 5050 3939 5353 4343 3535 4444 0 5353 808 3333 3939 2121 
5151 3232 6060 3131 2727 4848 4444 4747 3838 5353 0 6161 6161 3939 4040 
5454 5353 101 5858 4040 5454 4444 4343 5252 808 6161 0 4141 4040 2222 
1313 6161 4040 3030 4848 6262 5252 1414 2323 3333 6161 4141 0 4848 3030 
3838 1313 4141 3636 1212 1414 505 3434 3030 3939 3939 4040 4848 0 1818 
3333 3131 2323 3737 1818 3232 2222 2222 3131 2121 4040 2222 3030 1818 0 
