# rmTSP_17_4_20_manhattan_1_100.mat
# n=17
# k=4
# a=20
# d="manhattan"
# s=1
17
0 15 27 29 24 11 25 33 18 34 34 7 37 33 23 26 28 
15 0 32 26 27 24 40 20 23 29 23 12 22 28 14 13 15 
27 32 0 38 27 36 20 28 23 47 27 24 36 46 34 29 31 
29 26 38 0 21 32 24 30 45 31 29 28 44 34 22 29 33 
24 27 27 21 0 27 15 33 24 20 18 23 39 23 25 32 36 
11 24 36 32 27 0 28 42 23 23 43 16 32 22 34 37 39 
25 40 20 24 15 28 0 46 23 33 27 28 52 36 38 45 49 
33 20 28 30 33 42 46 0 41 41 19 26 18 34 14 7 5 
18 23 23 45 24 23 23 41 0 28 24 17 33 31 35 36 38 
34 29 47 31 20 23 33 41 28 0 24 35 23 7 33 36 38 
34 23 27 29 18 43 27 19 24 24 0 27 25 23 15 18 22 
7 12 24 28 23 16 28 26 17 35 27 0 32 34 18 21 23 
37 22 36 44 39 32 52 18 33 23 25 32 0 16 28 17 15 
33 28 46 34 23 22 36 34 31 7 23 34 16 0 30 31 31 
23 14 34 22 25 34 38 14 35 33 15 18 28 30 0 11 15 
26 13 29 29 32 37 45 7 36 36 18 21 17 31 11 0 4 
28 15 31 33 36 39 49 5 38 38 22 23 15 31 15 4 0 
