# rmTSP_10_4_80_maximum_1_100.mat
# n=10
# k=4
# a=80
# d="maximum"
# s=1
10
0 26 60 61 55 59 44 67 32 43 
26 0 60 57 29 33 44 48 34 28 
60 60 0 71 65 41 32 62 65 32 
61 57 71 0 62 44 54 9 58 70 
55 29 65 62 0 26 49 53 52 33 
59 33 41 44 26 0 23 35 56 26 
44 44 32 54 49 23 0 45 49 16 
67 48 62 9 53 35 45 0 64 61 
32 34 65 58 52 56 49 64 0 47 
43 28 32 70 33 26 16 61 47 0 
