# rmTSP_14_4_10_manhattan_101_100.mat
# n=14
# k=4
# a=10
# d="manhattan"
# s=101
14
0 1313 2424 2121 1010 2121 1616 808 606 1818 2121 1717 1818 1313 
1313 0 1313 1212 2121 808 2121 1717 1515 909 1212 1212 1313 2222 
2424 1313 0 505 2020 707 2222 2020 1818 606 1111 1515 1616 1717 
2121 1212 505 0 1515 1010 1717 2121 1919 303 1616 2020 1313 2020 
1010 2121 2020 1515 0 2525 808 1414 1414 1818 2323 2525 1414 1313 
2121 808 707 1010 2525 0 2727 1717 1515 707 808 1010 1919 2020 
1616 2121 2222 1717 808 2727 0 1616 2222 2020 2525 2727 808 1515 
808 1717 2020 2121 1414 1717 1616 0 606 1818 1717 1515 1818 505 
606 1515 1818 1919 1414 1515 2222 606 0 1616 1515 1313 2424 1111 
1818 909 606 303 1818 707 2020 1818 1616 0 1313 1717 1616 1717 
2121 1212 1111 1616 2323 808 2525 1717 1515 1313 0 404 1717 1414 
1717 1212 1515 2020 2525 1010 2727 1515 1313 1717 404 0 1919 1616 
1818 1313 1616 1313 1414 1919 808 1818 2424 1616 1717 1919 0 1717 
1313 2222 1717 2020 1313 2020 1515 505 1111 1717 1414 1616 1717 0 
