# rmTSP_14_6_20_manhattan_101_100.mat
# n=14
# k=6
# a=20
# d="manhattan"
# s=101
14
0 3535 3131 2828 3838 3535 2828 4343 4343 4545 3838 5454 3434 3737 
3535 0 4444 4343 3333 3434 1515 5252 2828 5454 5555 5959 4141 2626 
3131 4444 0 1919 3535 4242 3535 3434 5454 4444 4949 3333 3131 4040 
2828 4343 1919 0 3434 4343 3838 2525 5151 3131 4444 2828 2626 2929 
3838 3333 3535 3434 0 4949 3838 3333 5353 3333 5858 5454 5050 2727 
3535 3434 4242 4343 4949 0 2929 3232 1818 6868 3939 5959 5151 4444 
2828 1515 3535 3838 3838 2929 0 5353 3535 5555 5858 5454 4242 3535 
4343 5252 3434 2525 3333 3232 5353 0 4242 4242 4545 5151 5151 3232 
4343 2828 5454 5151 5353 1818 3535 4242 0 7474 3737 7171 5757 4848 
4545 5454 4444 3131 3333 6868 5555 4242 7474 0 4747 3535 3535 2828 
3838 5555 4949 4444 5858 3939 5858 4545 3737 4747 0 5252 3636 4545 
5454 5959 3333 2828 5454 5959 5454 5151 7171 3535 5252 0 2626 4343 
3434 4141 3131 2626 5050 5151 4242 5151 5757 3535 3636 2626 0 2525 
3737 2626 4040 2929 2727 4444 3535 3232 4848 2828 4545 4343 2525 0 
