# rmTSP_18_4_80_maximum_1_100.mat
# n=18
# k=4
# a=80
# d="maximum"
# s=1
18
0 57 30 57 49 61 74 65 60 47 61 28 62 54 55 59 74 72 
57 0 51 53 57 52 66 23 51 56 39 38 23 41 53 12 38 35 
30 51 0 63 48 39 44 51 66 51 48 34 46 60 61 49 66 63 
57 53 63 0 55 50 33 47 49 54 60 33 58 39 31 51 54 34 
49 57 48 55 0 59 72 64 52 18 59 50 60 48 50 57 72 70 
61 52 39 50 59 0 41 59 48 60 40 45 45 36 37 42 59 40 
74 66 44 33 72 41 0 60 61 73 63 52 61 50 50 64 67 47 
65 23 51 47 64 59 60 0 58 64 48 43 46 48 47 17 15 19 
60 51 66 49 52 48 61 58 0 37 63 44 61 37 30 46 61 59 
47 56 51 54 18 60 73 64 37 0 60 48 61 49 53 58 73 71 
61 39 48 60 59 40 63 48 63 60 0 39 32 57 58 37 63 60 
28 38 34 33 50 45 52 43 44 48 39 0 40 34 27 37 52 50 
62 23 46 58 60 45 61 46 61 61 32 40 0 55 56 35 61 58 
54 41 60 39 48 36 50 48 37 49 57 34 55 0 37 31 48 29 
55 53 61 31 50 37 50 47 30 53 58 27 56 37 0 51 54 48 
59 12 49 51 57 42 64 17 46 58 37 37 35 31 51 0 26 23 
74 38 66 54 72 59 67 15 61 73 63 52 61 48 54 26 0 20 
72 35 63 34 70 40 47 19 59 71 60 50 58 29 48 23 20 0 
