# rmTSP_18_8_20_manhattan_1_100.mat
# n=18
# k=8
# a=20
# d="manhattan"
# s=1
18
0 29 61 51 54 66 51 54 51 58 35 51 61 84 61 52 53 31 
29 0 56 48 41 55 42 63 44 63 42 34 44 65 52 69 54 36 
61 56 0 58 39 45 58 75 48 69 48 34 64 49 48 37 46 66 
51 48 58 0 61 61 36 69 58 83 74 60 44 75 64 49 62 42 
54 41 39 61 0 26 37 40 45 40 49 41 75 48 53 60 59 55 
66 55 45 61 26 0 53 32 49 54 61 49 69 34 33 70 73 65 
51 42 58 36 37 53 0 73 66 55 60 52 42 65 70 65 54 36 
54 63 75 69 40 32 73 0 57 50 71 73 97 58 59 72 85 63 
51 44 48 58 45 49 66 57 0 77 56 52 82 73 50 55 60 76 
58 63 69 83 40 54 55 50 77 0 41 55 71 50 59 64 49 53 
35 42 48 74 49 61 60 71 56 41 0 52 50 59 44 61 38 48 
51 34 34 60 41 49 52 73 52 55 52 0 52 39 44 53 52 52 
61 44 64 44 75 69 42 97 82 71 50 52 0 61 44 73 46 44 
84 65 49 75 48 34 65 58 73 50 59 39 61 0 31 78 73 73 
61 52 48 64 53 33 70 59 50 59 44 44 44 31 0 67 58 70 
52 69 37 49 60 70 65 72 55 64 61 53 73 78 67 0 31 55 
53 54 46 62 59 73 54 85 60 49 38 52 46 73 58 31 0 46 
31 36 66 42 55 65 36 63 76 53 48 52 44 73 70 55 46 0 
