# rmTSP_18_4_20_manhattan_1_100.mat
# n=18
# k=4
# a=20
# d="manhattan"
# s=1
18
0 15 35 20 35 27 24 19 23 36 21 30 29 12 14 23 26 27 
15 0 36 21 30 18 21 24 12 37 34 29 22 27 27 18 13 20 
35 36 0 35 38 40 25 36 38 29 30 45 38 31 27 34 29 20 
20 21 35 0 33 25 36 37 31 22 39 28 35 26 34 35 32 39 
35 30 38 33 0 24 33 48 34 13 26 21 20 45 37 30 35 30 
27 18 40 25 24 0 27 26 12 35 46 19 18 39 39 20 15 28 
24 21 25 36 33 27 0 15 21 40 21 22 19 26 14 11 18 5 
19 24 36 37 48 26 15 0 20 55 28 31 30 23 19 22 21 18 
23 12 38 31 34 12 21 20 0 43 40 25 18 33 33 10 11 22 
36 37 29 22 13 35 40 55 43 0 29 28 27 40 40 37 46 37 
21 34 30 39 26 46 21 28 40 29 0 35 30 23 13 30 37 22 
30 29 45 28 21 19 22 31 25 28 35 0 11 40 32 15 34 25 
29 22 38 35 20 18 19 30 18 27 30 11 0 39 31 10 27 18 
12 27 31 26 45 39 26 23 33 40 23 40 39 0 12 31 30 29 
14 27 27 34 37 39 14 19 33 40 13 32 31 12 0 23 30 17 
23 18 34 35 30 20 11 22 10 37 30 15 10 31 23 0 21 14 
26 13 29 32 35 15 18 21 11 46 37 34 27 30 30 21 0 19 
27 20 20 39 30 28 5 18 22 37 22 25 18 29 17 14 19 0 
