# rmTSP_10_2_10_maximum_101_100.mat
# n=10
# k=2
# a=10
# d="maximum"
# s=101
10
0 505 202 808 606 202 606 303 808 505 
505 0 303 303 707 606 707 404 606 505 
202 303 0 606 404 404 404 101 606 303 
808 303 606 0 404 909 808 606 303 303 
606 707 404 404 0 808 404 303 404 202 
202 606 404 909 808 0 808 505 909 606 
606 707 404 808 404 808 0 303 808 505 
303 404 101 606 303 505 303 0 606 303 
808 606 606 303 404 909 808 606 0 303 
505 505 303 303 202 606 505 303 303 0 
