# rmTSP_10_3_20_manhattan_101_100.mat
# n=10
# k=3
# a=20
# d="manhattan"
# s=101
10
0 909 1111 1818 2323 2121 1717 2525 808 2222 
909 0 1818 1111 2626 2424 1414 1616 1717 2525 
1111 1818 0 2727 1616 2424 2424 3434 303 2727 
1818 1111 2727 0 2727 2525 1717 909 2626 2222 
2323 2626 1616 2727 0 1212 1414 3636 1515 4141 
2121 2424 2424 2525 1212 0 1414 3434 2525 2929 
1717 1414 2424 1717 1414 1414 0 2222 2323 3939 
2525 1616 3434 909 3636 3434 2222 0 3333 2525 
808 1717 303 2626 1515 2525 2323 3333 0 2626 
2222 2525 2727 2222 4141 2929 3939 2525 2626 0 
