# rmTSP_17_4_80_maximum_1_100.mat
# n=17
# k=4
# a=80
# d="maximum"
# s=1
17
0 19 37 14 49 21 28 17 25 48 38 45 48 50 38 31 28 
19 0 37 20 41 15 44 21 11 40 46 64 67 44 57 23 36 
37 37 0 48 35 32 38 38 48 51 54 59 59 40 55 28 53 
14 20 48 0 40 22 24 28 28 39 38 44 47 61 41 37 37 
49 41 35 40 0 56 51 62 49 52 78 71 74 51 64 29 77 
21 15 32 22 56 0 46 12 20 55 48 66 69 46 59 38 21 
28 44 38 24 51 46 0 41 50 53 57 27 23 51 41 39 56 
17 21 38 28 62 12 41 0 15 61 38 55 58 35 48 44 15 
25 11 48 28 49 20 50 15 0 47 52 70 73 50 63 30 29 
48 40 51 39 52 55 53 61 47 0 77 73 76 53 66 23 76 
38 46 54 38 78 48 57 38 52 77 0 63 63 44 59 60 27 
45 64 59 44 71 66 27 55 70 73 63 0 43 24 20 59 45 
48 67 59 47 74 69 23 58 73 76 63 43 0 67 47 62 48 
50 44 40 61 51 46 51 35 50 53 44 24 67 0 22 39 39 
38 57 55 41 64 59 41 48 63 66 59 20 47 22 0 52 38 
31 23 28 37 29 38 39 44 30 23 60 59 62 39 52 0 59 
28 36 53 37 77 21 56 15 29 76 27 45 48 39 38 59 0 
