# rmTSP_10_6_40_maximum_1_100.mat
# n=10
# k=6
# a=40
# d="maximum"
# s=1
10
0 24 10 15 24 33 15 35 35 24 
24 0 23 26 34 30 34 27 30 33 
10 23 0 17 26 26 15 28 28 22 
15 26 17 0 30 29 22 31 31 30 
24 34 26 30 0 28 27 21 16 25 
33 30 26 29 28 0 29 33 32 28 
15 34 15 22 27 29 0 31 36 24 
35 27 28 31 21 33 31 0 13 32 
35 30 28 31 16 32 36 13 0 34 
24 33 22 30 25 28 24 32 34 0 
