# rmTSP_16_6_40_euklid_1_100.mat
# n=16
# k=6
# a=40
# d="euklid"
# s=1
16
0 45 31 43 36 35 46 31 41 38 45 28 31 25 36 30 
45 0 33 36 30 23 26 38 39 41 50 33 26 40 29 44 
31 33 0 37 43 28 47 37 46 41 61 20 30 41 20 31 
43 36 37 0 32 38 33 25 31 51 42 43 28 51 44 36 
36 30 43 32 0 32 24 20 32 34 23 38 26 31 41 42 
35 23 28 38 32 0 31 36 39 46 50 17 19 35 25 47 
46 26 47 33 24 31 0 38 21 52 33 41 29 37 48 47 
31 38 37 25 20 36 38 0 39 32 32 39 24 40 37 36 
41 39 46 31 32 39 21 39 0 57 36 42 36 36 55 38 
38 41 41 51 34 46 52 32 57 0 49 44 43 39 36 41 
45 50 61 42 23 50 33 32 36 49 0 56 41 41 61 51 
28 33 20 43 38 17 41 39 42 44 56 0 29 31 26 41 
31 26 30 28 26 19 29 24 36 43 41 29 0 38 26 40 
25 40 41 51 31 35 37 40 36 39 41 31 38 0 45 39 
36 29 20 44 41 25 48 37 55 36 61 26 26 45 0 43 
30 44 31 36 42 47 47 36 38 41 51 41 40 39 43 0 
