# rmTSP_11_3_20_maximum_1_100.mat
# n=11
# k=3
# a=20
# d="maximum"
# s=1
11
0 10 14 10 12 10 15 10 9 13 12 
10 0 11 6 10 6 11 6 10 5 11 
14 11 0 16 15 6 5 16 12 15 13 
10 6 16 0 4 12 17 6 10 3 10 
12 10 15 4 0 12 16 10 12 6 9 
10 6 6 12 12 0 5 12 11 11 13 
15 11 5 17 16 5 0 17 13 16 15 
10 6 16 6 10 12 17 0 10 4 11 
9 10 12 10 12 11 13 10 0 13 12 
13 5 15 3 6 11 16 4 13 0 9 
12 11 13 10 9 13 15 11 12 9 0 
