# rmTSP_18_2_80_euklid_101_100.mat
# n=18
# k=2
# a=80
# d="euklid"
# s=101
18
0 5616 1501 7725 4051 3871 4878 3506 5739 4372 544 3146 6429 6869 5445 6006 7902 4887 
5616 0 5555 5856 4786 3960 5657 4262 2358 4043 5155 6208 1030 1266 319 3288 2305 3170 
1501 5555 0 6484 5244 4886 3452 2343 6272 5387 1767 1657 6499 6727 5462 6728 7714 5670 
7725 5856 6484 0 9640 8868 3308 4219 8161 9182 7645 5514 6640 5911 6107 9071 6161 8642 
4051 4786 5244 9640 0 833 7797 6041 3194 863 3571 6809 4965 5858 4473 2830 6786 1916 
3871 3960 4886 8868 833 0 7173 5407 2531 505 3347 6369 4185 5054 3649 2367 6001 1293 
4878 5657 3452 3308 7797 7173 0 1767 7449 7605 4958 2224 6673 6378 5761 8213 7092 7427 
3506 4262 2343 4219 6041 5407 1767 0 5800 5838 3452 2082 5292 5199 4301 6518 6063 5687 
5739 2358 6272 8161 3194 2531 7449 5800 0 2332 5199 7398 2012 3003 2072 931 3771 1278 
4372 4043 5387 9182 863 505 7605 5838 2332 0 3850 6859 4142 5059 3725 2005 5962 1054 
544 5155 1767 7645 3571 3347 4958 3452 5199 3850 0 3418 5938 6415 4970 5462 7452 4344 
3146 6208 1657 5514 6809 6369 2224 2082 7398 6859 3418 0 7223 7230 6196 7980 8126 6995 
6429 1030 6499 6640 4965 4185 6673 5292 2012 4142 5938 7223 0 995 1040 2892 1821 3138 
6869 1266 6727 5911 5858 5054 6378 5199 3003 5059 6415 7230 995 0 1501 3887 1040 4085 
5445 319 5462 6107 4473 3649 5761 4301 2072 3725 4970 6196 1040 1501 0 3000 2533 2851 
6006 3288 6728 9071 2830 2367 8213 6518 931 2005 5462 7980 2892 3887 3000 0 4581 1129 
7902 2305 7714 6161 6786 6001 7092 6063 3771 5962 7452 8126 1821 1040 2533 4581 0 4950 
4887 3170 5670 8642 1916 1293 7427 5687 1278 1054 4344 6995 3138 4085 2851 1129 4950 0 
