# rmTSP_11_2_40_maximum_101_100.mat
# n=11
# k=2
# a=40
# d="maximum"
# s=101
11
0 2727 1414 2727 101 1111 707 3535 2626 808 1414 
2727 0 2828 2727 2828 3131 2626 808 2727 3232 2626 
1414 2828 0 1313 1313 2121 707 3636 1212 2222 1616 
2727 2727 1313 0 2626 3434 2020 3535 101 3535 2929 
101 2828 1313 2626 0 1212 606 3636 2525 909 1515 
1111 3131 2121 3434 1212 0 1414 2525 3333 909 505 
707 2626 707 2020 606 1414 0 3434 1919 1515 1313 
3535 808 3636 3535 3636 2525 3434 0 3535 3333 2121 
2626 2727 1212 101 2525 3333 1919 3535 0 3434 2828 
808 3232 2222 3535 909 909 1515 3333 3434 0 1212 
1414 2626 1616 2929 1515 505 1313 2121 2828 1212 0 
