# rmTSP_13_4_80_euklid_101_100.mat
# n=13
# k=4
# a=80
# d="euklid"
# s=101
13
0 7447 2154 7074 7151 7308 6172 5597 4189 8408 8008 6392 5669 
7447 0 7806 1974 6638 2443 1890 6007 6739 5407 7197 9508 5320 
2154 7806 0 7770 8478 8310 6308 6215 4429 8634 8332 5877 7362 
7074 1974 7770 0 4721 1849 2733 4912 6424 4311 6233 8645 4068 
7151 6638 8478 4721 0 5325 6576 4278 7309 5378 6437 7445 3732 
7308 2443 8310 1849 5325 0 3494 5926 6888 5855 7240 10002 3421 
6172 1890 6308 2733 6576 3494 0 4813 6234 5779 7482 8128 5285 
5597 6007 6215 4912 4278 5926 4813 0 7283 6405 8062 5082 4986 
4189 6739 4429 6424 7309 6888 6234 7283 0 6234 4710 7502 6440 
8408 5407 8634 4311 5378 5855 5779 6405 6234 0 3265 7673 6940 
8008 7197 8332 6233 6437 7240 7482 8062 4710 3265 0 8272 7526 
6392 9508 5877 8645 7445 10002 8128 5082 7502 7673 8272 0 8942 
5669 5320 7362 4068 3732 3421 5285 4986 6440 6940 7526 8942 0 
