# rmTSP_11_8_20_euklid_1_100.mat
# n=11
# k=8
# a=20
# d="euklid"
# s=1
11
0 32 26 30 29 23 25 20 33 24 17 
32 0 18 28 22 24 28 32 22 24 19 
26 18 0 25 18 22 22 27 24 17 19 
30 28 25 0 19 14 33 27 20 17 26 
29 22 18 19 0 15 23 29 26 10 23 
23 24 22 14 15 0 25 20 19 12 17 
25 28 22 33 23 25 0 20 29 18 20 
20 32 27 27 29 20 20 0 24 20 20 
33 22 24 20 26 19 29 24 0 23 21 
24 24 17 17 10 12 18 20 23 0 20 
17 19 19 26 23 17 20 20 21 20 0 
