# rmTSP_13_3_40_euklid_101_100.mat
# n=13
# k=3
# a=40
# d="euklid"
# s=101
13
0 2503 1297 2612 1134 1351 4253 2781 2474 3710 1568 915 2267 
2503 0 2252 2243 3006 3234 2126 1491 3867 1225 953 2236 3888 
1297 2252 0 1407 1488 1059 3599 2033 2288 3341 1525 1945 1657 
2612 2243 1407 0 2833 2236 2684 1838 2720 2972 2085 3098 2358 
1134 3006 1488 2833 0 1374 4815 2725 3126 4091 2092 1571 2143 
1351 3234 1059 2236 1374 0 4573 3038 1881 4372 2403 2243 920 
4253 2126 3599 2684 4815 4573 0 2720 4563 1761 2917 4219 4924 
2781 1491 2033 1838 2725 3038 2720 0 4147 1887 1594 2766 3502 
2474 3867 2288 2720 3126 1881 4563 4147 0 4965 3277 3267 1873 
3710 1225 3341 2972 4091 4372 1761 1887 4965 0 2143 3370 4949 
1568 953 1525 2085 2092 2403 2917 1594 3277 2143 0 1381 3157 
915 2236 1945 3098 1571 2243 4219 2766 3267 3370 1381 0 3159 
2267 3888 1657 2358 2143 920 4924 3502 1873 4949 3157 3159 0 
