# rmTSP_17_4_80_manhattan_101_100.mat
# n=17
# k=4
# a=80
# d="manhattan"
# s=101
17
0 4949 11110 11918 12019 11009 11918 6969 6969 10706 12625 5353 8282 9393 7272 8989 9898 
4949 0 16059 14443 10908 11110 9595 8282 5656 14443 14544 5656 6363 5252 7979 5050 8787 
11110 16059 0 11514 16463 10605 19594 13635 16261 4848 8787 11817 17574 20503 8686 20099 10706 
11918 14443 11514 0 23937 16867 13736 7777 12221 10706 18483 17271 10504 19695 10100 15453 10100 
12019 10908 16463 23937 0 9696 11211 16564 13736 14241 9494 9494 13433 6666 17473 9292 16261 
11009 11110 10605 16867 9696 0 8989 11918 13938 10605 5050 11514 14039 9898 7777 12524 7171 
11918 9595 19594 13736 11211 8989 0 5959 9999 17574 12423 15251 8686 8181 10908 7373 10100 
6969 8282 13635 7777 16564 11918 5959 0 5858 11615 13534 11918 9595 12322 7575 8282 10605 
6969 5656 16261 12221 13736 13938 9999 5858 0 14241 15554 8686 9595 7474 11211 7272 14241 
10706 14443 4848 10706 14241 10605 17574 11615 14241 0 9393 11009 18988 18483 11312 18079 13938 
12625 14544 8787 18483 9494 5050 12423 13534 15554 9393 0 11312 19089 14544 8787 17574 12221 
5353 5656 11817 17271 9494 11514 15251 11918 8686 11009 11312 0 11211 9090 11009 10706 13635 
8282 6363 17574 10504 13433 14039 8686 9595 9595 18988 19089 11211 0 9191 10706 4949 6868 
9393 5252 20503 19695 6666 9898 8181 12322 7474 18483 14544 9090 9191 0 13231 5050 12019 
7272 7979 8686 10100 17473 7777 10908 7575 11211 11312 8787 11009 10706 13231 0 11413 4242 
8989 5050 20099 15453 9292 12524 7373 8282 7272 18079 17574 10706 4949 5050 11413 0 10605 
9898 8787 10706 10100 16261 7171 10100 10605 14241 13938 12221 13635 6868 12019 4242 10605 0 
