# rmTSP_12_6_40_maximum_101_100.mat
# n=12
# k=6
# a=40
# d="maximum"
# s=101
12
0 2121 1616 2323 2222 1919 1717 2525 3333 2424 2323 3333 
2121 0 2222 2424 3434 2828 3434 3030 3333 2424 2020 3333 
1616 2222 0 1212 2525 2929 2525 3232 3333 3232 2525 3636 
2323 2424 1212 0 2525 3131 2727 3434 3030 2525 2626 3030 
2222 3434 2525 2525 0 2929 2222 1919 3131 3535 1616 3131 
1919 2828 2929 3131 2929 0 2424 3232 2626 1818 3030 1919 
1717 3434 2525 2727 2222 2424 0 2525 2020 3535 2323 2323 
2525 3030 3232 3434 1919 3232 2525 0 3737 3131 2222 3737 
3333 3333 3333 3030 3131 2626 2020 3737 0 2424 1818 2323 
2424 2424 3232 2525 3535 1818 3535 3131 2424 0 2323 1313 
2323 2020 2525 2626 1616 3030 2323 2222 1818 2323 0 1515 
3333 3333 3636 3030 3131 1919 2323 3737 2323 1313 1515 0 
