# rmTSP_17_6_80_manhattan_1_100.mat
# n=17
# k=6
# a=80
# d="manhattan"
# s=1
17
0 211 128 175 145 130 134 151 129 133 113 167 194 127 130 158 79 
211 0 247 200 142 111 237 240 124 186 148 134 121 122 247 229 156 
128 247 0 201 229 136 130 157 175 141 197 147 158 199 120 126 145 
175 200 201 0 236 181 143 82 120 166 224 198 183 244 265 173 180 
145 142 229 236 0 141 225 194 120 242 80 196 157 114 205 183 130 
130 111 136 181 141 0 178 203 95 115 119 131 116 87 192 170 93 
134 237 130 143 225 178 0 157 159 237 191 275 238 215 240 196 109 
151 240 157 82 194 203 157 0 120 178 212 222 207 268 213 115 160 
129 124 175 120 120 95 159 120 0 170 122 154 109 160 233 145 78 
133 186 141 166 242 115 237 178 170 0 208 86 135 164 147 127 184 
113 148 197 224 80 119 191 212 122 208 0 198 197 64 155 245 82 
167 134 147 198 196 131 275 222 154 86 198 0 77 154 143 163 192 
194 121 158 183 157 116 238 207 109 135 197 77 0 153 186 124 169 
127 122 199 244 114 87 215 268 160 164 64 154 153 0 155 251 120 
130 247 120 265 205 192 240 213 233 147 155 143 186 155 0 154 181 
158 229 126 173 183 170 196 115 145 127 245 163 124 251 154 0 187 
79 156 145 180 130 93 109 160 78 184 82 192 169 120 181 187 0 
