# rmTSP_19_4_80_manhattan_1_100.mat
# n=19
# k=4
# a=80
# d="manhattan"
# s=1
19
0 107 56 64 121 98 115 102 136 73 26 117 54 91 116 91 76 156 121 
107 0 105 141 90 47 90 103 75 74 133 96 119 72 63 128 103 85 74 
56 105 0 90 129 150 167 86 116 55 56 169 96 123 168 79 30 190 153 
64 141 90 0 131 112 149 160 170 103 62 115 44 125 132 113 88 190 155 
121 90 129 131 0 91 94 181 105 92 131 50 149 46 111 64 127 61 32 
98 47 150 112 91 0 73 150 112 113 112 57 90 73 22 149 148 78 75 
115 90 167 149 94 73 0 107 61 130 141 80 127 60 63 136 165 69 70 
102 103 86 160 181 150 107 0 76 93 122 187 140 135 138 153 80 158 157 
136 75 116 170 105 112 61 76 0 107 162 111 148 59 102 109 112 82 81 
73 74 55 103 92 113 130 93 107 0 77 132 127 86 131 106 55 153 116 
26 133 56 62 131 112 141 122 162 77 0 131 52 117 130 95 86 182 147 
117 96 169 115 50 57 80 187 111 132 131 0 99 52 79 108 167 75 48 
54 119 96 44 149 90 127 140 148 127 52 99 0 103 110 113 122 168 133 
91 72 123 125 46 73 60 135 59 86 117 52 103 0 93 76 121 67 30 
116 63 168 132 111 22 63 138 102 131 130 79 110 93 0 169 166 60 95 
91 128 79 113 64 149 136 153 109 106 95 108 113 76 169 0 101 111 74 
76 103 30 88 127 148 165 80 112 55 86 167 122 121 166 101 0 188 151 
156 85 190 190 61 78 69 158 82 153 182 75 168 67 60 111 188 0 37 
121 74 153 155 32 75 70 157 81 116 147 48 133 30 95 74 151 37 0 
