# rmTSP_19_3_80_maximum_101_100.mat
# n=19
# k=3
# a=80
# d="maximum"
# s=101
19
0 6464 7575 6969 6161 6565 5959 4343 2626 4444 5656 6464 4848 4242 6464 2020 6868 7474 6969 
6464 0 2323 2222 3232 2525 5050 5252 6363 6262 2626 5656 1919 3131 2929 4747 2626 5353 1717 
7575 2323 0 808 4040 2222 4949 5757 7474 7373 2525 6767 2727 4242 4040 5858 707 4141 4040 
6969 2222 808 0 3434 3030 4141 5151 6868 6767 1717 6161 2121 3636 3434 5252 404 3333 3939 
6161 3232 4040 3434 0 2929 6767 2020 5656 3333 4343 4444 3636 4040 4444 6363 3333 5959 4949 
6565 2525 2222 3030 2929 0 7171 4646 6363 6262 4747 5656 4040 4444 3737 6767 2626 6363 4242 
5959 5050 4949 4141 6767 7171 0 5656 5858 5757 2424 6969 3131 2727 3636 4242 4545 5757 5656 
4343 5252 5757 5151 2020 4646 5656 0 3838 3131 3838 6464 3838 4242 6464 4545 5050 5656 6969 
2626 6363 7474 6868 5656 6363 5858 3838 0 3939 5555 5858 4747 3232 3838 1616 6767 7373 4646 
4444 6262 7373 6767 3333 6262 5757 3131 3939 0 5454 3333 4646 3131 3333 4646 6666 7272 4545 
5656 2626 2525 1717 4343 4747 2424 3838 5555 5454 0 4848 808 2323 3131 3939 2121 3434 3636 
6464 5656 6767 6161 4444 5656 6969 6464 5858 3333 4848 0 4040 4242 3333 6565 6060 6666 3939 
4848 1919 2727 2121 3636 4040 3131 3838 4747 4646 808 4040 0 1515 2626 3131 2020 3939 3131 
4242 3131 4242 3636 4040 4444 2727 4242 3232 3131 2323 4242 1515 0 2222 2323 3535 4343 2929 
6464 2929 4040 3434 4444 3737 3636 6464 3838 3333 3131 3333 2626 2222 0 4444 3838 6565 2020 
2020 4747 5858 5252 6363 6767 4242 4545 1616 4646 3939 6565 3131 2323 4444 0 5151 5757 5252 
6868 2626 707 404 3333 2626 4545 5050 6767 6666 2121 6060 2020 3535 3838 5151 0 3737 4343 
7474 5353 4141 3333 5959 6363 5757 5656 7373 7272 3434 6666 3939 4343 6565 5757 3737 0 7070 
6969 1717 4040 3939 4949 4242 5656 6969 4646 4545 3636 3939 3131 2929 2020 5252 4343 7070 0 
