# rmTSP_17_2_40_euklid_101_100.mat
# n=17
# k=2
# a=40
# d="euklid"
# s=101
17
0 2757 3357 3535 3263 863 4010 1088 2620 2525 2501 2747 1644 3146 2860 2123 3027 
2757 0 1407 903 863 3263 3045 1898 3120 4002 2308 2851 1116 2794 2651 953 1717 
3357 1407 0 958 2131 3536 1729 2279 2466 3613 1629 2082 2020 1798 1787 2243 647 
3535 903 958 0 1313 3922 2674 2557 3285 4344 2428 2936 1943 2720 2666 1854 1542 
3263 863 2131 1313 0 3897 3838 2587 3975 4811 3170 3714 1681 3650 3513 1152 2543 
863 3263 3536 3922 3897 0 3797 1374 2143 1744 2308 2384 2217 2858 2581 2808 3072 
4010 3045 1729 2674 3838 3797 0 3003 1843 3032 1515 1471 3252 958 1220 3705 1348 
1088 1898 2279 2557 2587 1374 3003 0 1930 2349 1542 1916 931 2217 1943 1597 1943 
2620 3120 2466 3285 3975 2143 1843 1930 0 1229 857 416 2657 909 735 3308 1821 
2525 4002 3613 4344 4811 1744 3032 2349 1229 0 1989 1644 3257 2131 1961 3934 2984 
2501 2308 1629 2428 3170 2308 1515 1542 857 1989 0 544 2030 678 416 2628 995 
2747 2851 2082 2936 3714 2384 1471 1916 416 1644 544 0 2525 515 319 3146 1435 
1644 1116 2020 1943 1681 2217 3252 931 2657 3257 2030 2525 0 2674 2443 678 1961 
3146 2794 1798 2720 3650 2858 958 2217 909 2131 678 515 2674 0 286 3238 1178 
2860 2651 1787 2666 3513 2581 1220 1943 735 1961 416 319 2443 286 0 3030 1143 
2123 953 2243 1854 1152 2808 3705 1597 3308 3934 2628 3146 678 3238 3030 0 2364 
3027 1717 647 1542 2543 3072 1348 1943 1821 2984 995 1435 1961 1178 1143 2364 0 
