# rmTSP_13_3_20_manhattan_1_100.mat
# n=13
# k=3
# a=20
# d="manhattan"
# s=1
13
0 6 18 18 12 27 28 11 8 13 14 20 16 
6 0 18 24 14 33 32 17 14 15 16 20 20 
18 18 0 28 6 37 22 29 26 13 4 12 14 
18 24 28 0 22 11 14 17 14 15 24 24 20 
12 14 6 22 0 31 18 23 20 15 2 8 12 
27 33 37 11 31 0 21 16 19 24 33 29 29 
28 32 22 14 18 21 0 31 28 27 18 14 14 
11 17 29 17 23 16 31 0 3 22 25 31 19 
8 14 26 14 20 19 28 3 0 19 22 28 16 
13 15 13 15 15 24 27 22 19 0 17 15 27 
14 16 4 24 2 33 18 25 22 17 0 10 10 
20 20 12 24 8 29 14 31 28 15 10 0 20 
16 20 14 20 12 29 14 19 16 27 10 20 0 
