# rmTSP_15_2_40_maximum_1_100.mat
# n=15
# k=2
# a=40
# d="maximum"
# s=1
15
0 26 21 19 31 19 31 15 24 14 3 26 23 32 17 
26 0 24 10 5 22 5 30 9 23 23 10 11 27 24 
21 24 0 17 29 19 29 6 22 20 20 14 21 11 21 
19 10 17 0 12 12 12 23 5 13 16 12 4 20 14 
31 5 29 12 0 17 6 35 7 18 28 15 8 32 19 
19 22 19 12 17 0 23 23 13 5 16 24 11 30 2 
31 5 29 12 6 23 0 35 10 24 28 15 12 32 25 
15 30 6 23 35 23 35 0 28 18 14 20 27 17 21 
24 9 22 5 7 13 10 28 0 14 21 11 2 25 15 
14 23 20 13 18 5 24 18 14 0 11 25 12 31 3 
3 23 20 16 28 16 28 14 21 11 0 25 20 31 14 
26 10 14 12 15 24 15 20 11 25 25 0 13 17 26 
23 11 21 4 8 11 12 27 2 12 20 13 0 24 13 
32 27 11 20 32 30 32 17 25 31 31 17 24 0 32 
17 24 21 14 19 2 25 21 15 3 14 26 13 32 0 
