# rmTSP_18_6_80_manhattan_1_100.mat
# n=18
# k=6
# a=80
# d="manhattan"
# s=1
18
0 229 165 154 178 131 74 84 181 175 113 216 150 216 153 189 58 159 
229 0 130 189 247 238 225 249 138 278 236 181 235 111 208 238 187 230 
165 130 0 175 129 248 113 167 174 224 130 235 157 135 116 150 155 160 
154 189 175 0 156 119 144 172 129 157 217 226 88 106 163 181 148 193 
178 247 129 156 0 179 146 126 243 171 89 246 160 168 173 55 220 95 
131 238 248 119 179 0 157 179 194 168 200 209 193 161 236 172 185 158 
74 225 113 144 146 157 0 90 151 179 101 168 136 194 101 177 74 147 
84 249 167 172 126 179 90 0 165 121 47 158 184 232 131 111 126 85 
181 138 174 129 243 194 151 165 0 186 212 137 169 137 132 258 141 216 
175 278 224 157 171 168 179 121 186 0 162 237 181 209 142 166 223 106 
113 236 130 217 89 200 101 47 212 162 0 163 209 217 144 92 161 66 
216 181 235 226 246 209 168 158 137 237 163 0 250 194 181 233 168 189 
150 235 157 88 160 193 136 184 169 181 209 250 0 124 95 195 112 223 
216 111 135 106 168 161 194 232 137 209 217 194 124 0 155 173 180 183 
153 208 116 163 173 236 101 131 132 142 144 181 95 155 0 198 113 174 
189 238 150 181 55 172 177 111 258 166 92 233 195 173 198 0 237 68 
58 187 155 148 220 185 74 126 141 223 161 168 112 180 113 237 0 207 
159 230 160 193 95 158 147 85 216 106 66 189 223 183 174 68 207 0 
