# rmTSP_16_8_10_manhattan_1_100.mat
# n=16
# k=8
# a=10
# d="manhattan"
# s=1
16
0 22 25 34 18 28 37 38 27 36 27 27 34 14 24 32 
22 0 19 24 26 20 29 34 31 22 27 11 26 18 28 30 
25 19 0 25 25 23 26 33 32 25 24 28 23 25 15 21 
34 24 25 0 28 32 19 30 27 32 25 33 30 30 28 26 
18 26 25 28 0 34 35 38 29 38 31 29 26 30 20 30 
28 20 23 32 34 0 29 18 19 26 19 23 32 24 26 32 
37 29 26 19 35 29 0 29 22 17 24 32 25 33 27 21 
38 34 33 30 38 18 29 0 25 22 33 37 38 30 38 34 
27 31 32 27 29 19 22 25 0 29 10 28 37 21 29 39 
36 22 25 32 38 26 17 22 29 0 35 23 30 26 34 24 
27 27 24 25 31 19 24 33 10 35 0 28 31 21 23 39 
27 11 28 33 29 23 32 37 28 23 28 0 27 25 35 37 
34 26 23 30 26 32 25 38 37 30 31 27 0 40 18 22 
14 18 25 30 30 24 33 30 21 26 21 25 40 0 34 42 
24 28 15 28 20 26 27 38 29 34 23 35 18 34 0 18 
32 30 21 26 30 32 21 34 39 24 39 37 22 42 18 0 
