# rmTSP_13_8_80_euklid_101_100.mat
# n=13
# k=8
# a=80
# d="euklid"
# s=101
13
0 9138 10717 8582 7481 11746 8203 8185 3974 9857 11026 7023 5556 
9138 0 6496 7505 10470 7839 9551 8408 10891 9669 8305 8138 7394 
10717 6496 0 9924 8577 10083 10418 11556 11390 12603 3736 7473 7254 
8582 7505 9924 0 9324 7338 9796 9084 10822 10127 10430 7232 9226 
7481 10470 8577 9324 0 13096 9811 10430 8185 11654 9135 5524 6695 
11746 7839 10083 7338 13096 0 11552 11013 13685 8829 10622 9703 11658 
8203 9551 10418 9796 9811 11552 0 13706 6357 13208 11873 6058 9128 
8185 8408 11556 9084 10430 11013 13706 0 11670 6499 11659 10134 7592 
3974 10891 11390 10822 8185 13685 6357 11670 0 12649 11999 7191 6835 
9857 9669 12603 10127 11654 8829 13208 6499 12649 0 13307 10285 10545 
11026 8305 3736 10430 9135 10622 11873 11659 11999 13307 0 8267 7215 
7023 8138 7473 7232 5524 9703 6058 10134 7191 10285 8267 0 5833 
5556 7394 7254 9226 6695 11658 9128 7592 6835 10545 7215 5833 0 
