# rmTSP_19_8_40_manhattan_1_100.mat
# n=19
# k=8
# a=40
# d="manhattan"
# s=1
19
0 62 115 101 63 123 83 61 112 118 95 108 42 104 137 139 82 102 93 
62 0 105 107 103 141 89 51 124 126 91 126 86 96 119 129 70 92 121 
115 105 0 76 138 98 78 122 97 125 82 147 77 93 84 104 73 95 126 
101 107 76 0 138 58 76 110 105 131 84 147 67 117 112 150 111 123 134 
63 103 138 138 0 150 124 80 101 115 118 49 91 113 132 122 107 89 68 
123 141 98 58 150 0 102 146 119 155 122 173 81 175 142 188 107 135 164 
83 89 78 76 124 102 0 106 97 93 58 147 73 99 118 134 87 101 124 
61 51 122 110 80 146 106 0 145 87 86 89 87 77 130 90 87 103 86 
112 124 97 105 101 119 97 145 0 156 125 118 100 152 129 131 134 140 77 
118 126 125 131 115 155 93 87 156 0 69 104 110 90 141 115 100 76 135 
95 91 82 84 118 122 58 86 125 69 0 127 89 79 100 106 85 95 132 
108 126 147 147 49 173 147 89 118 104 127 0 118 104 133 99 126 94 71 
42 86 77 67 91 81 73 87 100 110 89 118 0 106 119 151 80 88 117 
104 96 93 117 113 175 99 77 152 90 79 104 106 0 65 93 92 70 101 
137 119 84 112 132 142 118 130 129 141 100 133 119 65 0 98 89 71 112 
139 129 104 150 122 188 134 90 131 115 106 99 151 93 98 0 101 121 94 
82 70 73 111 107 107 87 87 134 100 85 126 80 92 89 101 0 56 133 
102 92 95 123 89 135 101 103 140 76 95 94 88 70 71 121 56 0 125 
93 121 126 134 68 164 124 86 77 135 132 71 117 101 112 94 133 125 0 
