# rmTSP_11_2_80_manhattan_101_100.mat
# n=11
# k=2
# a=80
# d="manhattan"
# s=101
11
0 6363 3737 2929 7171 1919 8888 3434 6363 6666 7777 
6363 0 2626 4040 3232 8282 7575 2929 5050 5353 3232 
3737 2626 0 1414 3434 5656 6363 303 3838 4141 4040 
2929 4040 1414 0 4848 4242 5959 1111 3434 3737 5454 
7171 3232 3434 4848 0 9090 4343 3737 2828 5757 606 
1919 8282 5656 4242 9090 0 8787 5353 6262 6565 9696 
8888 7575 6363 5959 4343 8787 0 6060 2525 3030 4343 
3434 2929 303 1111 3737 5353 6060 0 3535 3838 4343 
6363 5050 3838 3434 2828 6262 2525 3535 0 2929 3434 
6666 5353 4141 3737 5757 6565 3030 3838 2929 0 6363 
7777 3232 4040 5454 606 9696 4343 4343 3434 6363 0 
