# rmTSP_10_3_80_euklid_101_100.mat
# n=10
# k=3
# a=80
# d="euklid"
# s=101
10
0 6493 5057 2263 4081 4132 3401 5388 4113 6274 
6493 0 6367 8595 6157 3418 8477 4262 8060 5508 
5057 6367 0 6091 8337 4376 6682 4296 4219 5066 
2263 8595 6091 0 5595 6320 2294 6677 3661 7182 
4081 6157 8337 5595 0 5131 5945 7174 7751 8184 
4132 3418 4376 6320 5131 0 7050 4709 6481 6121 
3401 8477 6682 2294 5945 7050 0 5929 3216 6064 
5388 4262 4296 6677 7174 4709 5929 0 4611 1432 
4113 8060 4219 3661 7751 6481 3216 4611 0 4607 
6274 5508 5066 7182 8184 6121 6064 1432 4607 0 
