# rmTSP_11_8_80_manhattan_1_100.mat
# n=11
# k=8
# a=80
# d="manhattan"
# s=1
11
0 202 172 190 249 165 143 163 245 225 230 
202 0 176 178 225 231 213 139 289 187 228 
172 176 0 210 297 259 255 237 217 185 102 
190 178 210 0 241 189 135 153 133 241 202 
249 225 297 241 0 140 202 168 238 164 361 
165 231 259 189 140 0 98 172 174 202 337 
143 213 255 135 202 98 0 138 202 266 325 
163 139 237 153 168 172 138 0 238 192 293 
245 289 217 133 238 174 202 238 0 258 209 
225 187 185 241 164 202 266 192 258 0 225 
230 228 102 202 361 337 325 293 209 225 0 
