# rmTSP_17_8_20_manhattan_101_100.mat
# n=17
# k=8
# a=20
# d="manhattan"
# s=101
17
0 6464 4242 4949 5050 4444 5151 5555 5959 5757 3131 5050 4545 3737 5252 7373 2929 
6464 0 4848 6363 2626 8484 5757 6161 5555 4343 6969 5050 7171 4343 6262 6363 6161 
4242 4848 0 3939 4444 5454 5151 7171 4747 6161 5353 5858 6969 4343 6868 5353 4949 
4949 6363 3939 0 5757 4343 3232 4444 3838 5454 5252 5151 4242 3030 3131 5656 3838 
5050 2626 4444 5757 0 7676 5151 4949 5555 3131 5555 4242 7575 4343 5252 7575 5151 
4444 8484 5454 4343 7676 0 3939 4747 6767 7575 4747 5656 4949 5555 4646 6161 4747 
5151 5757 5151 3232 5151 3939 0 3838 4646 4646 5252 4545 3838 3434 4747 5252 4444 
5555 6161 7171 4444 4949 4747 3838 0 4646 5050 5454 5151 4848 5656 2525 8686 4646 
5959 5555 4747 3838 5555 6767 4646 4646 0 6868 6666 6767 4848 5252 5555 5454 5252 
5757 4343 6161 5454 3131 7575 4646 5050 6868 0 6464 3939 6262 4848 4949 7474 4848 
3131 6969 5353 5252 5555 4747 5252 5454 6666 6464 0 5555 5454 2626 4747 7070 3434 
5050 5050 5858 5151 4242 5656 4545 5151 6767 3939 5555 0 5757 5959 4646 8383 4747 
4545 7171 6969 4242 7575 4949 3838 4848 4848 6262 5454 5757 0 4040 4747 5050 4242 
3737 4343 4343 3030 4343 5555 3434 5656 5252 4848 2626 5959 4040 0 4343 4646 3434 
5252 6262 6868 3131 5252 4646 4747 2525 5555 4949 4747 4646 4747 4343 0 8787 3737 
7373 6363 5353 5656 7575 6161 5252 8686 5454 7474 7070 8383 5050 4646 8787 0 7676 
2929 6161 4949 3838 5151 4747 4444 4646 5252 4848 3434 4747 4242 3434 3737 7676 0 
