# rmTSP_10_8_20_maximum_101_100.mat
# n=10
# k=8
# a=20
# d="maximum"
# s=101
10
0 1414 505 909 1010 1818 1212 1717 1919 1111 
1414 0 1212 1212 1313 1414 1111 707 1515 707 
505 1212 0 909 1010 1717 1212 1717 1818 1111 
909 1212 909 0 1010 1111 808 1313 1616 1111 
1010 1313 1010 1010 0 1111 1515 1212 1717 1212 
1818 1414 1717 1111 1111 0 1818 1818 1818 1515 
1212 1111 1212 808 1515 1818 0 1616 1919 808 
1717 707 1717 1313 1212 1818 1616 0 909 909 
1919 1515 1818 1616 1717 1818 1919 909 0 1616 
1111 707 1111 1111 1212 1515 808 909 1616 0 
