# rmTSP_17_6_10_euklid_101_100.mat
# n=17
# k=6
# a=10
# d="euklid"
# s=101
17
0 763 1102 1225 1191 875 942 404 963 1059 571 721 958 802 875 525 915 
763 0 1195 1270 1125 958 1160 931 1097 875 1147 795 662 670 947 1000 1005 
1102 1195 0 1059 1195 474 969 1005 1278 1336 1344 1000 721 1152 1421 979 1129 
1225 1270 1059 0 1059 845 756 1321 869 1191 1321 1317 875 1160 1784 892 898 
1191 1125 1195 1059 0 937 1399 1064 1325 562 1074 769 1083 769 1392 1134 763 
875 958 474 845 937 0 756 875 892 1005 1045 808 580 782 1186 821 707 
942 1160 969 756 1399 756 0 1156 515 1297 1208 1340 802 1069 1421 685 1064 
404 931 1005 1321 1064 875 1156 0 1241 1059 571 525 1059 875 920 631 979 
963 1097 1278 869 1325 892 515 1241 0 1120 1102 1332 953 892 1317 880 875 
1059 875 1336 1191 562 1005 1297 1059 1120 0 1050 851 1000 391 1045 1092 869 
571 1147 1344 1321 1074 1045 1208 571 1102 1050 0 776 1325 898 1054 776 795 
721 795 1000 1317 769 808 1340 525 1332 851 776 0 974 728 958 958 789 
958 662 721 875 1083 580 802 1059 953 1000 1325 974 0 814 1249 898 990 
802 670 1152 1160 769 782 1069 875 892 391 898 728 814 0 756 937 749 
875 947 1421 1784 1392 1186 1421 920 1317 1045 1054 958 1249 756 0 1229 1297 
525 1000 979 892 1134 821 685 631 880 1092 776 958 898 937 1229 0 984 
915 1005 1129 898 763 707 1064 979 875 869 795 789 990 749 1297 984 0 
