# rmTSP_19_8_80_euklid_101_100.mat
# n=19
# k=8
# a=80
# d="euklid"
# s=101
19
0 7084 6872 6601 7215 7868 8348 7004 6009 8125 8121 6034 4106 8679 8589 6154 6778 5296 6402 
7084 0 9423 10001 7187 8215 10833 10630 9450 9150 7499 9299 7404 10933 13207 8615 8680 7135 9245 
6872 9423 0 7125 10207 8970 4535 8883 11396 13525 10237 11890 9225 11208 11243 10880 9482 7435 9148 
6601 10001 7125 0 7853 8525 8165 6977 9086 10718 8825 11028 9458 11434 8426 8800 8765 7233 6118 
7215 7187 10207 7853 0 11119 11682 8074 10091 6444 8979 10698 9787 13382 10577 8942 11682 6056 8087 
7868 8215 8970 8525 11119 0 10189 10556 8861 10902 8807 9345 7971 6864 12681 8834 7078 10427 10564 
8348 10833 4535 8165 11682 10189 0 10298 12296 15164 9695 13063 9494 11211 11504 11928 10077 9286 8781 
7004 10630 8883 6977 8074 10556 10298 0 10286 9087 7645 9322 10425 10656 7119 7443 9014 5387 8191 
6009 9450 11396 9086 10091 8861 12296 10286 0 8589 10173 7457 5945 8081 8280 4435 6814 9992 9878 
8125 9150 13525 10718 6444 10902 15164 9087 8589 0 10312 8020 9632 11691 11071 7493 11526 9079 10865 
8121 7499 10237 8825 8979 8807 9695 7645 10173 10312 0 9412 8907 9108 10468 7583 6962 7230 7428 
6034 9299 11890 11028 10698 9345 13063 9322 7457 8020 9412 0 5706 8758 11699 7323 7469 8521 9200 
4106 7404 9225 9458 9787 7971 9494 10425 5945 9632 8907 5706 0 7929 11034 7454 6935 8481 7899 
8679 10933 11208 11434 13382 6864 11211 10656 8081 11691 9108 8758 7929 0 10664 7241 6741 11951 12459 
8589 13207 11243 8426 10577 12681 11504 7119 8280 11071 10468 11699 11034 10664 0 6619 9856 9804 10522 
6154 8615 10880 8800 8942 8834 11928 7443 4435 7493 7583 7323 7454 7241 6619 0 5855 8133 9696 
6778 8680 9482 8765 11682 7078 10077 9014 6814 11526 6962 7469 6935 6741 9856 5855 0 8596 8804 
5296 7135 7435 7233 6056 10427 9286 5387 9992 9079 7230 8521 8481 11951 9804 8133 8596 0 6107 
6402 9245 9148 6118 8087 10564 8781 8191 9878 10865 7428 9200 7899 12459 10522 9696 8804 6107 0 
