# rmTSP_10_4_20_maximum_101_100.mat
# n=10
# k=4
# a=20
# d="maximum"
# s=101
10
0 606 1212 1010 909 606 1010 1313 1414 1515 
606 0 1212 909 1111 1212 404 1313 1515 1515 
1212 1212 0 1212 1515 1515 1616 1717 1313 909 
1010 909 1212 0 1010 1010 909 1515 1515 1818 
909 1111 1515 1010 0 1515 1515 1616 1818 1818 
606 1212 1515 1010 1515 0 1616 1616 1717 1818 
1010 404 1616 909 1515 1616 0 1515 1919 1717 
1313 1313 1717 1515 1616 1616 1515 0 1111 1111 
1414 1515 1313 1515 1818 1717 1919 1111 0 404 
1515 1515 909 1818 1818 1818 1717 1111 404 0 
