# rmTSP_14_3_10_manhattan_101_100.mat
# n=14
# k=3
# a=10
# d="manhattan"
# s=101
14
0 1010 404 1818 2121 1414 1717 909 1414 909 1212 1212 505 505 
1010 0 1414 1212 1515 808 1111 707 808 1111 1414 808 909 909 
404 1414 0 1414 1717 1818 1313 1313 1818 505 808 808 505 505 
1818 1212 1414 0 303 606 303 909 2020 1111 1212 606 1313 1313 
2121 1515 1717 303 0 707 404 1212 1717 1212 909 909 1616 1616 
1414 808 1818 606 707 0 707 505 1414 1313 1616 1010 1313 1313 
1717 1111 1313 303 404 707 0 808 1717 808 909 505 1212 1212 
909 707 1313 909 1212 505 808 0 1515 1414 1717 707 1010 808 
1414 808 1818 2020 1717 1414 1717 1515 0 1313 1212 1616 1313 1313 
909 1111 505 1111 1212 1313 808 1414 1313 0 303 707 404 606 
1212 1414 808 1212 909 1616 909 1717 1212 303 0 1010 707 909 
1212 808 808 606 909 1010 505 707 1616 707 1010 0 707 707 
505 909 505 1313 1616 1313 1212 1010 1313 404 707 707 0 202 
505 909 505 1313 1616 1313 1212 808 1313 606 909 707 202 0 
