# rmTSP_19_6_80_manhattan_101_100.mat
# n=19
# k=6
# a=80
# d="manhattan"
# s=101
19
0 16463 21210 11211 25351 17877 21109 17574 8282 16059 25957 17170 19493 15554 18079 20705 21715 17877 18584 
16463 0 9999 16766 14342 10100 14746 14241 17069 15756 12928 11413 11110 16463 13938 11312 12120 14140 19291 
21210 9999 0 21917 13231 15251 15453 20200 22220 21109 9393 21412 12827 19190 15857 11009 15453 15049 22018 
11211 16766 21917 0 27674 11514 23028 25149 9393 15958 22624 10201 11110 19897 8484 20402 23028 13332 19695 
25351 14342 13231 27674 0 21412 7878 9999 24947 19190 8686 23533 20402 15049 21614 10302 14140 16160 12019 
17877 10100 15251 11514 21412 0 21412 20705 13433 10100 21008 9797 11514 21513 11110 14948 18180 20806 23129 
21109 14746 15453 23028 7878 21412 0 8585 20301 20806 8888 18887 13534 7575 18988 13332 11716 15756 10605 
17574 14241 20200 25149 9999 20705 8585 0 19392 16867 14847 17978 20301 13130 19897 14847 16665 19089 13130 
8282 17069 22220 9393 24947 13433 20301 19392 0 11615 24745 12120 17473 17372 15049 18887 23937 16463 17170 
16059 15756 21109 15958 19190 10100 20806 16867 11615 0 24644 14039 16766 21513 19190 15554 22624 24442 22927 
25957 12928 9393 22624 8686 21008 8888 14847 24745 24644 0 18483 13332 14645 16564 9696 12726 11110 14443 
17170 11413 21412 10201 23533 9797 18887 17978 12120 14039 18483 0 9999 17170 10807 15453 19493 13635 18584 
19493 11110 12827 11110 20402 11514 13534 20301 17473 16766 13332 9999 0 15453 10100 14746 15150 13534 21109 
15554 16463 19190 19897 15049 21513 7575 13130 17372 21513 14645 17170 15453 0 22725 19695 6969 19493 15756 
18079 13938 15857 8484 21614 11110 18988 19897 15049 19190 16564 10807 10100 22725 0 13534 25048 11110 16059 
20705 11312 11009 20402 10302 14948 13332 14847 18887 15554 9696 15453 14746 19695 13534 0 20402 11514 12019 
21715 12120 15453 23028 14140 18180 11716 16665 23937 22624 12726 19493 15150 6969 25048 20402 0 21816 21917 
17877 14140 15049 13332 16160 20806 15756 19089 16463 24442 11110 13635 13534 19493 11110 11514 21816 0 9797 
18584 19291 22018 19695 12019 23129 10605 13130 17170 22927 14443 18584 21109 15756 16059 12019 21917 9797 0 
