# rmTSP_16_2_40_maximum_1_100.mat
# n=16
# k=2
# a=40
# d="maximum"
# s=1
16
0 15 5 12 12 6 23 9 20 8 9 7 5 13 16 13 
15 0 20 27 12 12 18 11 19 11 6 22 16 15 31 8 
5 20 0 7 12 8 28 9 22 9 14 4 5 13 11 18 
12 27 7 0 19 15 35 16 29 16 21 11 11 12 4 25 
12 12 12 19 0 6 20 21 14 20 7 10 17 25 22 10 
6 12 8 15 6 0 20 15 14 14 6 10 11 19 19 10 
23 18 28 35 20 20 0 28 6 27 14 30 24 32 39 10 
9 11 9 16 21 15 28 0 29 1 14 13 5 4 20 18 
20 19 22 29 14 14 6 29 0 28 15 24 25 33 33 11 
8 11 9 16 20 14 27 1 28 0 13 12 5 5 20 17 
9 6 14 21 7 6 14 14 15 13 0 16 10 18 25 4 
7 22 4 11 10 10 30 13 24 12 16 0 9 17 14 20 
5 16 5 11 17 11 24 5 25 5 10 9 0 8 15 14 
13 15 13 12 25 19 32 4 33 5 18 17 8 0 16 22 
16 31 11 4 22 19 39 20 33 20 25 14 15 16 0 29 
13 8 18 25 10 10 10 18 11 17 4 20 14 22 29 0 
