# rmTSP_16_3_80_euklid_101_100.mat
# n=16
# k=3
# a=80
# d="euklid"
# s=101
16
0 4586 6447 9574 1775 2676 7917 8545 7866 6780 6672 4296 3459 6902 6198 6902 
4586 0 5136 8391 4166 1964 9692 8048 7905 4453 3760 2252 1940 8371 3178 4372 
6447 5136 0 5054 5025 4923 7551 4845 3028 6399 2316 6422 5945 5310 2989 2519 
9574 8391 5054 0 8816 8343 5993 1515 4749 6434 6296 8586 9724 5050 7286 7080 
1775 4166 5025 8816 0 2327 7936 7905 6533 6916 5364 4703 3178 6371 4876 5399 
2676 1964 4923 8343 2327 0 8489 7671 7212 5052 4409 2545 1632 7173 3880 4833 
7917 9692 7551 5993 7936 8489 0 4526 6364 8045 9306 9005 10110 2628 9824 9902 
8545 8048 4845 1515 7905 7671 4526 0 4268 6197 6373 8048 9170 3632 7247 7127 
7866 7905 3028 4749 6533 7212 6364 4268 0 8436 5315 8810 8442 3837 5968 5296 
6780 4453 6399 6434 6916 5052 8045 6197 8436 0 5790 3363 6007 7736 6075 6952 
6672 3760 2316 6296 5364 4409 9306 6373 5315 5790 0 5526 4937 7335 1078 1220 
4296 2252 6422 8586 4703 2545 9005 8048 8810 3363 5526 0 3033 8286 5200 6331 
3459 1940 5945 9724 3178 1632 10110 9170 8442 6007 4937 3033 0 8740 4121 5161 
6902 8371 5310 5050 6371 7173 2628 3632 3837 7736 7335 8286 8740 0 7855 7730 
6198 3178 2989 7286 4876 3880 9824 7247 5968 6075 1078 5200 4121 7855 0 1220 
6902 4372 2519 7080 5399 4833 9902 7127 5296 6952 1220 6331 5161 7730 1220 0 
