# rmTSP_10_4_40_manhattan_1_100.mat
# n=10
# k=4
# a=40
# d="manhattan"
# s=1
10
0 59 62 73 25 47 42 55 70 19 
59 0 35 30 60 44 35 46 53 50 
62 35 0 45 63 73 60 81 52 53 
73 30 45 0 56 54 37 40 65 54 
25 60 63 56 0 60 43 38 83 20 
47 44 73 54 60 0 55 26 43 62 
42 35 60 37 43 55 0 39 78 25 
55 46 81 40 38 26 39 0 69 48 
70 53 52 65 83 43 78 69 0 85 
19 50 53 54 20 62 25 48 85 0 
