# rmTSP_19_2_80_manhattan_101_100.mat
# n=19
# k=2
# a=80
# d="manhattan"
# s=101
19
0 7171 5757 4444 6262 2626 5555 2626 5555 4040 3030 4242 3838 3434 6363 1515 6363 6161 7272 
7171 0 7272 5353 4747 9797 4040 8989 6262 4949 4141 6565 6565 5555 7878 5656 3030 4848 4747 
5757 7272 0 1919 12019 7575 11312 8383 11312 2323 8787 2323 2323 9191 1818 5656 4242 11918 4343 
4444 5353 1919 0 10100 7070 9393 6464 9393 404 6868 3838 3838 7272 2525 3737 2323 9999 2828 
6262 4747 12019 10100 0 5454 1313 4646 1919 9696 3232 10504 10100 2828 12625 6363 7777 505 9494 
2626 9797 7575 7070 5454 0 6767 808 3737 6666 5656 6060 5656 4242 8181 4141 8989 4949 9898 
5555 4040 11312 9393 1313 6767 0 5959 3232 8989 2525 9797 9393 2525 11918 5656 7070 1818 8787 
2626 8989 8383 6464 4646 808 5959 0 2929 6060 4848 6868 6464 3434 8989 3333 8181 4141 9090 
5555 6262 11312 9393 1919 3737 3232 2929 0 8989 2525 9797 9393 2121 11918 5656 7070 1414 8787 
4040 4949 2323 404 9696 6666 8989 6060 8989 0 6464 3434 3434 6868 2929 3333 2323 9595 3232 
3030 4141 8787 6868 3232 5656 2525 4848 2525 6464 0 7272 6868 1414 9393 3131 4545 3131 6262 
4242 6565 2323 3838 10504 6060 9797 6868 9797 3434 7272 0 404 7676 4141 4141 5757 10403 6666 
3838 6565 2323 3838 10100 5656 9393 6464 9393 3434 6868 404 0 7272 4141 3737 5757 9999 6666 
3434 5555 9191 7272 2828 4242 2525 3434 2121 6868 1414 7676 7272 0 9797 3535 4949 2727 6666 
6363 7878 1818 2525 12625 8181 11918 8989 11918 2929 9393 4141 4141 9797 0 6262 4848 12524 3131 
1515 5656 5656 3737 6363 4141 5656 3333 5656 3333 3131 4141 3737 3535 6262 0 4848 6262 5757 
6363 3030 4242 2323 7777 8989 7070 8181 7070 2323 4545 5757 5757 4949 4848 4848 0 7676 1717 
6161 4848 11918 9999 505 4949 1818 4141 1414 9595 3131 10403 9999 2727 12524 6262 7676 0 9393 
7272 4747 4343 2828 9494 9898 8787 9090 8787 3232 6262 6666 6666 6666 3131 5757 1717 9393 0 
