# rmTSP_16_3_40_maximum_1_100.mat
# n=16
# k=3
# a=40
# d="maximum"
# s=1
16
0 22 10 7 15 17 13 18 18 18 21 12 21 13 31 21 
22 0 21 18 11 29 21 6 29 8 28 10 22 20 37 33 
10 21 0 9 17 8 22 20 15 13 18 13 11 18 28 12 
7 18 9 0 9 17 13 14 17 14 14 8 17 9 24 21 
15 11 17 9 0 25 12 17 25 13 20 15 18 11 28 29 
17 29 8 17 25 0 30 28 11 21 14 21 17 26 31 8 
13 21 22 13 12 30 0 17 30 17 25 12 23 4 19 34 
18 6 20 14 17 28 17 0 28 7 24 7 21 16 33 32 
18 29 15 17 25 11 30 28 0 22 5 21 25 26 31 4 
18 8 13 14 13 21 17 7 22 0 24 6 14 16 33 25 
21 28 18 14 20 14 25 24 5 24 0 21 27 21 26 9 
12 10 13 8 15 21 12 7 21 6 21 0 14 13 31 25 
21 22 11 17 18 17 23 21 25 14 27 14 0 19 36 22 
13 20 18 9 11 26 4 16 26 16 21 13 19 0 18 30 
31 37 28 24 28 31 19 33 31 33 26 31 36 18 0 35 
21 33 12 21 29 8 34 32 4 25 9 25 22 30 35 0 
