# rmTSP_17_3_80_manhattan_101_100.mat
# n=17
# k=3
# a=80
# d="manhattan"
# s=101
17
0 5454 13332 10302 2727 5050 9494 11817 10908 5050 8181 10302 3434 5050 8585 6565 2525 
5454 0 7878 8282 3939 8686 6868 6767 5454 8888 10201 4848 6666 2020 3333 10403 7979 
13332 7878 0 4646 11817 16564 4848 4343 3636 16362 9191 3030 14140 8282 5353 17271 15857 
10302 8282 4646 0 9191 13534 9494 5959 4040 13332 6161 4242 11110 10302 9999 14241 12827 
2727 3939 11817 9191 0 4747 7979 10302 9393 5555 9898 8787 3333 4343 7070 7070 4040 
5050 8686 16564 13534 4747 0 12726 15049 14140 6262 13231 13534 3636 8282 11817 4949 3333 
9494 6868 4848 9494 7979 12726 0 6161 6464 12524 10201 5252 10302 6262 5353 13433 12019 
11817 6767 4343 5959 10302 15049 6161 0 1919 14847 7676 2323 12625 6969 8686 15756 14342 
10908 5454 3636 4040 9393 14140 6464 1919 0 13938 6767 1212 11716 7272 7979 14847 13433 
5050 8888 16362 13332 5555 6262 12524 14847 13938 0 7171 13332 2626 9898 12221 2929 2929 
8181 10201 9191 6161 9898 13231 10201 7676 6767 7171 0 6565 9595 11211 13534 9292 9898 
10302 4848 3030 4242 8787 13534 5252 2323 1212 13332 6565 0 11110 6060 6969 14241 12827 
3434 6666 14140 11110 3333 3636 10302 12625 11716 2626 9595 11110 0 7676 9999 3737 1919 
5050 2020 8282 10302 4343 8282 6262 6969 7272 9898 11211 6060 7676 0 3535 11413 7575 
8585 3333 5353 9999 7070 11817 5353 8686 7979 12221 13534 6969 9999 3535 0 13736 11110 
6565 10403 17271 14241 7070 4949 13433 15756 14847 2929 9292 14241 3737 11413 13736 0 4242 
2525 7979 15857 12827 4040 3333 12019 14342 13433 2929 9898 12827 1919 7575 11110 4242 0 
