# rmTSP_15_3_40_euklid_1_100.mat
# n=15
# k=3
# a=40
# d="euklid"
# s=1
15
0 14 7 8 29 28 27 16 17 19 15 25 29 32 17 
14 0 19 19 30 16 16 28 15 30 19 32 26 33 6 
7 19 0 9 34 31 33 14 21 14 16 23 35 35 20 
8 19 9 0 25 34 32 20 15 14 11 17 27 26 22 
29 30 34 25 0 44 31 42 21 36 26 31 10 14 36 
28 16 31 34 44 0 18 38 29 43 32 45 38 47 12 
27 16 33 32 31 18 0 39 25 45 32 44 26 38 18 
16 28 14 20 42 38 39 0 33 24 30 35 44 45 29 
17 15 21 15 21 29 25 33 0 25 8 20 16 19 19 
19 30 14 14 36 43 45 24 25 0 17 13 37 32 32 
15 19 16 11 26 32 32 30 8 17 0 13 23 21 22 
25 32 23 17 31 45 44 35 20 13 13 0 31 22 34 
29 26 35 27 10 38 26 44 16 37 23 31 0 14 31 
32 33 35 26 14 47 38 45 19 32 21 22 14 0 38 
17 6 20 22 36 12 18 29 19 32 22 34 31 38 0 
