# rmTSP_17_3_20_manhattan_1_100.mat
# n=17
# k=3
# a=20
# d="manhattan"
# s=1
17
0 31 8 22 14 31 28 21 39 32 11 18 15 14 10 12 7 
31 0 29 11 17 6 21 14 10 9 22 15 20 19 37 31 38 
8 29 0 18 12 29 26 17 37 30 13 26 23 22 16 20 11 
22 11 18 0 8 11 24 5 19 18 11 20 23 16 26 22 29 
14 17 12 8 0 17 24 11 25 22 13 24 21 20 20 18 21 
31 6 29 11 17 0 15 16 10 9 22 21 18 25 37 31 38 
28 21 26 24 24 15 0 23 11 14 19 22 15 26 34 28 35 
21 14 17 5 11 16 23 0 22 15 10 17 22 13 23 21 28 
39 10 37 19 25 10 11 22 0 9 30 23 26 27 45 39 46 
32 9 30 18 22 9 14 15 9 0 23 16 19 20 38 32 39 
11 22 13 11 13 22 19 10 30 23 0 13 12 9 15 11 18 
18 15 26 20 24 21 22 17 23 16 13 0 9 4 22 16 23 
15 20 23 23 21 18 15 22 26 19 12 9 0 13 19 13 20 
14 19 22 16 20 25 26 13 27 20 9 4 13 0 18 12 19 
10 37 16 26 20 37 34 23 45 38 15 22 19 18 0 8 13 
12 31 20 22 18 31 28 21 39 32 11 16 13 12 8 0 15 
7 38 11 29 21 38 35 28 46 39 18 23 20 19 13 15 0 
