# rmTSP_13_4_80_euklid_1_100.mat
# n=13
# k=4
# a=80
# d="euklid"
# s=1
13
0 76 56 72 79 40 91 78 72 45 79 70 89 
76 0 59 46 59 71 72 73 31 70 60 39 80 
56 59 0 40 80 36 100 69 70 20 86 38 80 
72 46 40 0 84 70 77 87 61 56 85 42 105 
79 59 80 84 0 79 70 32 33 87 17 51 70 
40 71 36 70 79 0 112 68 76 21 86 58 61 
91 72 100 77 70 112 0 92 52 109 56 77 131 
78 73 69 87 32 68 92 0 56 75 46 48 60 
72 31 70 61 33 76 52 56 0 79 30 42 81 
45 70 20 56 87 21 109 75 79 0 93 54 77 
79 60 86 85 17 86 56 46 30 93 0 58 84 
70 39 38 42 51 58 77 48 42 54 58 0 74 
89 80 80 105 70 61 131 60 81 77 84 74 0 
