# rmTSP_20_4_80_maximum_101_100.mat
# n=20
# k=4
# a=80
# d="maximum"
# s=101
20
0 4444 5454 4242 4848 6464 5757 3131 4747 5151 6262 4545 6969 4747 6868 5858 4242 6060 5353 3131 
4444 0 3131 5555 5454 2121 5353 5252 6363 3636 4646 3838 3434 5353 4242 2626 4545 2727 4444 5555 
5454 3131 0 2424 3333 5252 6363 2828 4242 2929 5050 4343 5656 5151 4747 4242 3838 4848 2828 3333 
4242 5555 2424 0 2626 7676 5151 1616 3535 5353 7474 4040 5353 4848 4444 6666 5454 7272 2525 3030 
4848 5454 3333 2626 0 6565 5757 3434 2727 5959 6363 3535 4848 4343 3939 5555 4343 6161 5050 2727 
6464 2121 5252 7676 6565 0 6969 7373 6969 4848 3636 5353 3030 7474 3636 1515 4444 4141 6565 7676 
5757 5353 6363 5151 5757 6969 0 3535 5555 5656 4747 6363 7878 7171 7777 6767 5656 4646 6262 5353 
3131 5252 2828 1616 3434 7373 3535 0 4343 5050 7171 3737 5050 4545 4242 6363 5151 6969 2727 2727 
4747 6363 4242 3535 2727 6969 5555 4343 0 6868 6767 2525 4848 3434 4747 5959 4747 6565 5959 3636 
5151 3636 2929 5353 5959 4848 5656 5050 6868 0 5151 5757 7070 6565 6161 3333 5050 4040 4242 5353 
6262 4646 5050 7474 6363 3636 4747 7171 6767 5151 0 5151 4545 7272 4444 3434 2020 1919 6363 7474 
4545 3838 4343 4040 3535 5353 6363 3737 2525 5757 5151 0 2424 2121 2323 4343 3131 4949 3434 2323 
6969 3434 5656 5353 4848 3030 7878 5050 4848 7070 4545 2424 0 4444 1919 3737 5353 5050 3535 4646 
4747 5353 5151 4848 4343 7474 7171 4545 3434 6565 7272 2121 4444 0 3838 6464 5252 7070 2525 1818 
6868 4242 4747 4444 3939 3636 7777 4242 4747 6161 4444 2323 1919 3838 0 2828 5252 4949 3838 4040 
5858 2626 4242 6666 5555 1515 6767 6363 5959 3333 3434 4343 3737 6464 2828 0 4242 3939 5555 6666 
4242 4545 3838 5454 4343 4444 5656 5151 4747 5050 2020 3131 5353 5252 5252 4242 0 1818 4343 5454 
6060 2727 4848 7272 6161 4141 4646 6969 6565 4040 1919 4949 5050 7070 4949 3939 1818 0 6161 7272 
5353 4444 2828 2525 5050 6565 6262 2727 5959 4242 6363 3434 3535 2525 3838 5555 4343 6161 0 2323 
3131 5555 3333 3030 2727 7676 5353 2727 3636 5353 7474 2323 4646 1818 4040 6666 5454 7272 2323 0 
