# rmTSP_10_2_20_maximum_1_100.mat
# n=10
# k=2
# a=20
# d="maximum"
# s=1
10
0 6 1 6 8 11 2 7 9 7 
6 0 7 7 14 15 7 13 5 1 
1 7 0 7 7 12 1 6 10 8 
6 7 7 0 14 8 7 13 3 8 
8 14 7 14 0 11 7 1 17 15 
11 15 12 8 11 0 13 12 10 16 
2 7 1 7 7 13 0 6 10 8 
7 13 6 13 1 12 6 0 16 14 
9 5 10 3 17 10 10 16 0 6 
7 1 8 8 15 16 8 14 6 0 
