# rmTSP_20_8_10_euklid_101_100.mat
# n=20
# k=8
# a=10
# d="euklid"
# s=101
20
0 1515 1471 1653 1450 1512 1425 1761 1106 1293 898 1035 1106 1644 1653 937 1325 1030 1666 1050 
1515 0 1600 1374 1359 1233 1152 1289 1257 1535 1641 1088 1568 1088 1147 1313 974 1225 1758 1515 
1471 1600 0 1116 1491 1204 1257 1152 833 808 1344 1717 1010 1191 1464 1270 1399 1370 857 1245 
1653 1374 1116 0 969 903 984 1407 1229 1340 1508 1600 1332 1035 1565 1286 756 1421 1088 1407 
1450 1359 1491 969 0 1040 631 1309 1069 1385 1425 1054 1332 1481 1229 1309 990 1020 1532 1000 
1512 1233 1204 903 1040 0 814 1428 1134 1270 1321 1208 990 763 1325 1030 1030 1301 1010 1178 
1425 1152 1257 984 631 814 0 1225 851 1389 1261 979 1257 1134 909 1191 963 1092 1403 963 
1761 1289 1152 1407 1309 1428 1225 0 1030 937 1650 1495 1293 1561 1020 1457 1498 990 1443 1178 
1106 1257 833 1229 1069 1134 851 1030 0 857 1233 1191 1030 1328 1152 1195 1286 947 1385 969 
1293 1535 808 1340 1385 1270 1389 937 857 0 1344 1501 714 1501 1498 1143 1505 947 1088 1040 
898 1641 1344 1508 1425 1321 1261 1650 1233 1344 0 1169 839 1552 1555 525 1321 995 1374 763 
1035 1088 1717 1600 1054 1208 979 1495 1191 1501 1169 0 1266 1450 1015 1035 1156 875 1723 886 
1106 1568 1010 1332 1332 990 1257 1293 1030 714 839 1266 0 1374 1512 639 1399 892 947 756 
1644 1088 1191 1035 1481 763 1134 1561 1328 1501 1552 1450 1374 0 1336 1257 953 1625 1064 1542 
1653 1147 1464 1565 1229 1325 909 1020 1152 1498 1555 1015 1512 1336 0 1457 1332 1195 1578 1088 
937 1313 1270 1286 1309 1030 1191 1457 1195 1143 525 1035 639 1257 1457 0 1069 845 1169 808 
1325 974 1399 756 990 1030 963 1498 1286 1505 1321 1156 1399 953 1332 1069 0 1245 1340 1293 
1030 1225 1370 1421 1020 1301 1092 990 947 947 995 875 892 1625 1195 845 1245 0 1525 623 
1666 1758 857 1088 1532 1010 1403 1443 1385 1088 1374 1723 947 1064 1578 1169 1340 1525 0 1261 
1050 1515 1245 1407 1000 1178 963 1178 969 1040 763 886 756 1542 1088 808 1293 623 1261 0 
