# rmTSP_19_4_80_manhattan_101_100.mat
# n=19
# k=4
# a=80
# d="manhattan"
# s=101
19
0 6262 16059 10504 19594 9090 8989 8383 13433 4444 7373 14746 19897 6565 13938 12423 17473 4646 14847 
6262 0 17069 10100 15756 11716 11615 6969 12221 9292 5151 17372 22523 11817 16564 13433 14847 8888 17473 
16059 17069 0 13029 5353 7373 11918 10100 8282 12221 14544 7171 11312 13332 6969 6666 6262 12221 6464 
10504 10100 13029 0 14544 9898 9393 9191 5555 8484 9797 10908 12827 14645 8484 15655 12019 8484 9797 
19594 15756 5353 14544 0 10908 15453 11211 8989 15756 14241 9494 11211 16867 9898 8181 2525 15756 9393 
9090 11716 7373 9898 10908 0 4949 8989 9595 6666 9191 5656 10807 6565 5858 8383 8787 6868 5757 
8989 11615 11918 9393 15453 4949 0 10302 10504 6161 10100 7777 10908 6666 8989 13332 13332 6565 9090 
8383 6969 10100 9191 11211 8989 10302 0 5252 9999 5454 13029 17170 12726 9797 7676 9696 9595 11110 
13433 12221 8282 5555 8989 9595 10504 5252 0 9999 9696 8989 12120 16160 4747 10908 7272 9999 6060 
4444 9292 12221 8484 15756 6666 6161 9999 9999 0 9797 11716 16867 7171 10908 13837 13635 606 11817 
7373 5151 14544 9797 14241 9191 10100 5454 9696 9797 0 14847 19998 12322 14039 9292 12322 9393 14948 
14746 17372 7171 10908 9494 5656 7777 13029 8989 11716 14847 0 5151 9191 4848 9797 6969 12322 3131 
19897 22523 11312 12827 11211 10807 10908 17170 12120 16867 19998 5151 0 13332 7373 13130 8686 17473 6060 
6565 11817 13332 14645 16867 6565 6666 12726 16160 7171 12322 9191 13332 0 12019 11312 14746 7373 10504 
13938 16564 6969 8484 9898 5858 8989 9797 4747 10908 14039 4848 7373 12019 0 10201 7777 11514 1717 
12423 13433 6666 15655 8181 8383 13332 7676 10908 13837 9292 9797 13130 11312 10201 0 7474 13433 9696 
17473 14847 6262 12019 2525 8787 13332 9696 7272 13635 12322 6969 8686 14746 7777 7474 0 13635 6868 
4646 8888 12221 8484 15756 6868 6565 9595 9999 606 9393 12322 17473 7373 11514 13433 13635 0 12423 
14847 17473 6464 9797 9393 5757 9090 11110 6060 11817 14948 3131 6060 10504 1717 9696 6868 12423 0 
