# rmTSP_17_3_80_manhattan_1_100.mat
# n=17
# k=3
# a=80
# d="manhattan"
# s=1
17
0 128 63 52 123 70 46 127 54 66 105 61 176 95 100 78 33 
128 0 91 76 49 94 86 65 96 94 35 67 48 93 100 104 113 
63 91 0 45 126 119 95 156 85 113 62 62 133 136 125 119 82 
52 76 45 0 81 74 50 111 62 82 53 17 124 91 80 94 59 
123 49 126 81 0 89 81 30 69 89 70 64 53 44 51 99 108 
70 94 119 74 89 0 24 93 94 30 71 59 142 69 92 36 43 
46 86 95 50 81 24 0 85 74 44 63 39 134 53 72 56 37 
127 65 156 111 30 93 85 0 83 93 100 94 53 46 57 103 112 
54 96 85 62 69 94 74 83 0 118 93 53 122 63 52 130 51 
66 94 113 82 89 30 44 93 118 0 93 83 142 93 116 12 67 
105 35 62 53 70 71 63 100 93 93 0 44 77 90 97 105 90 
61 67 62 17 64 59 39 94 53 83 44 0 115 74 63 95 50 
176 48 133 124 53 142 134 53 122 142 77 115 0 81 76 152 161 
95 93 136 91 44 69 53 46 63 93 90 74 81 0 23 105 80 
100 100 125 80 51 92 72 57 52 116 97 63 76 23 0 128 85 
78 104 119 94 99 36 56 103 130 12 105 95 152 105 128 0 79 
33 113 82 59 108 43 37 112 51 67 90 50 161 80 85 79 0 
