# rmTSP_10_6_40_euklid_101_100.mat
# n=10
# k=6
# a=40
# d="euklid"
# s=101
10
0 2319 2720 3734 2299 3176 3219 4103 2993 3028 
2319 0 4100 5191 3564 3703 3723 5438 4719 4017 
2720 4100 0 1610 2801 3661 4044 3167 3952 1610 
3734 5191 1610 0 2775 4169 4281 3734 4538 2075 
2299 3564 2801 2775 0 3558 3100 4744 4045 2723 
3176 3703 3661 4169 3558 0 1781 2964 3646 3522 
3219 3723 4044 4281 3100 1781 0 4264 4449 3318 
4103 5438 3167 3734 4744 2964 4264 0 3291 3884 
2993 4719 3952 4538 4045 3646 4449 3291 0 4893 
3028 4017 1610 2075 2723 3522 3318 3884 4893 0 
