# rmTSP_16_8_80_euklid_101_100.mat
# n=16
# k=8
# a=80
# d="euklid"
# s=101
16
0 10716 8928 11141 6199 8470 10763 8621 12917 9624 5934 10885 9986 7253 7917 10195 
10716 0 10613 10497 6443 9382 9462 9313 11365 11804 10877 11445 10777 8361 14712 12894 
8928 10613 0 10759 8160 5379 9828 8590 12363 8998 9977 9413 10207 5711 9441 11350 
11141 10497 10759 0 9545 8996 5846 10079 9163 4767 9288 10641 6772 7313 9500 8225 
6199 6443 8160 9545 0 7276 9760 5264 8520 9808 7416 8825 7625 6336 10231 11185 
8470 9382 5379 8996 7276 0 6277 7999 9887 6488 7692 9353 8768 6594 9045 7510 
10763 9462 9828 5846 9760 6277 0 10703 10818 4573 8378 10414 8525 7674 10450 4968 
8621 9313 8590 10079 5264 7999 10703 0 7562 9983 6729 10840 9431 8573 8761 12085 
12917 11365 12363 9163 8520 9887 10818 7562 0 10309 10798 10966 7516 11122 11967 12143 
9624 11804 8998 4767 9808 6488 4573 9983 10309 0 7427 10565 7531 6870 6887 5265 
5934 10877 9977 9288 7416 7692 8378 6729 10798 7427 0 11655 9824 8604 6068 7828 
10885 11445 9413 10641 8825 9353 10414 10840 10966 10565 11655 0 5795 7961 12061 10706 
9986 10777 10207 6772 7625 8768 8525 9431 7516 7531 9824 5795 0 6803 10000 9139 
7253 8361 5711 7313 6336 6594 7674 8573 11122 6870 8604 7961 6803 0 8942 9729 
7917 14712 9441 9500 10231 9045 10450 8761 11967 6887 6068 12061 10000 8942 0 9213 
10195 12894 11350 8225 11185 7510 4968 12085 12143 5265 7828 10706 9139 9729 9213 0 
