# rmTSP_11_2_40_manhattan_101_100.mat
# n=11
# k=2
# a=40
# d="manhattan"
# s=101
11
0 3434 3535 1212 4646 1111 4949 3131 1212 3030 1818 
3434 0 1717 2222 3838 2525 1515 909 3636 1818 1616 
3535 1717 0 2323 5555 2626 1414 808 3737 505 1717 
1212 2222 2323 0 3838 1919 3737 1919 1414 1818 1414 
4646 3838 5555 3838 0 5757 4949 4747 3434 5656 5252 
1111 2525 2626 1919 5757 0 4040 2222 2323 2121 909 
4949 1515 1414 3737 4949 4040 0 1818 5151 1919 3131 
3131 909 808 1919 4747 2222 1818 0 3333 909 1313 
1212 3636 3737 1414 3434 2323 5151 3333 0 3232 2020 
3030 1818 505 1818 5656 2121 1919 909 3232 0 1212 
1818 1616 1717 1414 5252 909 3131 1313 2020 1212 0 
