# rmTSP_18_2_40_euklid_1_100.mat
# n=18
# k=2
# a=40
# d="euklid"
# s=1
18
0 18 21 16 13 7 20 13 21 9 21 10 10 21 23 10 19 17 
18 0 24 24 25 20 36 27 29 26 39 15 10 9 41 18 35 34 
21 24 0 36 12 14 38 14 42 28 32 12 16 33 34 11 37 33 
16 24 36 0 28 23 16 28 6 13 27 25 22 21 27 25 15 19 
13 25 12 28 0 6 26 2 33 17 20 11 15 32 22 7 26 21 
7 20 14 23 6 0 25 7 28 14 22 7 10 26 23 4 24 20 
20 36 38 16 26 25 0 25 17 11 14 30 30 36 13 28 1 6 
13 27 14 28 2 7 25 0 33 16 18 13 17 33 20 9 25 19 
21 29 42 6 33 28 17 33 0 17 29 31 28 25 29 31 16 21 
9 26 28 13 17 14 11 16 17 0 15 19 19 28 16 18 10 9 
21 39 32 27 20 22 14 18 29 15 0 28 31 42 2 25 14 8 
10 15 12 25 11 7 30 13 31 19 28 0 5 22 30 4 29 26 
10 10 16 22 15 10 30 17 28 19 31 5 0 17 32 8 29 27 
21 9 33 21 32 26 36 33 25 28 42 22 17 0 43 25 35 36 
23 41 34 27 22 23 13 20 29 16 2 30 32 43 0 27 14 8 
10 18 11 25 7 4 28 9 31 18 25 4 8 25 27 0 28 24 
19 35 37 15 26 24 1 25 16 10 14 29 29 35 14 28 0 7 
17 34 33 19 21 20 6 19 21 9 8 26 27 36 8 24 7 0 
