# rmTSP_17_6_20_manhattan_1_100.mat
# n=17
# k=6
# a=20
# d="manhattan"
# s=1
17
0 41 30 36 48 38 45 27 62 53 24 31 44 31 30 51 34 
41 0 41 45 71 51 14 26 59 66 33 62 47 30 35 48 35 
30 41 0 36 64 52 31 23 56 53 52 41 44 29 22 37 18 
36 45 36 0 48 56 41 41 60 47 34 25 44 43 28 57 40 
48 71 64 48 0 24 65 55 40 17 42 45 44 53 60 51 72 
38 51 52 56 24 0 53 43 36 25 34 49 36 41 48 35 60 
45 14 31 41 65 53 0 18 45 54 41 50 53 26 31 34 23 
27 26 23 41 55 43 18 0 45 46 41 44 41 20 27 30 21 
62 59 56 60 40 36 45 45 0 25 56 43 60 39 56 37 48 
53 66 53 47 17 25 54 46 25 0 47 44 47 46 53 46 61 
24 33 52 34 42 34 41 41 56 47 0 45 54 45 40 55 54 
31 62 41 25 45 49 50 44 43 44 45 0 63 48 35 50 39 
44 47 44 44 44 36 53 41 60 47 54 63 0 35 36 53 52 
31 30 29 43 53 41 26 20 39 46 45 48 35 0 25 42 25 
30 35 22 28 60 48 31 27 56 53 40 35 36 25 0 53 28 
51 48 37 57 51 35 34 30 37 46 55 50 53 42 53 0 41 
34 35 18 40 72 60 23 21 48 61 54 39 52 25 28 41 0 
