# rmTSP_13_2_40_euklid_101_100.mat
# n=13
# k=2
# a=40
# d="euklid"
# s=101
13
0 1129 1010 1714 2270 995 2495 2270 915 1798 1767 1581 1313 
1129 0 1821 2808 1943 1471 1930 1428 1961 915 1501 1943 869 
1010 1821 0 1862 3277 505 3478 2409 515 2082 2773 2525 1446 
1714 2808 1862 0 3131 2270 3548 3960 1348 3506 2744 1930 2970 
2270 1943 3277 3131 0 3146 505 3210 3118 2747 505 1229 2806 
995 1471 505 2270 3146 0 3277 1906 953 1597 2643 2575 958 
2495 1930 3478 3548 505 3277 0 3038 3386 2620 808 1693 2794 
2270 1428 2409 3960 3210 1906 3038 0 2794 515 2844 3371 1000 
915 1961 515 1348 3118 953 3386 2794 0 2409 2626 2215 1798 
1798 915 2082 3506 2747 1597 2620 515 2409 0 2358 2857 639 
1767 1501 2773 2744 505 2643 808 2844 2626 2358 0 953 2349 
1581 1943 2525 1930 1229 2575 1693 3371 2215 2857 953 0 2634 
1313 869 1446 2970 2806 958 2794 1000 1798 639 2349 2634 0 
