# rmTSP_14_2_20_euklid_101_100.mat
# n=14
# k=2
# a=20
# d="euklid"
# s=101
14
0 1313 1216 416 1359 1359 2215 1528 1717 319 505 1428 1286 2432 
1313 0 404 1116 589 452 1152 769 1714 1129 1212 364 505 1266 
1216 404 0 1152 958 833 1545 429 2020 1129 1278 226 863 1632 
416 1116 1152 0 1010 1040 1862 1538 1317 101 143 1328 953 2102 
1359 589 958 1010 0 143 857 1355 1152 1074 1040 953 101 1092 
1359 452 833 1040 143 0 869 1220 1293 1092 1088 814 101 1074 
2215 1152 1545 1862 857 869 0 1818 1518 1930 1879 1418 931 303 
1528 769 429 1538 1355 1220 1818 0 2445 1501 1672 416 1266 1843 
1717 1714 2020 1317 1152 1293 1518 2445 0 1418 1212 2072 1216 1821 
319 1129 1129 101 1074 1092 1930 1501 1418 0 226 1317 1010 2161 
505 1212 1278 143 1040 1088 1879 1672 1212 226 0 1446 995 2131 
1428 364 226 1328 953 814 1418 416 2072 1317 1446 0 869 1471 
1286 505 863 953 101 101 931 1266 1216 1010 995 869 0 1152 
2432 1266 1632 2102 1092 1074 303 1843 1821 2161 2131 1471 1152 0 
