# rmTSP_14_4_10_euklid_1_100.mat
# n=14
# k=4
# a=10
# d="euklid"
# s=1
14
0 11 8 5 12 9 10 8 9 10 5 9 6 6 
11 0 6 9 13 10 2 8 8 11 10 6 7 7 
8 6 0 6 10 10 5 6 5 10 5 7 7 6 
5 9 6 0 8 6 8 4 7 6 5 9 5 5 
12 13 10 8 0 10 12 9 8 8 9 15 11 12 
9 10 10 6 10 0 10 5 12 2 11 10 9 6 
10 2 5 8 12 10 0 7 6 11 9 7 6 7 
8 8 6 4 9 5 7 0 9 6 8 7 7 4 
9 8 5 7 8 12 6 9 0 12 5 11 7 9 
10 11 10 6 8 2 11 6 12 0 11 12 9 8 
5 10 5 5 9 11 9 8 5 11 0 10 7 8 
9 6 7 9 15 10 7 7 11 12 10 0 8 5 
6 7 7 5 11 9 6 7 7 9 7 8 0 5 
6 7 6 5 12 6 7 4 9 8 8 5 5 0 
