# rmTSP_13_4_20_euklid_101_100.mat
# n=13
# k=4
# a=20
# d="euklid"
# s=101
13
0 2484 1927 1744 2204 553 714 2150 2343 1407 1377 1054 2070 
2484 0 1129 1956 1548 2632 2252 979 335 1741 2354 2803 647 
1927 1129 0 1943 2070 1868 1868 1054 869 1152 1610 1887 903 
1744 1956 1943 0 1152 2010 1525 1225 1900 1995 1377 2187 1518 
2204 1548 2070 1152 0 2511 1732 1336 1696 1964 2199 2897 1261 
553 2632 1868 2010 2511 0 926 2247 2462 1286 1220 735 2171 
714 2252 1868 1525 1732 926 0 1908 2190 1097 1392 1561 1755 
2150 979 1054 1225 1336 2247 1908 0 886 1625 1581 2343 580 
2343 335 869 1900 1696 2462 2190 886 0 1660 2161 2561 655 
1407 1741 1152 1995 1964 1286 1097 1625 1660 0 1552 1723 1286 
1377 2354 1610 1377 2199 1220 1392 1581 2161 1552 0 1165 1801 
1054 2803 1887 2187 2897 735 1561 2343 2561 1723 1165 0 2392 
2070 647 903 1518 1261 2171 1755 580 655 1286 1801 2392 0 
