# rmTSP_19_8_10_euklid_101_100.mat
# n=19
# k=8
# a=10
# d="euklid"
# s=101
19
0 1297 969 958 892 827 1054 1237 1321 1125 1491 1340 789 1443 1233 1160 1064 1591 1116 
1297 0 1025 776 1064 769 1116 1542 1261 1535 1174 1638 1584 1102 1325 1650 892 1005 1191 
969 1025 0 808 926 1111 886 1050 1064 1278 1407 1348 1138 782 505 1106 1025 1030 782 
958 776 808 0 1212 707 875 1498 1297 1435 1370 1672 1336 1309 1015 1348 898 1237 1278 
892 1064 926 1212 0 942 1233 1212 995 1286 1169 1399 1199 1143 1241 1301 1074 1178 728 
827 769 1111 707 942 0 1195 1460 1293 1344 1344 1693 1278 1410 1471 1403 903 1321 1266 
1054 1116 886 875 1233 1195 0 1495 1229 1165 1282 1321 1059 1282 880 1594 1220 1425 1297 
1237 1542 1050 1498 1212 1460 1495 0 1336 1000 1610 1106 1336 1143 1328 1116 1481 1591 1160 
1321 1261 1064 1297 995 1293 1229 1336 0 1025 931 1289 1332 1182 1270 1005 937 814 802 
1125 1535 1278 1435 1286 1344 1165 1000 1025 0 1363 880 909 1370 1515 1195 1282 1552 1261 
1491 1174 1407 1370 1169 1344 1282 1610 931 1363 0 1421 1787 1641 1481 1545 1199 1355 1301 
1340 1638 1348 1672 1399 1693 1321 1106 1289 880 1421 0 1208 1309 1508 1414 1321 1660 1152 
789 1584 1138 1336 1199 1278 1059 1336 1332 909 1787 1208 0 1321 1399 1359 1278 1613 1191 
1443 1102 782 1309 1143 1410 1282 1143 1182 1370 1641 1309 1321 0 1147 1443 1147 869 795 
1233 1325 505 1015 1241 1471 880 1328 1270 1515 1481 1508 1399 1147 0 1344 1355 1328 1111 
1160 1650 1106 1348 1301 1403 1594 1116 1005 1195 1545 1414 1359 1443 1344 0 1092 1340 1010 
1064 892 1025 898 1074 903 1220 1481 937 1282 1199 1321 1278 1147 1355 1092 0 875 827 
1591 1005 1030 1237 1178 1321 1425 1591 814 1552 1355 1660 1613 869 1328 1340 875 0 833 
1116 1191 782 1278 728 1266 1297 1160 802 1261 1301 1152 1191 795 1111 1010 827 833 0 
