# rmTSP_13_2_20_maximum_101_100.mat
# n=13
# k=2
# a=20
# d="maximum"
# s=101
13
0 707 808 1717 1919 505 606 707 1818 1111 1111 909 1313 
707 0 505 1414 1616 1212 505 1414 1515 909 1717 1616 1414 
808 505 0 909 1111 1111 404 1313 1010 808 1616 1515 1313 
1717 1414 909 0 808 1717 1111 1515 101 808 1616 1717 1313 
1919 1616 1111 808 0 1919 1313 1717 707 808 808 1919 606 
505 1212 1111 1717 1919 0 707 202 1818 1111 1111 404 1313 
606 505 404 1111 1313 707 0 909 1212 505 1212 1111 909 
707 1414 1313 1515 1717 202 909 0 1616 909 909 202 1111 
1818 1515 1010 101 707 1818 1212 1616 0 707 1515 1818 1212 
1111 909 808 808 808 1111 505 909 707 0 808 1111 505 
1111 1717 1616 1616 808 1111 1212 909 1515 808 0 1111 303 
909 1616 1515 1717 1919 404 1111 202 1818 1111 1111 0 1313 
1313 1414 1313 1313 606 1313 909 1111 1212 505 303 1313 0 
