# rmTSP_15_6_40_maximum_1_100.mat
# n=15
# k=6
# a=40
# d="maximum"
# s=1
15
0 28 32 24 18 23 26 13 26 30 22 15 31 29 13 
28 0 38 18 30 32 36 22 37 29 27 33 19 32 29 
32 38 0 35 37 34 35 30 13 37 35 31 31 39 39 
24 18 35 0 29 29 32 19 32 20 27 23 16 29 31 
18 30 37 29 0 25 25 11 26 35 12 24 36 31 24 
23 32 34 29 25 0 37 34 31 36 35 24 23 22 36 
26 36 35 32 25 37 0 24 31 38 18 26 28 37 38 
13 22 30 19 11 34 24 0 17 25 21 22 26 34 14 
26 37 13 32 26 31 31 17 0 36 28 23 28 38 28 
30 29 37 20 35 36 38 25 36 0 35 32 25 35 37 
22 27 35 27 12 35 18 21 28 35 0 23 34 35 35 
15 33 31 23 24 24 26 22 23 32 23 0 30 34 19 
31 19 31 16 36 23 28 26 28 25 34 30 0 33 38 
29 32 39 29 31 22 37 34 38 35 35 34 33 0 31 
13 29 39 31 24 36 38 14 28 37 35 19 38 31 0 
