# rmTSP_13_4_80_maximum_1_100.mat
# n=13
# k=4
# a=80
# d="maximum"
# s=1
13
0 71 64 67 56 51 23 30 31 15 70 65 49 
71 0 47 57 27 73 62 66 61 61 54 57 58 
64 47 0 54 70 62 59 50 68 69 38 29 71 
67 57 54 0 73 69 54 60 71 72 49 32 74 
56 27 70 73 0 58 45 51 48 46 51 54 52 
51 73 62 69 58 0 74 61 73 66 72 67 70 
23 62 59 54 45 74 0 13 22 23 59 54 38 
30 66 50 60 51 61 13 0 34 35 65 60 44 
31 61 68 71 48 73 22 34 0 21 53 39 18 
15 61 69 72 46 66 23 35 21 0 60 55 39 
70 54 38 49 51 72 59 65 53 60 0 22 50 
65 57 29 32 54 67 54 60 39 55 22 0 42 
49 58 71 74 52 70 38 44 18 39 50 42 0 
