# rmTSP_11_2_40_euklid_1_100.mat
# n=11
# k=2
# a=40
# d="euklid"
# s=1
11
0 33 12 8 27 40 25 26 11 35 18 
33 0 23 26 12 10 20 29 35 7 17 
12 23 0 11 21 32 23 28 20 24 14 
8 26 11 0 19 33 17 19 10 30 11 
27 12 21 19 0 15 8 17 26 18 9 
40 10 32 33 15 0 22 30 41 14 23 
25 20 23 17 8 22 0 9 21 26 9 
26 29 28 19 17 30 9 0 18 35 16 
11 35 20 10 26 41 21 18 0 40 19 
35 7 24 30 18 14 26 35 40 0 21 
18 17 14 11 9 23 9 16 19 21 0 
