# rmTSP_13_6_40_euklid_101_100.mat
# n=13
# k=6
# a=40
# d="euklid"
# s=101
13
0 4285 4256 3416 4405 4163 4709 3456 4018 4211 5049 2967 3943 
4285 0 1895 3647 2015 4753 4426 3718 2783 4655 2686 4870 3110 
4256 1895 0 3653 2403 4076 3886 3936 3391 4954 2939 4334 1778 
3416 3647 3653 0 4377 5261 5044 5400 3287 4571 4520 2746 2945 
4405 2015 2403 4377 0 3876 4351 2960 3211 3449 2686 5446 3219 
4163 4753 4076 5261 3876 0 3564 3162 5182 3897 3692 4451 4079 
4709 4426 3886 5044 4351 3564 0 3710 3555 4620 2753 4044 4628 
3456 3718 3936 5400 2960 3162 3710 0 3961 3674 3591 5162 4699 
4018 2783 3391 3287 3211 5182 3555 3961 0 3734 3040 4290 4049 
4211 4655 4954 4571 3449 3897 4620 3674 3734 0 4026 5216 4861 
5049 2686 2939 4520 2686 3692 2753 3591 3040 4026 0 4850 4036 
2967 4870 4334 2746 5446 4451 4044 5162 4290 5216 4850 0 3791 
3943 3110 1778 2945 3219 4079 4628 4699 4049 4861 4036 3791 0 
