# rmTSP_17_6_80_maximum_1_100.mat
# n=17
# k=6
# a=80
# d="maximum"
# s=1
17
0 42 29 23 47 60 61 39 56 39 53 60 51 65 44 25 44 
42 0 71 32 69 61 62 49 69 31 71 59 74 55 45 61 57 
29 71 0 39 43 56 57 35 52 66 49 54 47 61 40 44 49 
23 32 39 0 46 57 58 36 55 39 50 55 48 65 41 47 43 
47 69 43 46 0 58 26 37 40 64 36 67 32 59 36 22 46 
60 61 56 57 58 0 41 39 54 70 53 69 51 33 38 59 55 
61 62 57 58 26 41 0 31 42 71 36 46 31 62 17 36 35 
39 49 35 36 37 39 31 0 37 49 22 48 27 39 39 41 49 
56 69 52 55 40 54 42 37 0 66 34 76 37 68 51 37 77 
39 31 66 39 64 70 71 49 66 0 66 68 69 64 54 54 54 
53 71 49 50 36 53 36 22 34 66 0 70 27 61 45 40 71 
60 59 54 55 67 69 46 48 76 68 70 0 57 53 31 71 35 
51 74 47 48 32 51 31 27 37 69 27 57 0 64 39 38 51 
65 55 61 65 59 33 62 39 68 64 61 53 64 0 70 69 31 
44 45 40 41 36 38 17 39 51 54 45 31 39 70 0 40 39 
25 61 44 47 22 59 36 41 37 54 40 71 38 69 40 0 53 
44 57 49 43 46 55 35 49 77 54 71 35 51 31 39 53 0 
