# rmTSP_16_8_40_euklid_101_100.mat
# n=16
# k=8
# a=40
# d="euklid"
# s=101
16
0 5413 3699 6375 4088 5192 4996 4907 4968 5432 5165 3268 2208 4934 4669 6148 
5413 0 3521 5713 5080 3704 4024 4093 5151 4861 6094 5202 5030 5889 3810 3676 
3699 3521 0 6601 3962 4083 4268 5307 5900 5750 4465 4948 3723 5226 4571 5550 
6375 5713 6601 0 6304 6227 4813 4501 4500 4347 5503 4916 6117 3930 5194 3572 
4088 5080 3962 6304 0 3489 5228 4698 5682 4814 4662 4949 3716 6618 5799 4885 
5192 3704 4083 6227 3489 0 3708 3296 4936 5494 6385 4789 3866 6737 3880 4285 
4996 4024 4268 4813 5228 3708 0 2915 5124 5655 5934 4444 4243 5175 3325 4827 
4907 4093 5307 4501 4698 3296 2915 0 4348 5094 6890 4024 4045 5742 3578 3823 
4968 5151 5900 4500 5682 4936 5124 4348 0 3606 6040 2857 4436 5057 2882 4043 
5432 4861 5750 4347 4814 5494 5655 5094 3606 0 4475 4293 5388 5962 5113 3173 
5165 6094 4465 5503 4662 6385 5934 6890 6040 4475 0 5561 5559 5093 6443 5676 
3268 5202 4948 4916 4949 4789 4444 4024 2857 4293 5561 0 2336 4468 3273 4580 
2208 5030 3723 6117 3716 3866 4243 4045 4436 5388 5559 2336 0 5152 3882 5353 
4934 5889 5226 3930 6618 6737 5175 5742 5057 5962 5093 4468 5152 0 4847 5599 
4669 3810 4571 5194 5799 3880 3325 3578 2882 5113 6443 3273 3882 4847 0 4600 
6148 3676 5550 3572 4885 4285 4827 3823 4043 3173 5676 4580 5353 5599 4600 0 
