# rmTSP_12_4_20_euklid_1_100.mat
# n=12
# k=4
# a=20
# d="euklid"
# s=1
12
0 17 14 12 17 16 14 14 7 13 19 12 
17 0 13 24 16 24 18 12 15 10 11 22 
14 13 0 23 18 22 7 16 12 16 16 21 
12 24 23 0 15 9 22 23 12 19 20 5 
17 16 18 15 0 11 18 23 12 18 7 12 
16 24 22 9 11 0 20 26 15 21 18 5 
14 18 7 22 18 20 0 20 13 20 19 19 
14 12 16 23 23 26 20 0 15 9 21 23 
7 15 12 12 12 15 13 15 0 14 15 12 
13 10 16 19 18 21 20 9 14 0 15 18 
19 11 16 20 7 18 19 21 15 15 0 18 
12 22 21 5 12 5 19 23 12 18 18 0 
