# rmTSP_19_2_80_manhattan_1_100.mat
# n=19
# k=2
# a=80
# d="manhattan"
# s=1
19
0 86 56 60 70 103 111 59 111 93 70 9 50 129 50 46 86 92 57 
86 0 122 90 22 51 87 31 61 109 46 95 68 83 92 86 58 98 67 
56 122 0 32 106 71 55 91 61 37 76 51 54 73 30 36 64 36 55 
60 90 32 0 74 43 51 59 51 33 44 55 22 69 10 14 32 32 23 
70 22 106 74 0 59 71 15 67 93 30 79 52 85 76 70 42 82 51 
103 51 71 43 59 0 36 44 10 58 33 98 53 32 53 57 17 47 46 
111 87 55 51 71 36 0 56 26 22 41 106 61 18 61 65 29 19 54 
59 31 91 59 15 44 56 0 52 78 15 64 37 70 61 55 27 67 36 
111 61 61 51 67 10 26 52 0 48 41 106 61 22 61 65 25 37 54 
93 109 37 33 93 58 22 78 48 0 63 88 43 36 43 47 51 11 42 
70 46 76 44 30 33 41 15 41 63 0 65 22 59 46 40 16 52 21 
9 95 51 55 79 98 106 64 106 88 65 0 45 124 45 41 81 87 52 
50 68 54 22 52 53 61 37 61 43 22 45 0 79 24 18 36 42 7 
129 83 73 69 85 32 18 70 22 36 59 124 79 0 79 83 43 37 72 
50 92 30 10 76 53 61 61 61 43 46 45 24 79 0 6 36 42 25 
46 86 36 14 70 57 65 55 65 47 40 41 18 83 6 0 40 46 19 
86 58 64 32 42 17 29 27 25 51 16 81 36 43 36 40 0 40 29 
92 98 36 32 82 47 19 67 37 11 52 87 42 37 42 46 40 0 35 
57 67 55 23 51 46 54 36 54 42 21 52 7 72 25 19 29 35 0 
