# rmTSP_19_3_40_manhattan_101_100.mat
# n=19
# k=3
# a=40
# d="manhattan"
# s=101
19
0 3636 4141 4444 3434 1818 2424 4545 4141 3030 4949 3939 1818 6868 6969 1313 2222 4444 4949 
3636 0 2929 2828 3030 1818 3434 4949 4343 2626 1919 3131 4444 5454 3939 3535 1818 5454 4747 
4141 2929 0 2929 4343 2727 3131 4242 3838 3737 2222 606 2929 2727 3838 2828 2323 3131 2626 
4444 2828 2929 0 1818 3636 5454 3131 2525 1818 2323 2727 3232 5050 3333 3131 2424 6060 4343 
3434 3030 4343 1818 0 3838 5656 3737 3131 1010 2525 4545 3232 6868 5151 2525 2626 6868 6161 
1818 1818 2727 3636 3838 0 2424 4949 4545 3434 3535 2525 2626 5454 5555 1717 1212 4444 3737 
2424 3434 3131 5454 5656 2424 0 6767 6363 5252 3939 2929 4040 5858 6363 3333 3030 2020 4141 
4545 4949 4242 3131 3737 4949 6767 0 808 2727 5454 4040 2727 4949 4242 3434 3737 7373 4242 
4141 4343 3838 2525 3131 4545 6363 808 0 2121 4848 3636 2323 5757 4848 3030 3333 6969 5050 
3030 2626 3737 1818 1010 3434 5252 2727 2121 0 2727 3939 2222 6262 4545 1919 2222 6262 5555 
4949 1919 2222 2323 2525 3535 3939 5454 4848 2727 0 2828 4949 4545 4040 4040 2727 4545 4848 
3939 3131 606 2727 4545 2525 2929 4040 3636 3939 2828 0 2727 2929 3636 2626 2525 3333 2020 
1818 4444 2929 3232 3232 2626 4040 2727 2323 2222 4949 2727 0 5656 5757 909 2626 4646 3737 
6868 5454 2727 5050 6868 5454 5858 4949 5757 6262 4545 2929 5656 0 1717 5555 4848 5454 1919 
6969 3939 3838 3333 5151 5555 6363 4242 4848 4545 4040 3636 5757 1717 0 5656 4747 6969 2222 
1313 3535 2828 3131 2525 1717 3333 3434 3030 1919 4040 2626 909 5555 5656 0 1717 4343 3636 
2222 1818 2323 2424 2626 1212 3030 3737 3333 2222 2727 2525 2626 4848 4747 1717 0 4848 4141 
4444 5454 3131 6060 6868 4444 2020 7373 6969 6262 4545 3333 4646 5454 6969 4343 4848 0 4747 
4949 4747 2626 4343 6161 3737 4141 4242 5050 5555 4848 2020 3737 1919 2222 3636 4141 4747 0 
