# rmTSP_14_8_10_manhattan_1_100.mat
# n=14
# k=8
# a=10
# d="manhattan"
# s=1
14
0 38 33 35 26 30 34 27 25 17 24 28 34 38 
38 0 27 29 20 12 28 25 19 27 20 36 22 30 
33 27 0 14 25 27 31 22 18 26 21 27 19 21 
35 29 14 0 23 27 23 20 18 34 31 19 19 29 
26 20 25 23 0 20 14 17 13 19 28 32 24 26 
30 12 27 27 20 0 20 27 19 25 20 38 24 32 
34 28 31 23 14 20 0 25 23 29 32 30 26 28 
27 25 22 20 17 27 25 0 12 22 23 15 19 23 
25 19 18 18 13 19 23 12 0 22 23 27 21 27 
17 27 26 34 19 25 29 22 22 0 17 31 25 25 
24 20 21 31 28 20 32 23 23 17 0 26 22 24 
28 36 27 19 32 38 30 15 27 31 26 0 24 26 
34 22 19 19 24 24 26 19 21 25 22 24 0 32 
38 30 21 29 26 32 28 23 27 25 24 26 32 0 
