# rmTSP_13_6_20_euklid_1_100.mat
# n=13
# k=6
# a=20
# d="euklid"
# s=1
13
0 20 11 21 10 17 15 20 15 16 15 19 15 
20 0 12 15 15 12 20 14 14 8 19 19 18 
11 12 0 18 12 13 19 19 9 9 16 17 12 
21 15 18 0 21 20 22 21 19 16 18 20 22 
10 15 12 21 0 10 12 14 18 10 13 16 16 
17 12 13 20 10 0 13 8 20 10 11 11 21 
15 20 19 22 12 13 0 11 23 19 12 18 24 
20 14 19 21 14 8 11 0 22 15 14 16 25 
15 14 9 19 18 20 23 22 0 15 23 24 15 
16 8 9 16 10 10 19 15 15 0 16 17 13 
15 19 16 18 13 11 12 14 23 16 0 8 23 
19 19 17 20 16 11 18 16 24 17 8 0 25 
15 18 12 22 16 21 24 25 15 13 23 25 0 
