# rmTSP_13_4_40_manhattan_101_100.mat
# n=13
# k=4
# a=40
# d="manhattan"
# s=101
13
0 6464 5050 5454 4242 8080 4949 5757 4848 3636 6868 7070 3636 
6464 0 9898 4242 4242 7474 5151 2727 4040 5252 3232 7272 2828 
5050 9898 0 6060 5656 6464 4949 9191 7676 4646 10302 5858 7070 
5454 4242 6060 0 4646 11312 3131 4343 6868 2020 7070 10302 3434 
4242 4242 5656 4646 0 7070 6767 5151 2222 4242 5050 6060 4040 
8080 7474 6464 11312 7070 0 8787 8585 6666 9898 5252 1212 7878 
4949 5151 4949 3131 6767 8787 0 5252 7777 2727 7979 7777 3535 
5757 2727 9191 4343 5151 8585 5252 0 4545 4545 4343 7575 2323 
4848 4040 7676 6868 2222 6666 7777 4545 0 6464 4848 6262 4646 
3636 5252 4646 2020 4242 9898 2727 4545 6464 0 6666 8888 2424 
6868 3232 10302 7070 5050 5252 7979 4343 4848 6666 0 5252 4444 
7070 7272 5858 10302 6060 1212 7777 7575 6262 8888 5252 0 6868 
3636 2828 7070 3434 4040 7878 3535 2323 4646 2424 4444 6868 0 
