# rmTSP_19_3_40_manhattan_1_100.mat
# n=19
# k=3
# a=40
# d="manhattan"
# s=1
19
0 68 5 62 43 23 48 76 45 48 33 38 53 73 62 87 51 63 8 
68 0 73 36 39 45 30 36 23 38 39 30 29 23 12 21 21 27 60 
5 73 0 67 48 28 53 81 50 53 34 43 58 78 67 92 52 68 13 
62 36 67 0 19 57 14 50 43 14 71 62 9 45 48 35 47 63 54 
43 39 48 19 0 40 23 41 30 7 54 45 10 30 45 44 46 46 35 
23 45 28 57 40 0 51 53 28 47 14 15 48 50 43 64 44 40 17 
48 30 53 14 23 51 0 64 37 20 65 56 15 51 42 49 41 57 40 
76 36 81 50 41 53 64 0 43 44 47 38 49 13 36 15 53 21 68 
45 23 50 43 30 28 37 43 0 33 32 27 34 30 17 42 16 30 39 
48 38 53 14 7 47 20 44 33 0 61 52 9 35 44 39 45 53 40 
33 39 34 71 54 14 65 47 32 61 0 9 62 44 35 58 42 34 29 
38 30 43 62 45 15 56 38 27 52 9 0 53 35 30 49 37 25 30 
53 29 58 9 10 48 15 49 34 9 62 53 0 36 39 34 38 54 45 
73 23 78 45 30 50 51 13 30 35 44 35 36 0 23 16 40 18 65 
62 12 67 48 45 43 42 36 17 44 35 30 39 23 0 25 17 23 54 
87 21 92 35 44 64 49 15 42 39 58 49 34 16 25 0 40 34 79 
51 21 52 47 46 44 41 53 16 45 42 37 38 40 17 40 0 40 55 
63 27 68 63 46 40 57 21 30 53 34 25 54 18 23 34 40 0 55 
8 60 13 54 35 17 40 68 39 40 29 30 45 65 54 79 55 55 0 
