# rmTSP_11_6_20_manhattan_1_100.mat
# n=11
# k=6
# a=20
# d="manhattan"
# s=1
11
0 24 41 42 19 42 31 61 44 56 34 
24 0 57 62 27 56 45 49 62 76 54 
41 57 0 41 54 55 34 50 47 35 17 
42 62 41 0 39 26 39 45 22 26 34 
19 27 54 39 0 37 50 44 39 53 47 
42 56 55 26 37 0 55 29 14 34 38 
31 45 34 39 50 55 0 74 45 63 33 
61 49 50 45 44 29 74 0 43 41 41 
44 62 47 22 39 14 45 43 0 32 32 
56 76 35 26 53 34 63 41 32 0 36 
34 54 17 34 47 38 33 41 32 36 0 
