# rmTSP_14_8_80_euklid_1_100.mat
# n=14
# k=8
# a=80
# d="euklid"
# s=1
14
0 116 80 98 129 60 87 73 118 104 76 72 88 72 
116 0 94 108 88 66 86 84 89 82 101 98 85 91 
80 94 0 96 87 71 49 93 93 121 85 70 80 71 
98 108 96 0 88 86 101 80 101 92 80 79 118 79 
129 88 87 88 0 89 69 99 58 117 91 91 97 108 
60 66 71 86 89 0 70 53 81 74 55 63 68 70 
87 86 49 101 69 70 0 82 65 109 90 84 53 81 
73 84 93 80 99 53 82 0 86 66 54 94 89 71 
118 89 93 101 58 81 65 86 0 92 97 107 92 120 
104 82 121 92 117 74 109 66 92 0 104 120 103 99 
76 101 85 80 91 55 90 54 97 104 0 74 103 78 
72 98 70 79 91 63 84 94 107 120 74 0 97 82 
88 85 80 118 97 68 53 89 92 103 103 97 0 78 
72 91 71 79 108 70 81 71 120 99 78 82 78 0 
