# rmTSP_12_6_10_manhattan_1_100.mat
# n=12
# k=6
# a=10
# d="manhattan"
# s=1
12
0 21 20 24 19 13 13 16 23 23 17 28 
21 0 19 9 18 16 24 9 12 12 24 23 
20 19 0 16 25 19 19 18 15 11 27 24 
24 9 16 0 23 19 25 12 11 13 19 26 
19 18 25 23 0 20 24 17 20 20 28 15 
13 16 19 19 20 0 14 9 20 18 12 29 
13 24 19 25 24 14 0 21 22 20 16 31 
16 9 18 12 17 9 21 0 15 13 19 28 
23 12 15 11 20 20 22 15 0 14 24 19 
23 12 11 13 20 18 20 13 14 0 30 23 
17 24 27 19 28 12 16 19 24 30 0 33 
28 23 24 26 15 29 31 28 19 23 33 0 
