# rmTSP_10_6_80_maximum_101_100.mat
# n=10
# k=6
# a=80
# d="maximum"
# s=101
10
0 4545 5151 5858 4141 5858 5858 4949 3737 7878 
4545 0 2525 2525 4343 3939 4545 2626 5858 6060 
5151 2525 0 2828 4444 2626 4949 3939 7171 7070 
5858 2525 2828 0 2626 3838 5656 3131 5151 6363 
4141 4343 4444 2626 0 3030 3939 5151 6565 6464 
5858 3939 2626 3838 3030 0 5656 3838 7070 6969 
5858 4545 4949 5656 3939 5656 0 5353 6060 6969 
4949 2626 3939 3131 5151 3838 5353 0 4444 5151 
3737 5858 7171 5151 6565 7070 6060 4444 0 7676 
7878 6060 7070 6363 6464 6969 6969 5151 7676 0 
