# rmTSP_20_3_20_euklid_101_100.mat
# n=20
# k=3
# a=20
# d="euklid"
# s=101
20
0 662 1450 1775 1418 1538 1460 1619 1930 1074 1129 1729 1657 1632 1657 378 735 2133 1464 1229 
662 0 1403 1237 979 1005 1134 1152 1301 1186 1000 1301 1040 1169 1152 505 869 1555 1594 776 
1450 1403 0 1374 2111 2263 2140 1092 1982 463 2238 2659 2183 995 1681 1169 2043 1995 2466 1812 
1775 1237 1374 0 1732 1594 1414 286 700 1484 2104 1953 1317 714 606 1522 1927 647 2243 1542 
1418 979 2111 1732 0 505 1732 1755 1532 2015 655 903 769 1538 1755 1266 1464 1924 2305 303 
1538 1005 2263 1594 505 0 1389 1681 1216 2150 886 505 364 1619 1488 1435 1374 1622 2085 670 
1460 1134 2140 1414 1732 1389 0 1471 1160 1906 1732 1363 1270 1857 857 1522 1030 1266 1015 1681 
1619 1152 1092 286 1755 1681 1471 0 947 1212 2075 2055 1450 589 728 1351 1862 909 2197 1528 
1930 1301 1982 700 1532 1216 1160 947 0 2000 1943 1478 869 1220 606 1746 1840 416 2150 1460 
1074 1186 463 1484 2015 2150 1906 1212 2000 0 2015 2486 2114 1220 1629 875 1678 2043 2082 1729 
1129 1000 2238 2104 655 886 1732 2075 1943 2015 0 1000 1212 1932 2005 1147 1097 2305 2007 735 
1729 1301 2659 1953 903 505 1363 2055 1478 2486 1000 0 714 2080 1708 1729 1348 1860 1961 1111 
1657 1040 2183 1317 769 364 1270 1450 869 2114 1212 714 0 1450 1220 1515 1505 1282 2107 839 
1632 1169 995 714 1538 1619 1857 589 1220 1220 1932 2080 1450 0 1220 1282 2015 1321 2549 1282 
1657 1152 1681 606 1755 1488 857 728 606 1629 2005 1708 1220 1220 0 1522 1591 544 1741 1619 
378 505 1169 1522 1266 1435 1522 1351 1746 875 1147 1729 1515 1282 1522 0 1005 1953 1732 1020 
735 869 2043 1927 1464 1374 1030 1862 1840 1678 1097 1348 1505 2015 1591 1005 0 2062 931 1403 
2133 1555 1995 647 1924 1622 1266 909 416 2043 2305 1860 1282 1321 544 1953 2062 0 2227 1824 
1464 1594 2466 2243 2305 2085 1015 2197 2150 2082 2007 1961 2107 2549 1741 1732 931 2227 0 2245 
1229 776 1812 1542 303 670 1681 1528 1460 1729 735 1111 839 1282 1619 1020 1403 1824 2245 0 
