# rmTSP_12_3_10_euklid_101_100.mat
# n=12
# k=3
# a=10
# d="euklid"
# s=101
12
0 525 580 495 662 101 525 416 378 544 404 143 
525 0 515 335 606 429 756 378 735 915 598 580 
580 515 0 678 1000 515 742 670 525 795 909 544 
495 335 678 0 335 416 525 544 821 1015 495 515 
662 606 1000 335 0 623 670 685 1035 1169 440 707 
101 429 515 416 623 0 515 378 416 606 416 175 
525 756 742 525 670 515 0 869 763 1000 721 416 
416 378 670 544 685 378 869 0 598 655 416 544 
378 735 525 821 1035 416 763 598 0 303 742 378 
544 915 795 1015 1169 606 1000 655 303 0 789 598 
404 598 909 495 440 416 721 416 742 789 0 515 
143 580 544 515 707 175 416 544 378 598 515 0 
