# rmTSP_20_3_10_euklid_101_100.mat
# n=20
# k=3
# a=10
# d="euklid"
# s=101
20
0 707 863 525 623 814 1220 1015 429 1169 763 839 776 714 614 505 795 863 903 1169 
707 0 670 429 789 990 1005 728 303 875 857 553 429 886 1059 795 364 452 416 721 
863 670 0 378 789 880 920 857 580 920 606 143 378 678 769 515 678 756 505 1045 
525 429 378 0 544 714 886 714 226 839 515 319 286 544 655 378 463 553 440 886 
623 789 789 544 0 226 655 544 606 655 303 735 580 247 598 525 571 580 685 821 
814 990 880 714 226 0 598 606 814 662 286 845 714 226 623 623 735 728 814 920 
1220 1005 920 886 655 598 0 335 1000 202 598 839 678 655 1111 995 655 598 655 606 
1015 728 857 714 544 606 335 0 763 175 606 742 515 647 1078 915 364 286 463 335 
429 303 580 226 606 814 1000 763 0 915 678 505 416 685 776 525 452 544 515 869 
1169 875 920 839 655 662 202 175 915 0 662 814 614 714 1165 1015 515 440 553 404 
763 857 606 515 303 286 598 606 678 662 0 589 515 101 515 429 647 670 647 920 
839 553 143 319 735 845 839 742 505 814 589 0 247 662 821 553 544 623 364 909 
776 429 378 286 580 714 678 515 416 614 515 247 0 580 845 589 303 378 175 678 
714 886 678 544 247 226 655 647 685 714 101 662 580 0 463 416 685 707 714 958 
614 1059 769 655 598 623 1111 1078 776 1165 515 821 845 463 0 286 1005 1059 1015 1359 
505 795 515 378 525 623 995 915 525 1015 429 553 589 416 286 0 776 845 763 1165 
795 364 678 463 571 735 655 364 452 515 647 544 303 685 1005 776 0 101 247 429 
863 452 756 553 580 728 598 286 544 440 670 623 378 707 1059 845 101 0 303 335 
903 416 505 440 685 814 655 463 515 553 647 364 175 714 1015 763 247 303 0 553 
1169 721 1045 886 821 920 606 335 869 404 920 909 678 958 1359 1165 429 335 553 0 
