# rmTSP_12_2_80_maximum_101_100.mat
# n=12
# k=2
# a=80
# d="maximum"
# s=101
12
0 909 1111 7272 5252 3333 6464 5959 3131 2020 6363 6868 
909 0 1010 7373 5353 3434 6565 6060 2222 2121 6464 6969 
1111 1010 0 6363 4343 2424 5555 5050 2020 1111 5454 5959 
7272 7373 6363 0 2020 3939 808 3737 6262 5252 1515 404 
5252 5353 4343 2020 0 2929 1212 2727 4242 3232 2525 1616 
3333 3434 2424 3939 2929 0 4040 2626 2323 1515 5454 4343 
6464 6565 5555 808 1212 4040 0 3838 5454 4444 1414 404 
5959 6060 5050 3737 2727 2626 3838 0 4949 3939 5252 4141 
3131 2222 2020 6262 4242 2323 5454 4949 0 2121 6060 5858 
2020 2121 1111 5252 3232 1515 4444 3939 2121 0 4343 4848 
6363 6464 5454 1515 2525 5454 1414 5252 6060 4343 0 1111 
6868 6969 5959 404 1616 4343 404 4141 5858 4848 1111 0 
