# rmTSP_16_8_80_maximum_101_100.mat
# n=16
# k=8
# a=80
# d="maximum"
# s=101
16
0 6666 3939 7272 5454 6464 5757 7272 6262 7070 7474 6565 5757 6363 6666 5252 
6666 0 5151 5353 5757 6161 6666 6262 7171 3838 4040 5050 5757 7070 5656 5656 
3939 5151 0 5858 3434 3939 2323 6666 6969 5656 5858 4949 4141 4747 4848 3333 
7272 5353 5858 0 6767 3636 6464 6868 7474 4343 6161 6969 7878 6464 5959 6969 
5454 5757 3434 6767 0 4848 4444 6868 7171 5858 5454 6969 6262 6767 4444 4343 
6464 6161 3939 3636 4848 0 4545 7878 5555 3535 5454 7979 7272 4444 4444 4444 
5757 6666 2323 6464 4444 4545 0 6969 7272 6060 7474 6565 5757 6464 6464 4646 
7272 6262 6666 6868 6868 7878 6969 0 4545 7272 5959 7373 3939 6666 7373 5656 
6262 7171 6969 7474 7171 5555 7272 4545 0 7575 6363 7676 5353 7474 7979 6565 
7070 3838 5656 4343 5858 3535 6060 7272 7575 0 4646 5555 4444 7171 4646 5757 
7474 4040 5858 6161 5454 5454 7474 5959 6363 4646 0 5656 4949 5353 3535 7070 
6565 5050 4949 6969 6969 7979 6565 7373 7676 5555 5656 0 4646 6363 7474 5454 
5757 5757 4141 7878 6262 7272 5757 3939 5353 4444 4949 4646 0 7878 6767 5555 
6363 7070 4747 6464 6767 4444 6464 6666 7474 7171 5353 6363 7878 0 6969 6969 
6666 5656 4848 5959 4444 4444 6464 7373 7979 4646 3535 7474 6767 6969 0 5757 
5252 5656 3333 6969 4343 4444 4646 5656 6565 5757 7070 5454 5555 6969 5757 0 
