# rmTSP_11_6_80_manhattan_1_100.mat
# n=11
# k=6
# a=80
# d="manhattan"
# s=1
11
0 157 218 201 117 227 124 162 163 186 194 
157 0 177 148 138 120 171 179 70 171 91 
218 177 0 189 105 117 168 146 177 210 228 
201 148 189 0 190 72 157 219 82 283 231 
117 138 105 190 0 152 107 81 156 181 183 
227 120 117 72 152 0 161 185 94 249 211 
124 171 168 157 107 161 0 114 131 156 214 
162 179 146 219 81 185 114 0 189 174 210 
163 70 177 82 156 94 131 189 0 219 151 
186 171 210 283 181 249 156 174 219 0 166 
194 91 228 231 183 211 214 210 151 166 0 
