# rmTSP_10_6_20_manhattan_1_100.mat
# n=10
# k=6
# a=20
# d="manhattan"
# s=1
10
0 38 62 16 52 38 53 22 28 58 
38 0 40 30 36 48 41 48 44 28 
62 40 0 56 42 38 31 56 56 22 
16 30 56 0 50 34 51 32 26 56 
52 36 42 50 0 62 49 46 38 34 
38 48 38 34 62 0 35 38 48 50 
53 41 31 51 49 35 0 47 43 43 
22 48 56 32 46 38 47 0 18 52 
28 44 56 26 38 48 43 18 0 56 
58 28 22 56 34 50 43 52 56 0 
