# rmTSP_12_4_40_maximum_101_100.mat
# n=12
# k=4
# a=40
# d="maximum"
# s=101
12
0 2929 3333 3232 3333 3030 2020 2424 2626 3737 2525 3333 
2929 0 2828 3838 3232 3535 1212 1919 2323 1717 1212 2323 
3333 2828 0 2828 1717 2525 2222 2828 3838 2929 2727 3535 
3232 3838 2828 0 2626 2727 2828 3030 2626 2121 3434 2222 
3333 3232 1717 2626 0 2828 2020 3232 2121 1818 2121 2424 
3030 3535 2525 2727 2828 0 2525 2727 3737 2828 3131 3434 
2020 1212 2222 2828 2020 2525 0 1717 2727 2626 1616 2424 
2424 1919 2828 3030 3232 2727 1717 0 2121 1414 1515 909 
2626 2323 3838 2626 2121 3737 2727 2121 0 1111 1212 1313 
3737 1717 2929 2121 1818 2828 2626 1414 1111 0 2323 606 
2525 1212 2727 3434 2121 3131 1616 1515 1212 2323 0 1919 
3333 2323 3535 2222 2424 3434 2424 909 1313 606 1919 0 
