# rmTSP_11_8_20_manhattan_1_100.mat
# n=11
# k=8
# a=20
# d="manhattan"
# s=1
11
0 42 52 41 57 55 48 31 59 49 64 
42 0 42 53 49 59 60 55 73 29 52 
52 42 0 73 73 67 50 33 39 59 48 
41 53 73 0 56 58 57 68 74 62 73 
57 49 73 56 0 66 49 58 80 58 77 
55 59 67 58 66 0 65 50 56 46 31 
48 60 50 57 49 65 0 51 75 81 80 
31 55 33 68 58 50 51 0 42 50 49 
59 73 39 74 80 56 75 42 0 58 37 
49 29 59 62 58 46 81 50 58 0 39 
64 52 48 73 77 31 80 49 37 39 0 
