# rmTSP_19_4_80_maximum_1_100.mat
# n=19
# k=4
# a=80
# d="maximum"
# s=1
19
0 49 43 53 29 46 34 61 42 29 50 54 54 26 62 43 54 47 31 
49 0 32 42 54 52 35 58 30 50 37 61 42 54 34 22 42 36 63 
43 32 0 42 47 20 29 56 37 52 39 29 15 22 57 45 24 53 32 
53 42 42 0 55 62 34 24 40 60 52 71 41 64 54 53 31 61 73 
29 54 47 55 0 51 39 66 47 6 49 59 58 40 67 32 58 27 49 
46 52 20 62 51 0 32 55 26 47 59 9 35 22 46 52 31 56 15 
34 35 29 34 39 32 0 27 24 33 43 40 32 40 28 28 32 32 39 
61 58 56 24 66 55 27 0 47 60 70 63 59 67 50 55 42 57 49 
42 30 37 40 47 26 24 47 0 41 51 31 40 48 35 36 22 42 33 
29 50 52 60 6 47 33 60 41 0 54 55 63 40 61 28 63 21 49 
50 37 39 52 49 59 43 70 51 54 0 68 24 61 71 47 38 55 70 
54 61 29 71 59 9 40 63 31 55 68 0 44 28 48 61 40 65 23 
54 42 15 41 58 35 32 59 40 63 24 44 0 37 60 56 27 64 46 
26 54 22 64 40 22 40 67 48 40 61 28 37 0 68 54 35 58 21 
62 34 57 54 67 46 28 50 35 61 71 48 60 68 0 56 57 40 47 
43 22 45 53 32 52 28 55 36 28 47 61 56 54 56 0 56 16 63 
54 42 24 31 58 31 32 42 22 63 38 40 27 35 57 56 0 64 43 
47 36 53 61 27 56 32 57 42 21 55 65 64 58 40 16 64 0 67 
31 63 32 73 49 15 39 49 33 49 70 23 46 21 47 63 43 67 0 
