# rmTSP_15_6_80_euklid_1_100.mat
# n=15
# k=6
# a=80
# d="euklid"
# s=1
15
0 56 69 68 91 50 72 74 80 70 87 73 74 73 70 
56 0 55 78 69 31 56 67 72 69 105 63 75 78 102 
69 55 0 69 61 58 72 63 87 80 86 73 55 73 96 
68 78 69 0 69 67 90 64 100 59 80 34 44 98 65 
91 69 61 69 0 79 52 52 68 97 85 65 64 103 122 
50 31 58 67 79 0 78 82 87 68 111 56 64 92 90 
72 56 72 90 52 78 0 47 33 96 79 84 91 79 120 
74 67 63 64 52 82 47 0 62 68 50 67 80 61 91 
80 72 87 100 68 87 33 62 0 108 78 99 108 88 125 
70 69 80 59 97 68 96 68 108 0 94 54 85 72 55 
87 105 86 80 85 111 79 50 78 94 0 100 101 71 89 
73 63 73 34 65 56 84 67 99 54 100 0 51 103 83 
74 75 55 44 64 64 91 80 108 85 101 51 0 110 94 
73 78 73 98 103 92 79 61 88 72 71 103 110 0 85 
70 102 96 65 122 90 120 91 125 55 89 83 94 85 0 
