# rmTSP_19_6_40_manhattan_101_100.mat
# n=19
# k=6
# a=40
# d="manhattan"
# s=101
19
0 4040 5555 8080 9292 6262 7979 7979 10706 8888 4242 7373 7676 7878 7777 9898 3434 6363 3838 
4040 0 8383 7878 10908 7070 7171 5555 10706 5454 5050 5757 6060 6262 6969 7474 6262 6363 7070 
5555 8383 0 7979 8585 8787 6060 6666 7979 8787 5757 9898 8585 10201 9696 8585 6161 8080 7777 
8080 7878 7979 0 7676 6262 8181 9999 10706 7272 4646 5353 9090 12726 4949 11716 9090 8787 7676 
9292 10908 8585 7676 0 5050 9797 9999 5858 7474 10100 8181 8484 8686 9393 9696 10100 5353 7676 
6262 7070 8787 6262 5050 0 10807 11211 9090 7676 9494 5757 12322 10504 8585 13130 7474 8383 4848 
7979 7171 6060 8181 9797 10807 0 3030 9393 8181 4747 7474 6565 8585 4848 4141 6161 5252 10807 
7979 5555 6666 9999 9999 11211 3030 0 6969 6363 6363 9898 4141 5555 6666 2525 6363 5454 11211 
10706 10706 7979 10706 5858 9090 9393 6969 0 6464 11716 12827 7070 7676 13433 7676 9494 8383 12524 
8888 5454 8787 7272 7474 7676 8181 6363 6464 0 8080 6565 7474 7474 9797 6464 11110 6161 11918 
4242 5050 5757 4646 10100 9494 4747 6363 11716 8080 0 6767 5454 8888 3939 8080 6262 5959 7070 
7373 5757 9898 5353 8181 5757 7474 9898 12827 6565 6767 0 10403 11211 5858 9595 9393 6868 7575 
7676 6060 8585 9090 8484 12322 6565 4141 7070 7474 5454 10403 0 4040 7777 5252 8080 4949 10908 
7878 6262 10201 12726 8686 10504 8585 5555 7676 7474 8888 11211 4040 0 9393 6868 9090 5151 11716 
7777 6969 9696 4949 9393 8585 4848 6666 13433 9797 3939 5858 7777 9393 0 7373 6767 6060 8383 
9898 7474 8585 11716 9696 13130 4141 2525 7676 6464 8080 9595 5252 6868 7373 0 7474 5151 13130 
3434 6262 6161 9090 10100 7474 6161 6363 9494 11110 6262 9393 8080 9090 6767 7474 0 7575 5858 
6363 6363 8080 8787 5353 8383 5252 5454 8383 6161 5959 6868 4949 5151 6060 5151 7575 0 8585 
3838 7070 7777 7676 7676 4848 10807 11211 12524 11918 7070 7575 10908 11716 8383 13130 5858 8585 0 
