# rmTSP_14_3_40_maximum_101_100.mat
# n=14
# k=3
# a=40
# d="maximum"
# s=101
14
0 1616 1717 2323 808 2525 2626 808 2222 1919 2121 1111 2121 2828 
1616 0 1616 1616 2424 2424 2222 2424 2121 1616 1414 1111 1212 2727 
1717 1616 0 2525 2121 1616 2828 2121 808 2121 2323 808 1616 1111 
2323 1616 2525 0 3131 2929 2727 3131 2626 2323 606 2020 1717 3232 
808 2424 2121 3131 0 2727 2929 303 2929 2222 2525 1313 2929 2828 
2525 2424 1616 2929 2727 0 1212 2828 1212 1919 2929 1414 1212 1717 
2626 2222 2828 2727 2929 1212 0 2929 2424 2121 2727 2323 1212 1919 
808 2424 2121 3131 303 2828 2929 0 2929 2020 2525 1414 2929 3131 
2222 2121 808 2626 2929 1212 2424 2929 0 2121 2626 1616 1212 1919 
1919 1616 2121 2323 2222 1919 2121 2020 2121 0 1717 1616 2121 2222 
2121 1414 2323 606 2525 2929 2727 2525 2626 1717 0 1818 1717 3232 
1111 1111 808 2020 1313 1414 2323 1414 1616 1616 1818 0 1616 1717 
2121 1212 1616 1717 2929 1212 1212 2929 1212 2121 1717 1616 0 1919 
2828 2727 1111 3232 2828 1717 1919 3131 1919 2222 3232 1717 1919 0 
