# rmTSP_17_6_80_euklid_101_100.mat
# n=17
# k=6
# a=80
# d="euklid"
# s=101
17
0 7469 7695 5900 8593 9219 9155 12137 5861 10439 7222 11437 8747 7085 5523 11996 7975 
7469 0 9083 9263 7363 5917 5099 10018 4348 8059 5669 6758 8530 7713 4119 7098 8286 
7695 9083 0 5512 7082 7301 9054 9484 7710 8518 4183 11273 9705 7859 6506 9871 5399 
5900 9263 5512 0 9934 10171 10195 11173 6617 7355 5854 10024 8564 7372 6343 12205 6982 
8593 7363 7082 9934 0 7118 7157 9563 9223 11435 6403 11053 11808 9647 6409 7840 6355 
9219 5917 7301 10171 7118 0 4745 9221 6433 8640 6221 9748 10514 8755 6591 7138 7035 
9155 5099 9054 10195 7157 4745 0 10880 6908 8406 7182 7080 12205 10480 5510 8797 7597 
12137 10018 9484 11173 9563 9221 10880 0 9418 8972 8881 11322 8561 6790 11055 5445 6149 
5861 4348 7710 6617 9223 6433 6908 9418 0 5998 5349 7627 6056 5202 4863 8627 7266 
10439 8059 8518 7355 11435 8640 8406 8972 5998 0 6706 5637 8655 8162 7829 9496 7647 
7222 5669 4183 5854 6403 6221 7182 8881 5349 6706 0 8126 7915 6837 3799 7568 6117 
11437 6758 11273 10024 11053 9748 7080 11322 7627 5637 8126 0 11327 10944 7367 9855 9821 
8747 8530 9705 8564 11808 10514 12205 8561 6056 8655 7915 11327 0 3165 9353 9069 9404 
7085 7713 7859 7372 9647 8755 10480 6790 5202 8162 6837 10944 3165 0 8160 8058 6664 
5523 4119 6506 6343 6409 6591 5510 11055 4863 7829 3799 7367 9353 8160 0 9283 7259 
11996 7098 9871 12205 7840 7138 8797 5445 8627 9496 7568 9855 9069 8058 9283 0 8043 
7975 8286 5399 6982 6355 7035 7597 6149 7266 7647 6117 9821 9404 6664 7259 8043 0 
