# rmTSP_16_4_40_manhattan_101_100.mat
# n=16
# k=4
# a=40
# d="manhattan"
# s=101
16
0 7575 2727 4444 4545 2626 4646 2929 2020 2525 5353 7878 7777 3434 4343 6363 
7575 0 5454 8181 5252 7171 3939 7070 6161 7676 2828 4747 7878 6969 4242 4848 
2727 5454 0 6161 3434 5151 5353 5050 4343 5252 3434 6161 7272 2121 6464 3636 
4444 8181 6161 0 3535 3636 5656 5151 3838 4141 5353 10302 6363 7878 5353 4949 
4545 5252 3434 3535 0 5151 4141 5454 3131 5656 2424 8181 5858 5151 4848 1818 
2626 7171 5151 3636 5151 0 3232 1515 2222 1515 4949 6666 7979 4646 3333 6565 
4646 3939 5353 5656 4141 3232 0 3131 2828 4343 2525 5050 5959 5252 2929 5555 
2929 7070 5050 5151 5454 1515 3131 0 2727 2626 4848 5757 7474 4343 3232 6868 
2020 6161 4343 3838 3131 2222 2828 2727 0 2929 3939 7878 8383 4646 2323 4949 
2525 7676 5252 4141 5656 1515 4343 2626 2929 0 5454 6161 6464 4343 4040 7070 
5353 2828 3434 5353 2424 4949 2525 4848 3939 5454 0 5757 5858 5151 3838 3030 
7878 4747 6161 10302 8181 6666 5050 5757 7878 6161 5757 0 6363 4444 7979 7575 
7777 7878 7272 6363 5858 7979 5959 7474 8383 6464 5858 6363 0 7575 8484 7272 
3434 6969 2121 7878 5151 4646 5252 4343 4646 4343 5151 4444 7575 0 6767 5757 
4343 4242 6464 5353 4848 3333 2929 3232 2323 4040 3838 7979 8484 6767 0 5858 
6363 4848 3636 4949 1818 6565 5555 6868 4949 7070 3030 7575 7272 5757 5858 0 
