# rmTSP_10_4_40_euklid_101_100.mat
# n=10
# k=4
# a=40
# d="euklid"
# s=101
10
0 3855 3325 2048 2988 3595 1392 3263 3657 1741 
3855 0 1638 3139 2773 3628 3506 2866 1932 3694 
3325 1638 0 2492 2727 4111 3106 2499 2764 2946 
2048 3139 2492 0 3020 4727 1764 3391 3711 2948 
2988 2773 2727 3020 0 3930 3682 963 3757 3513 
3595 3628 4111 4727 3930 0 3685 3931 2281 2958 
1392 3506 3106 1764 3682 3685 0 3971 3072 1987 
3263 2866 2499 3391 963 3931 3971 0 3842 3345 
3657 1932 2764 3711 3757 2281 3072 3842 0 3133 
1741 3694 2946 2948 3513 2958 1987 3345 3133 0 
