# rmTSP_12_6_20_euklid_1_100.mat
# n=12
# k=6
# a=20
# d="euklid"
# s=1
12
0 15 14 16 15 14 24 24 18 18 13 28 
15 0 11 20 11 16 18 23 22 19 21 22 
14 11 0 15 5 14 11 17 19 16 15 21 
16 20 15 0 15 15 22 15 17 12 11 19 
15 11 5 15 0 12 12 20 17 16 15 22 
14 16 14 15 12 0 18 24 20 19 14 27 
24 18 11 22 12 18 0 19 27 24 22 25 
24 23 17 15 20 24 19 0 24 16 21 18 
18 22 19 17 17 20 27 24 0 10 19 29 
18 19 16 12 16 19 24 16 10 0 19 22 
13 21 15 11 15 14 22 21 19 19 0 24 
28 22 21 19 22 27 25 18 29 22 24 0 
