# rmTSP_20_2_80_manhattan_101_100.mat
# n=20
# k=2
# a=80
# d="manhattan"
# s=101
20
0 9797 3434 4343 4040 7272 7070 1919 9292 707 6363 3232 3737 2020 8585 10605 6464 2020 7272 3535 
9797 0 6363 5454 5757 4141 3939 7878 6161 9090 3434 6565 6060 9393 6060 1414 3333 7777 2929 6464 
3434 6363 0 6161 3838 9292 3636 1515 11312 2727 5353 4444 4545 4040 10605 7171 6262 4040 3838 5555 
4343 5454 6161 0 2323 3131 4949 4848 5151 3636 2020 1717 1616 3939 4444 6262 2121 2323 3939 1010 
4040 5757 3838 2323 0 5454 3030 2525 7474 3333 2323 808 707 3636 6767 6565 2424 2020 3232 1717 
7272 4141 9292 3131 5454 0 8080 7979 2020 6767 3939 4848 4747 5252 1919 5555 3030 5252 7070 3737 
7070 3939 3636 4949 3030 8080 0 5151 10100 6363 4141 3838 3333 6666 9393 3535 5050 5050 1010 4343 
1919 7878 1515 4848 2525 7979 5151 0 9999 1212 4444 3131 3232 2727 9292 8686 4949 2727 5353 4242 
9292 6161 11312 5151 7474 2020 10100 9999 0 8787 5959 6868 6767 7272 1717 7575 5050 7272 9090 5757 
707 9090 2727 3636 3333 6767 6363 1212 8787 0 5656 2525 3030 1515 8080 9898 5757 1515 6565 3030 
6363 3434 5353 2020 2323 3939 4141 4444 5959 5656 0 3131 2626 5959 5252 4242 909 4343 3131 3030 
3232 6565 4444 1717 808 4848 3838 3131 6868 2525 3131 0 505 2828 6161 7373 3232 1212 4040 1111 
3737 6060 4545 1616 707 4747 3333 3232 6767 3030 2626 505 0 3333 6060 6868 2727 1717 3535 1010 
2020 9393 4040 3939 3636 5252 6666 2727 7272 1515 5959 2828 3333 0 6565 10201 6060 1616 6868 2929 
8585 6060 10605 4444 6767 1919 9393 9292 1717 8080 5252 6161 6060 6565 0 6868 4343 6565 8383 5050 
10605 1414 7171 6262 6565 5555 3535 8686 7575 9898 4242 7373 6868 10201 6868 0 4141 8585 3333 7272 
6464 3333 6262 2121 2424 3030 5050 4949 5050 5757 909 3232 2727 6060 4343 4141 0 4444 4040 3131 
2020 7777 4040 2323 2020 5252 5050 2727 7272 1515 4343 1212 1717 1616 6565 8585 4444 0 5252 1515 
7272 2929 3838 3939 3232 7070 1010 5353 9090 6565 3131 4040 3535 6868 8383 3333 4040 5252 0 3939 
3535 6464 5555 1010 1717 3737 4343 4242 5757 3030 3030 1111 1010 2929 5050 7272 3131 1515 3939 0 
