# rmTSP_17_4_80_euklid_101_100.mat
# n=17
# k=4
# a=80
# d="euklid"
# s=101
17
0 4136 6144 7565 7017 5912 4012 5779 5834 3022 6722 7848 5287 7951 2867 4524 3764 
4136 0 4103 9396 6798 5085 5957 3379 7225 4879 6679 8565 5457 7109 6321 3732 7523 
6144 4103 0 11341 10314 7091 7436 5414 9514 5571 9348 10884 8259 8109 6625 6770 9833 
7565 9396 11341 0 6232 7471 5647 8811 6652 8001 4927 6393 4674 8522 8486 6584 7689 
7017 6798 10314 6232 0 4914 6066 5798 5101 8718 2659 4719 2880 6777 9503 4930 7959 
5912 5085 7091 7471 4914 0 3744 2325 3694 7673 3469 4078 3577 2455 7668 5578 8548 
4012 5957 7436 5647 6066 3744 0 5098 3060 5817 4519 4650 3883 5027 4850 5694 5957 
5779 3379 5414 8811 5798 2325 5098 0 5669 7091 4925 6327 4501 3955 7725 4954 9001 
5834 7225 9514 6652 5101 3694 3060 5669 0 8321 4215 2511 4412 4836 7209 7057 6872 
3022 4879 5571 8001 8718 7673 5817 7091 8321 0 8144 9974 6549 9489 3412 4647 5422 
6722 6679 9348 4927 2659 3469 4519 4925 4215 8144 0 3443 1672 4862 8712 4946 8278 
7848 8565 10884 6393 4719 4078 4650 6327 2511 9974 3443 0 4546 4473 9333 7822 8874 
5287 5457 8259 4674 2880 3577 3883 4501 4412 6549 1672 4546 0 5487 7407 3419 7023 
7951 7109 8109 8522 6777 2455 5027 3955 4836 9489 4862 4473 5487 0 9167 7734 10577 
2867 6321 6625 8486 9503 7668 4850 7725 7209 3412 8712 9333 7407 9167 0 6896 4541 
4524 3732 6770 6584 4930 5578 5694 4954 7057 4647 4946 7822 3419 7734 6896 0 6764 
3764 7523 9833 7689 7959 8548 5957 9001 6872 5422 8278 8874 7023 10577 4541 6764 0 
