# rmTSP_17_4_40_maximum_1_100.mat
# n=17
# k=4
# a=40
# d="maximum"
# s=1
17
0 22 25 27 26 11 17 25 11 28 27 19 27 18 26 26 25 
22 0 27 8 22 18 20 24 16 28 22 4 33 24 32 12 31 
25 27 0 34 38 22 32 6 32 39 32 23 16 20 15 29 27 
27 8 34 0 15 25 21 31 21 29 29 11 34 28 33 19 32 
26 22 38 15 0 29 14 35 33 22 33 24 27 30 33 30 28 
11 18 22 25 29 0 25 19 17 33 20 14 38 29 37 19 36 
17 20 32 21 14 25 0 29 21 16 27 16 19 24 27 18 16 
25 24 6 31 35 19 29 0 32 36 32 23 19 16 18 29 27 
11 16 32 21 33 17 21 32 0 22 21 13 26 18 25 20 24 
28 28 39 29 22 33 16 36 22 0 34 24 26 31 34 24 24 
27 22 32 29 33 20 27 32 21 34 0 18 36 28 35 15 34 
19 4 23 11 24 14 16 23 13 24 18 0 29 20 28 8 27 
27 33 16 34 27 38 19 19 26 26 36 29 0 9 8 21 15 
18 24 20 28 30 29 24 16 18 31 28 20 9 0 15 27 11 
26 32 15 33 33 37 27 18 25 34 35 28 8 15 0 20 13 
26 12 29 19 30 19 18 29 20 24 15 8 21 27 20 0 22 
25 31 27 32 28 36 16 27 24 24 34 27 15 11 13 22 0 
