# rmTSP_12_4_40_manhattan_101_100.mat
# n=12
# k=4
# a=40
# d="manhattan"
# s=101
12
0 5959 4444 5555 5858 4747 4949 5050 5858 9797 8888 6161 
5959 0 4141 4242 6161 7070 7676 3333 3535 6464 5555 4242 
4444 4141 0 1717 4848 4343 4949 2626 6262 9595 4646 5959 
5555 4242 1717 0 4141 4444 5050 2727 6363 8484 3333 6060 
5858 6161 4848 4141 0 2323 3333 4646 6464 5555 3838 4343 
4747 7070 4343 4444 2323 0 2020 5353 7979 7070 4747 5050 
4949 7676 4949 5050 3333 2020 0 6161 9797 8888 5353 6868 
5050 3333 2626 2727 4646 5353 6161 0 3636 7171 4040 6565 
5858 3535 6262 6363 6464 7979 9797 3636 0 3939 6262 4141 
9797 6464 9595 8484 5555 7070 8888 7171 3939 0 5353 3636 
8888 5555 4646 3333 3838 4747 5353 4040 6262 5353 0 6161 
6161 4242 5959 6060 4343 5050 6868 6565 4141 3636 6161 0 
