# rmTSP_12_8_80_euklid_101_100.mat
# n=12
# k=8
# a=80
# d="euklid"
# s=101
12
0 10271 9458 8575 11245 10581 8518 11389 9609 9665 9995 8837 
10271 0 7086 9318 9881 8608 6584 9988 10345 8740 7848 10043 
9458 7086 0 10061 11421 10471 10654 8508 8664 9651 8513 7268 
8575 9318 10061 0 10392 11059 9094 9280 9105 12441 6756 10873 
11245 9881 11421 10392 0 9631 10788 10603 10720 10719 9663 12484 
10581 8608 10471 11059 9631 0 9109 11347 8827 6412 10940 11971 
8518 6584 10654 9094 10788 9109 0 13957 13183 11146 9984 11857 
11389 9988 8508 9280 10603 11347 13957 0 4911 10087 6464 11668 
9609 10345 8664 9105 10720 8827 13183 4911 0 7233 8998 9561 
9665 8740 9651 12441 10719 6412 11146 10087 7233 0 11892 9409 
9995 7848 8513 6756 9663 10940 9984 6464 8998 11892 0 12943 
8837 10043 7268 10873 12484 11971 11857 11668 9561 9409 12943 0 
