# rmTSP_11_4_20_euklid_1_100.mat
# n=11
# k=4
# a=20
# d="euklid"
# s=1
11
0 11 17 21 12 21 9 17 19 17 19 
11 0 18 16 9 21 11 17 15 13 14 
17 18 0 12 12 12 11 8 16 15 10 
21 16 12 0 9 16 16 12 21 20 10 
12 9 12 9 0 16 10 12 17 16 10 
21 21 12 16 16 0 12 5 16 18 11 
9 11 11 16 10 12 0 9 11 11 11 
17 17 8 12 12 5 9 0 14 15 8 
19 15 16 21 17 16 11 14 0 5 11 
17 13 15 20 16 18 11 15 5 0 11 
19 14 10 10 10 11 11 8 11 11 0 
