# rmTSP_12_3_40_euklid_1_100.mat
# n=12
# k=3
# a=40
# d="euklid"
# s=1
12
0 20 19 27 18 23 30 32 25 32 20 25 
20 0 35 27 20 24 25 34 14 16 35 24 
19 35 0 28 33 24 34 25 35 41 8 31 
27 27 28 0 41 6 7 31 35 25 34 8 
18 20 33 41 0 36 41 37 17 34 29 38 
23 24 24 6 36 0 10 26 29 22 29 11 
30 25 34 7 41 10 0 34 33 20 39 7 
32 34 25 31 37 26 34 0 27 31 24 36 
25 14 35 35 17 29 33 27 0 20 32 34 
32 16 41 25 34 22 20 31 20 0 42 24 
20 35 8 34 29 29 39 24 32 42 0 37 
25 24 31 8 38 11 7 36 34 24 37 0 
