# rmTSP_18_2_80_manhattan_101_100.mat
# n=18
# k=2
# a=80
# d="manhattan"
# s=101
18
0 8888 2525 8383 5454 1717 9898 6565 3434 5252 8989 10302 10908 3838 5454 6666 7070 2626 
8888 0 11413 707 3434 8585 1010 4747 7878 5656 8585 1414 2020 7272 3434 2828 6666 11514 
2525 11413 0 10908 7979 2828 12423 9090 3535 7171 8484 12827 13433 4141 7979 9191 6565 303 
8383 707 10908 0 2929 8080 1515 5454 7373 4949 9292 2121 2727 6767 3131 3535 7373 11009 
5454 3434 7979 2929 0 5151 4444 6767 5050 3636 10605 4848 5454 5454 4444 4848 8686 8080 
1717 8585 2828 8080 5151 0 9595 6868 5151 4343 10706 9999 10605 5555 5151 6363 8787 2929 
9898 1010 12423 1515 4444 9595 0 3939 8888 6464 7777 606 1212 8282 4444 3232 6060 12524 
6565 4747 9090 5454 6767 6868 3939 0 5555 10403 3838 3737 4343 4949 2323 1919 2727 9191 
3434 7878 3535 7373 5050 5151 8888 5555 0 8686 5555 9292 9898 606 4444 5656 3636 3636 
5252 5656 7171 4949 3636 4343 6464 10403 8686 0 14241 7070 7676 9090 8080 8484 12322 7272 
8989 8585 8484 9292 10605 10706 7777 3838 5555 14241 0 7171 6565 5151 6161 5757 1919 8181 
10302 1414 12827 2121 4848 9999 606 3737 9292 7070 7171 0 606 8686 4848 3636 6464 12928 
10908 2020 13433 2727 5454 10605 1212 4343 9898 7676 6565 606 0 9292 5454 4242 7070 13534 
3838 7272 4141 6767 5454 5555 8282 4949 606 9090 5151 8686 9292 0 3838 5050 3232 4242 
5454 3434 7979 3131 4444 5151 4444 2323 4444 8080 6161 4848 5454 3838 0 1212 4242 8080 
6666 2828 9191 3535 4848 6363 3232 1919 5656 8484 5757 3636 4242 5050 1212 0 3838 9292 
7070 6666 6565 7373 8686 8787 6060 2727 3636 12322 1919 6464 7070 3232 4242 3838 0 6464 
2626 11514 303 11009 8080 2929 12524 9191 3636 7272 8181 12928 13534 4242 8080 9292 6464 0 
