# rmTSP_14_2_80_maximum_1_100.mat
# n=14
# k=2
# a=80
# d="maximum"
# s=1
14
0 27 17 46 9 53 20 51 44 20 16 53 52 20 
27 0 38 25 21 32 47 24 32 9 26 26 31 29 
17 38 0 63 17 70 26 57 61 29 12 57 69 37 
46 25 63 0 46 33 41 42 14 34 51 44 27 26 
9 21 17 46 0 53 29 42 44 12 7 44 52 20 
53 32 70 33 53 0 62 13 47 41 58 13 6 44 
20 47 26 41 29 62 0 71 39 40 36 73 56 18 
51 24 57 42 42 13 71 0 56 31 45 2 15 53 
44 32 61 14 44 47 39 56 0 32 49 58 41 24 
20 9 29 34 12 41 40 31 32 0 17 33 40 22 
16 26 12 51 7 58 36 45 49 17 0 45 57 25 
53 26 57 44 44 13 73 2 58 33 45 0 17 55 
52 31 69 27 52 6 56 15 41 40 57 17 0 38 
20 29 37 26 20 44 18 53 24 22 25 55 38 0 
