# rmTSP_17_6_40_maximum_101_100.mat
# n=17
# k=6
# a=40
# d="maximum"
# s=101
17
0 3535 3434 3030 3131 2828 3333 2626 2323 3434 1212 3232 2121 2121 1919 3131 2525 
3535 0 3737 3838 2020 2626 1515 2828 3636 1818 3939 1515 2020 3737 2323 2424 2020 
3434 3737 0 3030 3333 2525 3535 2929 2626 2525 3232 3434 3131 2727 2323 3333 3131 
3030 3838 3030 0 3434 3737 3636 2828 2929 2222 3535 3535 2727 2121 2525 3434 2727 
3131 2020 3333 3434 0 3434 2424 2424 3232 2727 3535 1717 2323 3333 2121 1212 3131 
2828 2626 2525 3737 3434 0 2727 1414 2222 1717 2525 2525 2626 3434 1818 2222 3333 
3333 1515 3535 3636 2424 2727 0 2626 3434 1616 3737 2727 2323 3535 2121 2020 3434 
2626 2828 2929 2828 2424 1414 2626 0 1212 2929 2020 2525 2626 2424 1717 2424 3131 
2323 3636 2626 2929 3232 2222 3434 1212 0 2727 2828 3333 2727 2525 2525 3232 2828 
3434 1818 2525 2222 2727 1717 1616 2929 2727 0 2727 2424 3131 2525 2020 2828 3535 
1212 3939 3232 3535 3535 2525 3737 2020 2828 2727 0 3636 3333 3131 1616 3535 3030 
3232 1515 3434 3535 1717 2525 2727 2525 3333 2424 3636 0 1515 3434 2020 1313 1414 
2121 2020 3131 2727 2323 2626 2323 2626 2727 3131 3333 1515 0 2323 2323 2424 1919 
2121 3737 2727 2121 3333 3434 3535 2424 2525 2525 3131 3434 2323 0 2323 3333 2424 
1919 2323 2323 2525 2121 1818 2121 1717 2525 2020 1616 2020 2323 2323 0 1919 2727 
3131 2424 3333 3434 1212 2222 2020 2424 3232 2828 3535 1313 2424 3333 1919 0 2222 
2525 2020 3131 2727 3131 3333 3434 3131 2828 3535 3030 1414 1919 2424 2727 2222 0 
