# rmTSP_13_8_10_manhattan_1_100.mat
# n=13
# k=8
# a=10
# d="manhattan"
# s=1
13
0 25 19 35 22 29 42 20 29 31 16 27 31 
25 0 28 30 31 28 23 27 22 28 27 24 22 
19 28 0 32 29 18 33 21 30 24 11 18 24 
35 30 32 0 25 30 33 35 24 28 35 30 44 
22 31 29 25 0 43 30 22 21 27 32 25 35 
29 28 18 30 43 0 25 21 30 26 15 28 16 
42 23 33 33 30 25 0 22 19 21 32 23 21 
20 27 21 35 22 21 22 0 27 17 18 25 25 
29 22 30 24 21 30 19 27 0 24 27 18 24 
31 28 24 28 27 26 21 17 24 0 23 22 34 
16 27 11 35 32 15 32 18 27 23 0 19 23 
27 24 18 30 25 28 23 25 18 22 19 0 26 
31 22 24 44 35 16 21 25 24 34 23 26 0 
