# rmTSP_10_4_20_euklid_1_100.mat
# n=10
# k=4
# a=20
# d="euklid"
# s=1
10
0 20 18 10 17 11 20 18 10 13 
20 0 17 16 5 17 23 20 18 19 
18 17 0 15 17 21 20 14 9 22 
10 16 15 0 13 13 14 21 12 18 
17 5 17 13 0 12 19 18 16 15 
11 17 21 13 12 0 17 17 16 7 
20 23 20 14 19 17 0 25 20 23 
18 20 14 21 18 17 25 0 12 15 
10 18 9 12 16 16 20 12 0 17 
13 19 22 18 15 7 23 15 17 0 
