# rmTSP_16_6_20_manhattan_1_100.mat
# n=16
# k=6
# a=20
# d="manhattan"
# s=1
16
0 34 35 35 51 59 53 31 39 52 48 66 42 49 36 58 
34 0 33 45 31 37 37 31 23 50 18 52 46 35 48 50 
35 33 0 52 42 40 26 28 42 41 43 49 37 50 27 39 
35 45 52 0 48 56 52 42 32 37 39 55 55 24 55 29 
51 31 42 48 0 22 32 24 30 31 39 29 25 32 35 37 
59 37 40 56 22 0 36 30 44 33 37 39 29 40 31 37 
53 37 26 52 32 36 0 40 30 47 45 23 49 38 47 45 
31 31 28 42 24 30 40 0 36 27 43 43 25 40 21 37 
39 23 42 32 30 44 30 36 0 43 29 37 51 26 57 33 
52 50 41 37 31 33 47 27 43 0 36 50 40 39 28 20 
48 18 43 39 39 37 45 43 29 36 0 60 58 29 54 36 
66 52 49 55 29 39 23 43 37 50 60 0 42 43 50 42 
42 46 37 55 25 29 49 25 51 40 58 42 0 41 24 46 
49 35 50 24 32 40 38 40 26 39 29 43 41 0 61 33 
36 48 27 55 35 31 47 21 57 28 54 50 24 61 0 40 
58 50 39 29 37 37 45 37 33 20 36 42 46 33 40 0 
