# rmTSP_17_6_20_manhattan_101_100.mat
# n=17
# k=6
# a=20
# d="manhattan"
# s=101
17
0 5151 6262 5454 4848 4242 3232 808 4343 3434 4242 5252 3434 5050 4242 1212 3131 
5151 0 3535 2121 3333 5959 3737 5959 6666 5555 4141 4141 6565 4949 4545 4949 2828 
6262 3535 0 3838 3636 5050 3838 7070 4141 3838 5656 5858 6464 3636 2424 5858 3939 
5454 2121 3838 0 3030 5454 3030 5858 5757 4444 3838 5656 4848 4848 4646 4848 3333 
4848 3333 3636 3030 0 5252 3434 5656 4343 2828 3838 4040 3434 4444 2626 4242 4141 
4242 5959 5050 5454 5252 0 3636 4040 4141 4848 5656 5050 5454 1818 5656 3434 4949 
3232 3737 3838 3030 3434 3636 0 4040 3535 2828 3232 5858 4646 4646 3636 2626 1919 
808 5959 7070 5858 5656 4040 4040 0 4949 4040 5050 6060 3636 4848 4848 2020 3939 
4343 6666 4141 5757 4343 4141 3535 4949 0 2323 4343 6161 3535 4949 3535 3737 5252 
3434 5555 3838 4444 2828 4848 2828 4040 2323 0 5050 6464 3434 4848 1616 3232 3939 
4242 4141 5656 3838 3838 5656 3232 5050 4343 5050 0 4040 4848 6060 5858 4444 3939 
5252 4141 5858 5656 4040 5050 5858 6060 6161 6464 4040 0 6262 4848 5252 4646 5757 
3434 6565 6464 4848 3434 5454 4646 3636 3535 3434 4848 6262 0 6464 4444 3030 6161 
5050 4949 3636 4848 4444 1818 4646 4848 4949 4848 6060 4848 6464 0 4444 4848 4747 
4242 4545 2424 4646 2626 5656 3636 4848 3535 1616 5858 5252 4444 4444 0 4040 3737 
1212 4949 5858 4848 4242 3434 2626 2020 3737 3232 4444 4646 3030 4848 4040 0 3131 
3131 2828 3939 3333 4141 4949 1919 3939 5252 3939 3939 5757 6161 4747 3737 3131 0 
