# rmTSP_11_4_10_manhattan_101_100.mat
# n=11
# k=4
# a=10
# d="manhattan"
# s=101
11
0 1717 1717 1111 1515 1414 505 2222 1212 303 1212 
1717 0 1616 606 606 1111 1414 1515 707 1414 1717 
1717 1616 0 1414 1010 1717 1818 707 1313 1414 505 
1111 606 1414 0 404 1313 1212 1919 707 1010 1515 
1515 606 1010 404 0 909 1212 1515 909 1212 1111 
1414 1111 1717 1313 909 0 1111 1818 1818 1111 1212 
505 1414 1818 1212 1212 1111 0 2323 1313 606 1313 
2222 1515 707 1919 1515 1818 2323 0 1212 1919 1010 
1212 707 1313 707 909 1818 1313 1212 0 909 1414 
303 1414 1414 1010 1212 1111 606 1919 909 0 909 
1212 1717 505 1515 1111 1212 1313 1010 1414 909 0 
