# rmTSP_20_4_40_euklid_101_100.mat
# n=20
# k=4
# a=40
# d="euklid"
# s=101
20
0 2033 2869 3350 2945 1552 3766 931 2801 2488 2691 3216 3413 3000 1876 2855 2953 1997 2301 3569 
2033 0 4733 3729 2880 2974 4350 2416 2920 3386 3354 3876 4143 4373 3120 2721 3925 2364 1229 4125 
2869 4733 0 5234 4143 2349 3660 2382 3664 2539 3284 3815 3671 2367 2035 4929 3793 4208 4650 4439 
3350 3729 5234 0 4211 3843 5238 4089 4783 4682 4962 4316 3930 4201 4992 1930 2998 3575 4495 4044 
2945 2880 4143 4211 0 2299 1702 2643 995 1997 2152 2030 1824 2614 2988 2541 2786 3385 2753 2659 
1552 2974 2349 3843 2299 0 2567 1102 2201 1930 1505 1890 2462 1824 1793 2929 2053 2243 2749 2447 
3766 4350 3660 5238 1702 2567 0 3173 1638 1908 2227 2030 1597 1974 3124 3826 3088 4362 4046 2905 
931 2416 2382 4089 2643 1102 3173 0 2267 1906 2017 2858 3186 2632 1078 3304 3020 2294 2294 3416 
2801 2920 3664 4783 995 2201 1638 2267 0 1355 1977 2468 2256 2632 2281 3298 3347 3585 2687 3270 
2488 3386 2539 4682 1997 1930 1908 1906 1355 0 2401 2883 2169 1951 1597 3667 3359 3864 3380 3708 
2691 3354 3284 4962 2152 1505 2227 2017 1977 2401 0 1545 2906 2599 2336 3584 2731 2628 2612 2283 
3216 3876 3815 4316 2030 1890 2030 2858 2468 2883 1545 0 2104 2171 3397 2901 1619 2932 3427 953 
3413 4143 3671 3930 1824 2462 1597 3186 2256 2169 2906 2104 0 1450 3468 2812 2210 4126 4224 2640 
3000 4373 2367 4201 2614 1824 1974 2632 2632 1951 2599 2171 1450 0 2794 3465 2150 3897 4338 2790 
1876 3120 2035 4992 2988 1793 3124 1078 2281 1597 2336 3397 3468 2794 0 4196 3803 3310 2931 4127 
2855 2721 4929 1930 2541 2929 3826 3304 3298 3667 3584 2901 2812 3465 4196 0 2185 2773 3203 2721 
2953 3925 3793 2998 2786 2053 3088 3020 3347 3359 2731 1619 2210 2150 3803 2185 0 2766 3888 1363 
1997 2364 4208 3575 3385 2243 4362 2294 3585 3864 2628 2932 4126 3897 3310 2773 2766 0 2040 2850 
2301 1229 4650 4495 2753 2749 4046 2294 2687 3380 2612 3427 4224 4338 2931 3203 3888 2040 0 3730 
3569 4125 4439 4044 2659 2447 2905 3416 3270 3708 2283 953 2640 2790 4127 2721 1363 2850 3730 0 
