# rmTSP_18_3_80_maximum_101_100.mat
# n=18
# k=3
# a=80
# d="maximum"
# s=101
18
0 4242 6969 3030 4040 3232 4040 1010 6363 5656 4949 6666 7676 3636 2525 4949 5858 5252 
4242 0 7676 1818 2020 2323 909 4444 4646 6464 3232 4343 4646 6969 2929 6565 3131 5959 
6969 7676 0 6666 7474 5656 7474 5959 5454 1313 7878 4444 6767 3333 6666 2020 5353 1717 
3030 1818 6666 0 2020 1010 1616 2626 6060 5353 4646 3636 4646 5151 2929 4747 4545 4949 
4040 2020 7474 2020 0 2222 1111 4242 4242 6262 2828 5656 6666 6767 1818 6363 4848 5757 
3232 2323 5656 1010 2222 0 2121 2222 5050 4343 3636 3434 4444 4646 3131 4242 3535 3939 
4040 909 7474 1616 1111 2121 0 4242 5353 6262 3939 4545 5555 6767 2020 6363 3838 5757 
1010 4444 5959 2626 4242 2222 4242 0 5353 4646 4646 5656 6666 2626 2727 3939 4848 4242 
6363 4646 5454 6060 4242 5050 5353 5353 0 4242 2424 4949 6161 4747 6060 4343 4141 3737 
5656 6464 1313 5353 6262 4343 6262 4646 4242 0 6666 5353 6363 2020 5353 2828 4545 505 
4949 3232 7878 4646 2828 3636 3939 4646 2424 6666 0 6262 7272 7171 4646 6767 5454 6161 
6666 4343 4444 3636 5656 3434 4545 5656 4949 5353 6262 0 3232 6060 6565 2525 2020 5050 
7676 4646 6767 4646 6666 4444 5555 6666 6161 6363 7272 3232 0 7070 7575 5454 4646 6060 
3636 6969 3333 5151 6767 4646 6767 2626 4747 2020 7171 6060 7070 0 5252 3535 5252 1616 
2525 2929 6666 2929 1818 3131 2020 2727 6060 5353 4646 6565 7575 5252 0 4848 5757 4949 
4949 6565 2020 4747 6363 4242 6363 3939 4343 2828 6767 2525 5454 3535 4848 0 4242 2525 
5858 3131 5353 4545 4848 3535 3838 4848 4141 4545 5454 2020 4646 5252 5757 4242 0 4242 
5252 5959 1717 4949 5757 3939 5757 4242 3737 505 6161 5050 6060 1616 4949 2525 4242 0 
