# rmTSP_13_2_20_manhattan_101_100.mat
# n=13
# k=2
# a=20
# d="manhattan"
# s=101
13
0 1616 909 606 2323 1515 1313 1414 1818 1414 1010 1313 606 
1616 0 1919 1616 707 2323 2121 808 1616 606 1414 909 1010 
909 1919 0 303 2222 808 606 2323 1111 1313 505 2222 909 
606 1616 303 0 1919 1111 909 2020 1414 1010 606 1919 606 
2323 707 2222 1919 0 2626 2424 1515 1919 909 1717 1616 1717 
1515 2323 808 1111 2626 0 202 2727 707 1717 909 2626 1313 
1313 2121 606 909 2424 202 0 2525 505 1515 707 2424 1111 
1414 808 2323 2020 1515 2727 2525 0 2020 1010 1818 101 1414 
1818 1616 1111 1414 1919 707 505 2020 0 1010 808 1919 1212 
1414 606 1313 1010 909 1717 1515 1010 1010 0 808 909 808 
1010 1414 505 606 1717 909 707 1818 808 808 0 1717 404 
1313 909 2222 1919 1616 2626 2424 101 1919 909 1717 0 1313 
606 1010 909 606 1717 1313 1111 1414 1212 808 404 1313 0 
