# rmTSP_20_6_20_manhattan_1_100.mat
# n=20
# k=6
# a=20
# d="manhattan"
# s=1
20
0 40 39 36 37 30 35 36 27 30 31 32 24 40 29 34 24 41 48 54 
40 0 49 28 53 64 35 44 31 54 51 44 34 24 53 62 26 49 60 50 
39 49 0 31 40 37 64 31 22 41 52 41 51 51 48 27 61 38 67 67 
36 28 31 0 25 48 37 20 25 44 35 40 34 40 45 40 40 25 50 52 
37 53 40 25 0 39 48 35 34 41 26 35 33 47 22 37 47 32 55 35 
30 64 37 48 39 0 55 32 37 18 37 36 48 52 41 30 38 33 34 48 
35 35 64 37 48 55 0 37 46 43 40 25 39 41 46 45 35 36 53 59 
36 44 31 20 35 32 37 0 27 24 45 30 54 40 53 22 40 11 44 60 
27 31 22 25 34 37 46 27 0 37 50 31 33 35 38 41 43 38 65 45 
30 54 41 44 41 18 43 24 37 0 43 34 48 42 45 24 28 21 36 48 
31 51 52 35 26 37 40 45 50 43 0 41 23 59 28 41 31 44 49 47 
32 44 41 40 35 36 25 30 31 34 41 0 42 34 33 32 44 27 70 50 
24 34 51 34 33 48 39 54 33 48 23 42 0 46 27 50 28 53 64 42 
40 24 51 40 47 52 41 40 35 42 59 34 46 0 45 50 36 37 60 34 
29 53 48 45 22 41 46 53 38 45 28 33 27 45 0 49 43 52 67 29 
34 62 27 40 37 30 45 22 41 24 41 32 50 50 49 0 48 21 50 66 
24 26 61 40 47 38 35 40 43 28 31 44 28 36 43 48 0 41 36 42 
41 49 38 25 32 33 36 11 38 21 44 27 53 37 52 21 41 0 43 55 
48 60 67 50 55 34 53 44 65 36 49 70 64 60 67 50 36 43 0 54 
54 50 67 52 35 48 59 60 45 48 47 50 42 34 29 66 42 55 54 0 
