# rmTSP_18_4_80_manhattan_101_100.mat
# n=18
# k=4
# a=80
# d="manhattan"
# s=101
18
0 11009 7575 9898 7272 12726 12928 10100 14443 12423 10100 11009 14039 12221 10100 10504 14847 12524 
11009 0 3434 7575 8181 15049 6161 6767 8080 13736 12019 6868 11716 5656 15049 9393 7070 10605 
7575 3434 0 5959 5757 11615 8585 7373 10504 11514 9595 6666 12524 6262 12827 7575 7272 11413 
9898 7575 5959 0 5858 16564 12524 13332 11211 13837 12120 12221 18483 7373 10706 6868 8181 17372 
7272 8181 5757 5858 0 10706 7676 7474 9191 8989 7070 6363 12625 9393 7070 7878 12019 11514 
12726 15049 11615 16564 10706 0 12120 8282 11817 5555 5858 8181 9393 13231 12322 13534 14645 7676 
12928 6161 8585 12524 7676 12120 0 4242 4343 10807 9494 3939 5959 8787 12120 11312 12827 5656 
10100 6767 7373 13332 7474 8282 4242 0 6161 9797 7878 2525 5151 8181 12524 10706 12221 4040 
14443 8080 10504 11211 9191 11817 4343 6161 0 10504 11413 4848 8080 7272 11413 9595 11110 9393 
12423 13736 11514 13837 8989 5555 10807 9797 10504 0 3535 7676 9696 11918 6767 11413 13332 9797 
10100 12019 9595 12120 7070 5858 9494 7878 11413 3535 0 7171 13029 10201 9898 9696 11615 8080 
11009 6868 6666 12221 6363 8181 3939 2525 4848 7676 7171 0 6262 7474 9999 9999 11514 6363 
14039 11716 12524 18483 12625 9393 5959 5151 8080 9696 13029 6262 0 13332 12019 15857 17372 5353 
12221 5656 6262 7373 9393 13231 8787 8181 7272 11918 10201 7474 13332 0 16261 4949 4040 10605 
10100 15049 12827 10706 7070 12322 12120 12524 11413 6767 9898 9999 12019 16261 0 14544 18887 16362 
10504 9393 7575 6868 7878 13534 11312 10706 9595 11413 9696 9999 15857 4949 14544 0 4747 14342 
14847 7070 7272 8181 12019 14645 12827 12221 11110 13332 11615 11514 17372 4040 18887 4747 0 13433 
12524 10605 11413 17372 11514 7676 5656 4040 9393 9797 8080 6363 5353 10605 16362 14342 13433 0 
