# rmTSP_20_8_20_euklid_101_100.mat
# n=20
# k=8
# a=20
# d="euklid"
# s=101
20
0 2107 2384 2760 2666 1629 1890 2379 1793 2476 1286 2279 2781 2033 1414 2501 1892 2075 1558 2166 
2107 0 1989 1584 2185 2573 1804 1862 2428 2432 1876 1278 2605 1690 1432 2185 2010 2392 2197 1966 
2384 1989 0 2369 2519 2573 1951 2050 1666 2853 2517 2527 2430 2649 1548 1911 2245 2077 2265 2819 
2760 1584 2369 0 1840 2897 2869 2254 3241 2751 2375 2466 2468 2231 2173 1597 3257 2392 2628 2173 
2666 2185 2519 1840 0 3418 3001 2316 3407 3184 2468 2519 2932 2294 2220 2559 3452 2164 2742 1930 
1629 2573 2573 2897 3418 0 2595 2197 1871 2413 2161 3045 2559 2434 1868 2480 2327 2330 1767 2551 
1890 1804 1951 2869 3001 2595 0 2593 2072 2233 2482 1723 3097 1838 1399 2434 1594 2321 1761 2394 
2379 1862 2050 2254 2316 2197 2593 0 2294 2249 2265 2199 2210 1995 1453 2695 2449 2082 2434 2023 
1793 2428 1666 3241 3407 1871 2072 2294 0 2910 2072 2733 2674 2969 1699 2766 1532 2589 2362 3234 
2476 2432 2853 2751 3184 2413 2233 2249 2910 0 2704 2579 2154 1873 2058 2766 2449 2746 2509 2247 
1286 1876 2517 2375 2468 2161 2482 2265 2072 2704 0 2178 2531 2480 1755 2640 2187 2543 2531 2583 
2279 1278 2527 2466 2519 3045 1723 2199 2733 2579 2178 0 3418 1641 1495 2821 2312 2379 2476 2187 
2781 2605 2430 2468 2932 2559 3097 2210 2674 2154 2531 3418 0 3038 2579 2775 2612 3254 3146 2965 
2033 1690 2649 2231 2294 2434 1838 1995 2969 1873 2480 1641 3038 0 1425 2420 2571 1826 1535 827 
1414 1432 1548 2173 2220 1868 1399 1453 1699 2058 1755 1495 2579 1425 0 1982 1898 1332 1464 1790 
2501 2185 1911 1597 2559 2480 2434 2695 2766 2766 2640 2821 2775 2420 1982 0 3188 1860 2023 2573 
1892 2010 2245 3257 3452 2327 1594 2449 1532 2449 2187 2312 2612 2571 1898 3188 0 3147 2451 2908 
2075 2392 2077 2392 2164 2330 2321 2082 2589 2746 2543 2379 3254 1826 1332 1860 3147 0 1552 1927 
1558 2197 2265 2628 2742 1767 1761 2434 2362 2509 2531 2476 3146 1535 1464 2023 2451 1552 0 1672 
2166 1966 2819 2173 1930 2551 2394 2023 3234 2247 2583 2187 2965 827 1790 2573 2908 1927 1672 0 
