# rmTSP_10_8_40_euklid_101_100.mat
# n=10
# k=8
# a=40
# d="euklid"
# s=101
10
0 4533 5075 3613 5195 3943 4631 4161 4267 4571 
4533 0 4457 5823 4365 5753 5413 6049 6479 6043 
5075 4457 0 4998 4071 6281 6144 4309 5642 5481 
3613 5823 4998 0 3989 3819 5289 2960 2936 4863 
5195 4365 4071 3989 0 5308 5048 3663 5063 5142 
3943 5753 6281 3819 5308 0 3175 3651 4992 5770 
4631 5413 6144 5289 5048 3175 0 4101 6923 5894 
4161 6049 4309 2960 3663 3651 4101 0 4083 4383 
4267 6479 5642 2936 5063 4992 6923 4083 0 4845 
4571 6043 5481 4863 5142 5770 5894 4383 4845 0 
