# rmTSP_18_6_40_euklid_101_100.mat
# n=18
# k=6
# a=40
# d="euklid"
# s=101
18
0 3006 4885 4401 4973 5423 5480 4669 3063 2601 4591 2541 3622 5328 3756 4503 2663 3010 
3006 0 2862 4327 4162 4534 3771 4699 3359 3474 4351 2764 2416 3538 4885 2394 1425 3599 
4885 2862 0 4130 2388 3862 4329 4252 4878 4679 4728 4194 3406 4869 5441 3373 3452 3523 
4401 4327 4130 0 2775 2466 6551 4919 5232 3461 3923 2428 3115 6009 5712 3807 3827 3751 
4973 4162 2388 2775 0 2666 5343 3486 5108 4079 4208 3895 3703 5713 4994 4208 4066 3313 
5423 4534 3862 2466 2666 0 5648 4515 5479 4278 3895 3434 3826 4898 5825 3299 4261 4908 
5480 3771 4329 6551 5343 5648 0 4441 3736 4775 5150 5374 4626 2488 4786 4637 3913 5889 
4669 4699 4252 4919 3486 4515 4441 0 4786 3554 5582 4778 5235 5365 3953 5630 4127 4579 
3063 3359 4878 5232 5108 5479 3736 4786 0 3008 3097 3555 3203 4029 2581 4553 3265 3896 
2601 3474 4679 3461 4079 4278 4775 3554 3008 0 3970 2258 3055 4692 3752 4385 2325 3778 
4591 4351 4728 3923 4208 3895 5150 5582 3097 3970 0 3397 2817 4743 3993 3989 4383 4080 
2541 2764 4194 2428 3895 3434 5374 4778 3555 2258 3397 0 2135 4537 4718 2823 2176 3468 
3622 2416 3406 3115 3703 3826 4626 5235 3203 3055 2817 2135 0 4207 4918 2587 2354 3481 
5328 3538 4869 6009 5713 4898 2488 5365 4029 4692 4743 4537 4207 0 5602 3324 3599 6344 
3756 4885 5441 5712 4994 5825 4786 3953 2581 3752 3993 4718 4918 5602 0 6051 4735 3813 
4503 2394 3373 3807 4208 3299 4637 5630 4553 4385 3989 2823 2587 3324 6051 0 2844 4774 
2663 1425 3452 3827 4066 4261 3913 4127 3265 2325 4383 2176 2354 3599 4735 2844 0 3807 
3010 3599 3523 3751 3313 4908 5889 4579 3896 3778 4080 3468 3481 6344 3813 4774 3807 0 
