# rmTSP_20_2_40_manhattan_101_100.mat
# n=20
# k=2
# a=40
# d="manhattan"
# s=101
20
0 2020 1717 3131 505 2525 1212 4242 2222 505 2828 4444 2626 5959 5454 6565 3737 2525 5252 2727 
2020 0 1919 3131 2525 4545 1414 2424 4242 2323 1616 2626 4646 4141 3636 4747 3737 707 3434 1919 
1717 1919 0 1414 2222 2626 505 2525 2323 1212 1111 2727 2727 4242 3737 4848 2020 2222 3535 1010 
3131 3131 1414 0 3636 1818 1919 1717 2525 2626 1515 1919 1515 2828 2323 3434 606 3434 2121 1212 
505 2525 2222 3636 0 2020 1717 4747 1717 1010 3333 4949 3131 6464 5959 7070 4242 3030 5757 3232 
2525 4545 2626 1818 2020 0 3131 3131 707 2222 2929 3333 1313 4646 4141 5252 2424 4848 3939 2626 
1212 1414 505 1919 1717 3131 0 3030 2828 909 1616 3232 3232 4747 4242 5353 2525 1717 4040 1515 
4242 2424 2525 1717 4747 3131 3030 0 3636 3737 1414 202 3232 1717 1818 2323 2323 1717 1010 1515 
2222 4242 2323 2525 1717 707 2828 3636 0 1919 2626 3838 2020 5353 4848 5959 3131 4545 4646 2323 
505 2323 1212 2626 1010 2222 909 3737 1919 0 2323 3939 2323 5454 4949 6060 3232 2626 4747 2222 
2828 1616 1111 1515 3333 2929 1616 1414 2626 2323 0 1616 3030 3131 2626 3737 2121 1919 2424 303 
4444 2626 2727 1919 4949 3333 3232 202 3838 3939 1616 0 3434 1515 2020 2121 2525 1919 808 1717 
2626 4646 2727 1515 3131 1313 3232 3232 2020 2323 3030 3434 0 3333 2828 3939 1111 4949 2626 2727 
5959 4141 4242 2828 6464 4646 4747 1717 5353 5454 3131 1515 3333 0 707 606 2222 3434 707 3232 
5454 3636 3737 2323 5959 4141 4242 1818 4848 4949 2626 2020 2828 707 0 1111 1717 3535 1212 2727 
6565 4747 4848 3434 7070 5252 5353 2323 5959 6060 3737 2121 3939 606 1111 0 2828 4040 1313 3838 
3737 3737 2020 606 4242 2424 2525 2323 3131 3232 2121 2525 1111 2222 1717 2828 0 4040 1717 1818 
2525 707 2222 3434 3030 4848 1717 1717 4545 2626 1919 1919 4949 3434 3535 4040 4040 0 2727 2222 
5252 3434 3535 2121 5757 3939 4040 1010 4646 4747 2424 808 2626 707 1212 1313 1717 2727 0 2525 
2727 1919 1010 1212 3232 2626 1515 1515 2323 2222 303 1717 2727 3232 2727 3838 1818 2222 2525 0 
