# rmTSP_20_2_40_manhattan_1_100.mat
# n=20
# k=2
# a=40
# d="manhattan"
# s=1
20
0 8 12 24 21 12 29 21 17 5 27 22 28 32 15 6 13 16 16 29 
8 0 8 20 29 8 37 17 21 7 19 26 20 28 19 4 9 8 20 25 
12 8 0 12 29 16 37 25 29 15 19 34 20 20 27 6 5 12 28 17 
24 20 12 0 37 28 45 37 41 27 27 46 30 18 39 18 13 24 40 21 
21 29 29 37 0 33 8 42 22 26 48 33 49 27 34 25 24 37 21 24 
12 8 16 28 33 0 41 9 25 7 15 18 16 36 11 10 17 4 16 33 
29 37 37 45 8 41 0 50 22 34 56 41 57 27 42 33 32 45 25 24 
21 17 25 37 42 9 50 0 34 16 10 9 7 45 8 19 26 13 25 42 
17 21 29 41 22 25 22 34 0 18 40 25 41 49 26 23 30 29 9 46 
5 7 15 27 26 7 34 16 18 0 22 19 23 35 12 9 16 11 13 32 
27 19 19 27 48 15 56 10 40 22 0 19 3 35 14 23 24 11 31 32 
22 26 34 46 33 18 41 9 25 19 19 0 16 54 7 28 35 22 16 51 
28 20 20 30 49 16 57 7 41 23 3 16 0 38 15 24 25 12 32 35 
32 28 20 18 27 36 27 45 49 35 35 54 38 0 47 26 19 32 48 3 
15 19 27 39 34 11 42 8 26 12 14 7 15 47 0 21 28 15 17 44 
6 4 6 18 25 10 33 19 23 9 23 28 24 26 21 0 7 12 22 23 
13 9 5 13 24 17 32 26 30 16 24 35 25 19 28 7 0 13 29 16 
16 8 12 24 37 4 45 13 29 11 11 22 12 32 15 12 13 0 20 29 
16 20 28 40 21 16 25 25 9 13 31 16 32 48 17 22 29 20 0 45 
29 25 17 21 24 33 24 42 46 32 32 51 35 3 44 23 16 29 45 0 
