# rmTSP_15_3_20_euklid_101_100.mat
# n=15
# k=3
# a=20
# d="euklid"
# s=101
15
0 1876 1810 1672 1253 1594 1818 1392 937 515 2023 1169 1491 1435 495 
1876 0 769 953 1282 1927 678 1328 1865 1693 2025 2178 525 2048 1919 
1810 769 0 1129 1199 2245 101 735 1723 1810 2325 2497 1035 2053 1865 
1672 953 1129 0 571 2358 1116 1484 2104 1678 2640 2055 1059 2478 1953 
1253 1282 1199 571 0 2305 1220 1245 1812 1414 2640 1890 1237 2290 1610 
1594 1927 2245 2358 2305 0 2187 2111 1233 1111 553 1282 1439 875 1249 
1818 678 101 1116 1220 2187 0 795 1720 1790 2261 2462 958 2025 1862 
1392 1328 735 1484 1245 2111 795 0 1220 1525 2238 2334 1317 1684 1407 
937 1865 1723 2104 1812 1233 1720 1220 0 869 1446 1641 1491 623 515 
515 1693 1810 1678 1414 1111 1790 1525 869 0 1574 845 1220 1169 474 
2023 2025 2325 2640 2640 553 2261 2238 1446 1574 0 1832 1619 931 1632 
1169 2178 2497 2055 1890 1282 2462 2334 1641 845 1832 0 1684 1744 1220 
1491 525 1035 1059 1237 1439 958 1317 1491 1220 1619 1684 0 1641 1491 
1435 2048 2053 2478 2290 875 2025 1684 623 1169 931 1744 1641 0 958 
495 1919 1865 1953 1610 1249 1862 1407 515 474 1632 1220 1491 958 0 
