# rmTSP_20_4_40_manhattan_1_100.mat
# n=20
# k=4
# a=40
# d="manhattan"
# s=1
20
0 33 34 63 36 16 57 22 43 49 45 36 70 43 41 73 30 17 46 89 
33 0 67 44 33 47 66 33 54 18 28 57 81 64 54 58 51 50 51 62 
34 67 0 83 70 24 81 54 57 83 79 40 86 51 53 75 32 19 76 119 
63 44 83 0 65 77 58 73 88 62 22 73 77 46 64 36 61 66 83 68 
36 33 70 65 0 50 71 16 43 31 51 64 74 65 55 87 52 53 34 73 
16 47 24 77 50 0 63 34 33 63 59 44 62 33 47 79 18 19 52 95 
57 66 81 58 71 63 0 65 52 84 46 41 31 40 28 38 49 62 39 40 
22 33 54 73 16 34 65 0 31 29 51 54 62 53 49 81 40 37 26 67 
43 54 57 88 43 33 52 31 0 60 66 49 33 42 36 68 29 46 19 62 
49 18 83 62 31 63 84 29 60 0 46 73 91 82 72 76 69 66 51 50 
45 28 79 22 51 59 46 51 66 46 0 69 59 36 60 36 53 62 61 50 
36 57 40 73 64 44 41 54 49 73 69 0 72 63 17 43 46 29 42 79 
70 81 86 77 74 62 31 62 33 91 59 72 0 35 55 61 54 73 40 41 
43 64 51 46 65 33 40 53 42 82 36 63 35 0 50 48 19 40 59 72 
41 54 53 64 55 47 28 49 36 72 60 17 55 50 0 40 33 36 25 66 
73 58 75 36 87 79 38 81 68 76 36 43 61 48 40 0 61 68 63 46 
30 51 32 61 52 18 49 40 29 69 53 46 54 19 33 61 0 23 46 87 
17 50 19 66 53 19 62 37 46 66 62 29 73 40 36 68 23 0 57 100 
46 51 76 83 34 52 39 26 19 51 61 42 40 59 25 63 46 57 0 43 
89 62 119 68 73 95 40 67 62 50 50 79 41 72 66 46 87 100 43 0 
