# rmTSP_14_2_10_euklid_101_100.mat
# n=14
# k=2
# a=10
# d="euklid"
# s=101
14
0 814 303 571 101 571 808 364 647 863 505 143 814 515 
814 0 833 505 915 647 101 515 728 404 589 931 515 303 
303 833 0 416 319 814 863 319 903 1010 319 416 1000 544 
571 505 416 0 647 808 571 226 909 814 101 714 863 319 
101 915 319 647 0 647 909 452 714 958 571 101 903 614 
571 647 814 808 647 0 571 614 101 416 814 589 303 515 
808 101 863 571 909 571 0 544 647 303 647 915 416 319 
364 515 319 226 452 614 544 0 714 714 202 505 728 226 
647 728 903 909 714 101 647 714 0 452 915 647 319 614 
863 404 1010 814 958 416 303 714 452 0 869 931 143 505 
505 589 319 101 571 814 647 202 915 869 0 647 903 364 
143 931 416 714 101 589 915 505 647 931 647 0 863 639 
814 515 1000 863 903 303 416 728 319 143 903 863 0 544 
515 303 544 319 614 515 319 226 614 505 364 639 544 0 
