# rmTSP_10_8_80_euklid_101_100.mat
# n=10
# k=8
# a=80
# d="euklid"
# s=101
10
0 9793 10936 11059 10547 9030 5938 10998 7453 8529 
9793 0 8010 6882 8859 8854 9773 9056 7753 7381 
10936 8010 0 5652 10548 9362 11734 7738 9477 10758 
11059 6882 5652 0 12191 11365 11786 6825 9733 10892 
10547 8859 10548 12191 0 10509 11116 10706 6264 9953 
9030 8854 9362 11365 10509 0 9733 10772 10105 5694 
5938 9773 11734 11786 11116 9733 0 12969 7875 10979 
10998 9056 7738 6825 10706 10772 12969 0 8125 10361 
7453 7753 9477 9733 6264 10105 7875 8125 0 10143 
8529 7381 10758 10892 9953 5694 10979 10361 10143 0 
