# rmTSP_20_8_80_euklid_101_100.mat
# n=20
# k=8
# a=80
# d="euklid"
# s=101
20
0 8108 8742 5531 9647 11244 5827 7219 12531 7959 10267 10160 9850 5736 7126 7117 8989 7827 9478 7945 
8108 0 9872 5724 9289 13855 8379 10595 11345 5166 13033 9889 10075 9622 6895 9477 7975 7693 3663 8471 
8742 9872 0 7772 9842 9736 8457 9708 7103 8024 9891 7738 6041 9777 7591 11306 8402 9208 10014 9724 
5531 5724 7772 0 8359 9642 3842 6157 9751 6645 9906 8448 8103 5756 8399 7453 4787 6322 6702 7884 
9647 9289 9842 8359 0 12291 9533 12847 9651 8617 7667 6590 7733 7432 9944 5392 9082 6743 7627 9960 
11244 13855 9736 9642 12291 0 10064 7605 11516 12257 7503 13267 7699 10120 13102 11556 7010 13694 14952 10979 
5827 8379 8457 3842 9533 10064 0 5267 10344 9688 10502 7810 9966 5342 10378 8001 6832 7889 8837 8117 
7219 10595 9708 6157 12847 7605 5267 0 12440 11027 11062 12159 10545 7971 11417 10563 6852 11774 12413 8655 
12531 11345 7103 9751 9651 11516 10344 12440 0 9771 10538 7438 8546 10778 11061 11843 9836 10781 10337 10710 
7959 5166 8024 6645 8617 12257 9688 11027 9771 0 11335 10226 7216 9840 4576 9489 8404 8297 6379 7883 
10267 13033 9891 9906 7667 7503 10502 11062 10538 11335 0 10839 7651 7224 11511 7045 8720 10754 13098 11166 
10160 9889 7738 8448 6590 13267 7810 12159 7438 10226 10839 0 9333 8738 10811 9269 10045 7546 7776 10112 
9850 10075 6041 8103 7733 7699 9966 10545 8546 7216 7651 9333 0 9998 8644 9942 6803 9961 10242 9160 
5736 9622 9777 5756 7432 10120 5342 7971 10778 9840 7224 8738 9998 0 10209 3962 7995 6935 9739 9307 
7126 6895 7591 8399 9944 13102 10378 11417 11061 4576 11511 10811 8644 10209 0 10028 10304 9515 8473 8120 
7117 9477 11306 7453 5392 11556 8001 10563 11843 9489 7045 9269 9942 3962 10028 0 9042 7562 9308 9070 
8989 7975 8402 4787 9082 7010 6832 6852 9836 8404 8720 10045 6803 7995 10304 9042 0 9164 9018 9154 
7827 7693 9208 6322 6743 13694 7889 11774 10781 8297 10754 7546 9961 6935 9515 7562 9164 0 6171 12052 
9478 3663 10014 6702 7627 14952 8837 12413 10337 6379 13098 7776 10242 9739 8473 9308 9018 6171 0 9835 
7945 8471 9724 7884 9960 10979 8117 8655 10710 7883 11166 10112 9160 9307 8120 9070 9154 12052 9835 0 
