# rmTSP_19_6_80_maximum_1_100.mat
# n=19
# k=6
# a=80
# d="maximum"
# s=1
19
0 68 56 59 63 70 68 34 57 63 60 61 64 57 57 70 41 53 56 
68 0 36 42 61 47 35 49 68 42 40 39 69 58 49 49 48 57 41 
56 36 0 41 59 46 38 51 56 58 27 74 43 57 58 53 36 41 38 
59 42 41 0 52 30 36 27 59 23 39 39 45 44 44 44 39 33 38 
63 61 59 52 0 63 72 49 38 63 60 61 60 36 48 63 56 46 56 
70 47 46 30 63 0 41 47 70 53 38 69 58 53 53 47 50 46 43 
68 35 38 36 72 41 0 36 68 36 42 36 63 66 66 66 48 54 51 
34 49 51 27 49 47 36 0 40 33 47 38 32 48 43 49 56 53 63 
57 68 56 59 38 70 68 40 0 63 63 61 63 32 55 70 46 53 50 
63 42 58 23 63 53 36 33 63 0 62 16 63 57 57 57 49 51 58 
60 40 27 39 60 38 42 47 63 62 0 78 70 50 62 38 34 58 27 
61 39 74 39 61 69 36 38 61 16 78 0 66 55 55 55 53 43 74 
64 69 43 45 60 58 63 32 63 63 70 66 0 55 54 67 43 42 57 
57 58 57 44 36 53 66 48 32 57 50 55 55 0 38 53 50 40 46 
57 49 58 44 48 53 66 43 55 57 62 55 54 38 0 36 50 41 58 
70 49 53 44 63 47 66 49 70 57 38 55 67 53 36 0 50 55 43 
41 48 36 39 56 50 48 56 46 49 34 53 43 50 50 50 0 38 35 
53 57 41 33 46 46 54 53 53 51 58 43 42 40 41 55 38 0 45 
56 41 38 38 56 43 51 63 50 58 27 74 57 46 58 43 35 45 0 
