# rmTSP_20_6_10_euklid_101_100.mat
# n=20
# k=6
# a=10
# d="euklid"
# s=101
20
0 795 1191 440 984 1204 1125 1191 735 995 1005 1225 1443 1204 1305 1278 857 851 802 875 
795 0 1165 963 920 1010 700 1054 484 749 1015 839 1169 1088 1005 1000 1301 942 1083 749 
1191 1165 0 1078 926 1174 1366 1097 1270 756 1370 1212 735 1074 1078 544 1208 685 958 714 
440 963 1078 0 947 1241 1182 1050 869 833 1040 1309 1266 1005 1143 1182 909 937 756 937 
984 920 926 947 0 920 1351 869 1088 808 1212 639 984 1102 903 984 827 589 937 1030 
1204 1010 1174 1241 920 0 1116 827 931 1182 598 692 915 903 1005 1363 1040 898 898 1208 
1125 700 1366 1182 1351 1116 0 942 440 1025 942 1129 1195 833 1282 1261 1597 1305 1389 1138 
1191 1054 1097 1050 869 827 942 0 880 947 937 808 802 416 1069 1191 1147 1010 1204 1317 
735 484 1270 869 1088 931 440 880 0 937 714 958 1208 851 1169 1241 1233 1040 1078 979 
995 749 756 833 808 1182 1025 947 937 0 1253 1078 763 898 670 505 1351 947 1010 670 
1005 1015 1370 1040 1212 598 942 937 714 1253 0 1097 1174 839 1169 1548 1111 1134 857 1245 
1225 839 1212 1309 639 692 1129 808 958 1078 1097 0 1054 1092 1088 1216 1120 833 1237 1237 
1443 1169 735 1266 984 915 1195 802 1208 763 1174 1054 0 714 707 808 1443 1054 1102 1064 
1204 1088 1074 1005 1102 903 833 416 851 898 839 1092 714 0 1005 1169 1317 1156 1138 1241 
1305 1005 1078 1143 903 1005 1282 1069 1169 670 1169 1088 707 1005 0 974 1460 1186 969 1020 
1278 1000 544 1182 984 1363 1261 1191 1241 505 1548 1216 808 1169 974 0 1525 953 1225 662 
857 1301 1208 909 827 1040 1597 1147 1233 1351 1111 1120 1443 1317 1460 1525 0 678 827 1305 
851 942 685 937 589 898 1305 1010 1040 947 1134 833 1054 1156 1186 953 678 0 795 808 
802 1083 958 756 937 898 1389 1204 1078 1010 857 1237 1102 1138 969 1225 827 795 0 845 
875 749 714 937 1030 1208 1138 1317 979 670 1245 1237 1064 1241 1020 662 1305 808 845 0 
