# rmTSP_18_4_40_maximum_1_100.mat
# n=18
# k=4
# a=40
# d="maximum"
# s=1
18
0 29 23 22 29 24 24 27 13 33 14 18 30 14 23 13 23 26 
29 0 14 30 28 11 24 35 38 26 34 22 25 15 23 28 24 30 
23 14 0 25 25 10 30 21 32 20 30 10 16 9 17 22 10 24 
22 30 25 0 27 30 21 16 20 31 27 18 28 16 31 15 30 24 
29 28 25 27 0 30 33 20 36 21 32 18 20 16 31 26 30 13 
24 11 10 30 30 0 35 31 33 25 35 18 21 14 18 23 20 29 
24 24 30 21 33 35 0 26 33 37 29 23 34 21 36 23 35 30 
27 35 21 16 20 31 26 0 25 15 32 13 12 21 23 20 22 8 
13 38 32 20 36 33 33 25 0 20 21 27 17 23 15 10 32 23 
33 26 20 31 21 25 37 15 20 0 23 21 9 20 26 20 25 8 
14 34 30 27 32 35 29 32 21 23 0 23 22 21 36 19 35 27 
18 22 10 18 18 18 23 13 27 21 23 0 18 8 13 17 12 17 
30 25 16 28 20 21 34 12 17 9 22 18 0 17 17 17 16 13 
14 15 9 16 16 14 21 21 23 20 21 8 17 0 15 13 14 16 
23 23 17 31 31 18 36 23 15 26 36 13 17 15 0 17 17 30 
13 28 22 15 26 23 23 20 10 20 19 17 17 13 17 0 22 15 
23 24 10 30 30 20 35 22 32 25 35 12 16 14 17 22 0 29 
26 30 24 24 13 29 30 8 23 8 27 17 13 16 30 15 29 0 
