# rmTSP_10_2_80_maximum_1_100.mat
# n=10
# k=2
# a=80
# d="maximum"
# s=1
10
0 37 17 9 6 53 9 17 27 47 
37 0 36 34 43 28 28 46 10 20 
17 36 0 8 18 42 19 20 41 56 
9 34 8 0 10 50 11 12 33 48 
6 43 18 10 0 59 15 18 33 53 
53 28 42 50 59 0 44 62 33 48 
9 28 19 11 15 44 0 19 22 38 
17 46 20 12 18 62 19 0 41 56 
27 10 41 33 33 33 22 41 0 20 
47 20 56 48 53 48 38 56 20 0 
