# rmTSP_18_6_80_euklid_101_100.mat
# n=18
# k=6
# a=80
# d="euklid"
# s=101
18
0 5033 7846 6950 7621 5554 8841 6608 10593 7408 6686 5231 5566 6958 6146 5363 7338 7989 
5033 0 8091 6502 8338 5553 7999 9382 11927 6601 4443 6972 6193 9288 7877 6617 8267 8031 
7846 8091 0 8437 5806 6401 5707 8714 9162 4244 7046 5200 5323 8890 3870 9238 3345 7742 
6950 6502 8437 0 7778 8063 7665 6152 11334 8375 6973 6948 9841 8002 6255 4720 7306 5514 
7621 8338 5806 7778 0 9061 10140 8418 11608 8411 8426 3909 8133 9361 5272 10041 5907 8681 
5554 5553 6401 8063 9061 0 6112 8992 8243 5792 5687 6322 4343 6080 6002 7462 7772 7317 
8841 7999 5707 7665 10140 6112 0 9490 10146 4796 7386 8791 7223 9553 6316 7373 6228 6285 
6608 9382 8714 6152 8418 8992 9490 0 8719 8678 8238 6096 10018 6770 6137 5587 6535 9157 
10593 11927 9162 11334 11608 8243 10146 8719 0 9027 8819 8281 10362 6524 8633 11275 9528 12421 
7408 6601 4244 8375 8411 5792 4796 8678 9027 0 4667 6734 5100 9688 6324 7896 4422 9034 
6686 4443 7046 6973 8426 5687 7386 8238 8819 4667 0 6220 6866 8644 7563 7419 6986 9585 
5231 6972 5200 6948 3909 6322 8791 6096 8281 6734 6220 0 6349 6144 3858 8081 5246 8304 
5566 6193 5323 9841 8133 4343 7223 10018 10362 5100 6866 6349 0 8975 6420 8865 6790 8897 
6958 9288 8890 8002 9361 6080 9553 6770 6524 9688 8644 6144 8975 0 6128 8196 9246 8332 
6146 7877 3870 6255 5272 6002 6316 6137 8633 6324 7563 3858 6420 6128 0 7177 4096 5586 
5363 6617 9238 4720 10041 7462 7373 5587 11275 7896 7419 8081 8865 8196 7177 0 7651 6941 
7338 8267 3345 7306 5907 7772 6228 6535 9528 4422 6986 5246 6790 9246 4096 7651 0 8125 
7989 8031 7742 5514 8681 7317 6285 9157 12421 9034 9585 8304 8897 8332 5586 6941 8125 0 
