# rmTSP_12_3_40_manhattan_101_100.mat
# n=12
# k=3
# a=40
# d="manhattan"
# s=101
12
0 5555 5151 8080 3131 3939 3838 3838 3838 3030 1818 4040 
5555 0 5858 3737 4444 4848 9191 3333 6969 5353 4343 3737 
5151 5858 0 5757 4444 1414 4949 3131 5757 2323 4545 6767 
8080 3737 5757 0 4949 5959 6868 6060 4646 6464 8080 4040 
3131 4444 4444 4949 0 3030 4747 4343 2525 2121 3131 2323 
3939 4848 1414 5959 3030 0 4343 3131 4343 909 3333 5353 
3838 9191 4949 6868 4747 4343 0 7474 2626 3838 4848 5454 
3838 3333 3131 6060 4343 3131 7474 0 5656 3636 2626 6666 
3838 6969 5757 4646 2525 4343 2626 5656 0 3434 3838 4040 
3030 5353 2323 6464 2121 909 3838 3636 3434 0 2424 4444 
1818 4343 4545 8080 3131 3333 4848 2626 3838 2424 0 4646 
4040 3737 6767 4040 2323 5353 5454 6666 4040 4444 4646 0 
