# rmTSP_12_6_20_manhattan_101_100.mat
# n=12
# k=6
# a=20
# d="manhattan"
# s=101
12
0 1919 3939 6060 2323 6262 3333 4646 3232 3535 5656 5353 
1919 0 2828 4545 3030 4545 4646 5353 3939 3232 4141 4040 
3939 2828 0 5757 3636 4545 6868 5555 4141 4646 4343 3636 
6060 4545 5757 0 6161 4242 6969 5858 3434 6363 2828 3939 
2323 3030 3636 6161 0 6969 3434 4545 3535 1818 4141 4040 
6262 4545 4545 4242 6969 0 6161 3838 4848 6363 3636 4545 
3333 4646 6868 6969 3434 6161 0 3535 4949 3838 6767 6666 
4646 5353 5555 5858 4545 3838 3535 0 3030 5151 5050 3333 
3232 3939 4141 3434 3535 4848 4949 3030 0 4949 3030 3535 
3535 3232 4646 6363 1818 6363 3838 5151 4949 0 3535 4040 
5656 4141 4343 2828 4141 3636 6767 5050 3030 3535 0 3333 
5353 4040 3636 3939 4040 4545 6666 3333 3535 4040 3333 0 
