# rmTSP_12_8_80_manhattan_101_100.mat
# n=12
# k=8
# a=80
# d="manhattan"
# s=101
12
0 20200 22220 29795 26260 22725 30502 20604 24442 25452 13130 25048 
20200 0 19594 21715 20200 21513 27068 13938 15958 14342 20604 12322 
22220 19594 0 15857 15756 25149 22624 24038 22826 20806 15958 17574 
29795 21715 15857 0 12019 21614 21917 25351 31007 26563 21513 19493 
26260 20200 15756 12019 0 19089 19796 19190 31310 18382 23028 23230 
22725 21513 25149 21614 19089 0 13231 18887 31411 14443 25755 24947 
30502 27068 22624 21917 19796 13231 0 24240 34542 23028 25452 21614 
20604 13938 24038 25351 19190 18887 24240 0 21816 14140 18180 19796 
24442 15958 22826 31007 31310 31411 34542 21816 0 26462 25250 17776 
25452 14342 20806 26563 18382 14443 23028 14140 26462 0 24442 20200 
13130 20604 15958 21513 23028 25755 25452 18180 25250 24442 0 17170 
25048 12322 17574 19493 23230 24947 21614 19796 17776 20200 17170 0 
