# rmTSP_15_8_20_manhattan_101_100.mat
# n=15
# k=8
# a=20
# d="manhattan"
# s=101
15
0 6868 4545 7575 4646 6060 6565 6565 8888 7070 5858 6464 5151 7070 6262 
6868 0 8383 3131 5252 5656 5151 7171 7878 5454 7878 4848 6363 8686 7272 
4545 8383 0 5454 5959 4747 4444 4848 5959 5151 4343 5353 4040 4747 4545 
7575 3131 5454 0 6161 7171 2626 4444 5353 3939 6767 4141 5858 6767 6565 
4646 5252 5959 6161 0 6262 4545 8383 5656 5858 6666 5858 4545 6666 6060 
6060 5656 4747 7171 6262 0 7777 6969 9292 6464 5454 5656 6161 6666 5252 
6565 5151 4444 2626 4545 7777 0 5252 3535 3333 6767 3737 4040 4343 7171 
6565 7171 4848 4444 8383 6969 5252 0 4949 4343 5353 5555 4646 4747 5151 
8888 7878 5959 5353 5656 9292 3535 4949 0 4646 6060 5656 4343 4848 5050 
7070 5454 5151 3939 5858 6464 3333 4343 4646 0 3838 4444 4141 4242 6666 
5858 7878 4343 6767 6666 5454 6767 5353 6060 3838 0 6060 6161 5454 4646 
6464 4848 5353 4141 5858 5656 3737 5555 5656 4444 6060 0 4545 7070 5454 
5151 6363 4040 5858 4545 6161 4040 4646 4343 4141 6161 4545 0 4545 3939 
7070 8686 4747 6767 6666 6666 4343 4747 4848 4242 5454 7070 4545 0 6868 
6262 7272 4545 6565 6060 5252 7171 5151 5050 6666 4646 5454 3939 6868 0 
