# rmTSP_16_6_40_euklid_101_100.mat
# n=16
# k=6
# a=40
# d="euklid"
# s=101
16
0 3532 3249 3760 3243 4063 4390 3409 4203 4090 3398 4575 3263 2967 3967 1871 
3532 0 4584 3910 3822 3704 4075 1558 3259 3018 3234 3998 2929 2075 4999 2630 
3249 4584 0 3468 4164 3609 3090 4962 4504 3240 2682 3515 3011 4108 1040 3126 
3760 3910 3468 0 3227 3588 4565 4121 4761 3933 1895 3974 1428 4238 3477 4039 
3243 3822 4164 3227 0 2256 3650 4496 5179 3342 3450 5509 2601 4761 4884 3568 
4063 3704 3609 3588 2256 0 2210 4766 4804 2094 3210 4840 2645 4762 4270 3360 
4390 4075 3090 4565 3650 2210 0 5260 4262 1208 3829 4222 3348 4593 3727 3455 
3409 1558 4962 4121 4496 4766 5260 0 4061 4293 3385 4579 3589 2050 5302 3020 
4203 3259 4504 4761 5179 4804 4262 4061 0 3613 4705 2185 3708 2375 4676 3160 
4090 3018 3240 3933 3342 2094 1208 4293 3613 0 3200 3672 2603 3789 3761 3082 
3398 3234 2682 1895 3450 3210 3829 3385 4705 3200 0 3883 1829 3640 2833 3312 
4575 3998 3515 3974 5509 4840 4222 4579 2185 3672 3883 0 3285 3082 3218 3748 
3263 2929 3011 1428 2601 2645 3348 3589 3708 2603 1829 3285 0 3427 3256 3121 
2967 2075 4108 4238 4761 4762 4593 2050 2375 3789 3640 3082 3427 0 4389 2217 
3967 4999 1040 3477 4884 4270 3727 5302 4676 3761 2833 3218 3256 4389 0 3830 
1871 2630 3126 4039 3568 3360 3455 3020 3160 3082 3312 3748 3121 2217 3830 0 
