# rmTSP_20_4_20_euklid_101_100.mat
# n=20
# k=4
# a=20
# d="euklid"
# s=101
20
0 2308 1987 1619 2364 1538 655 1064 2183 1558 1594 1966 1641 1846 2053 589 1770 1548 525 1868 
2308 0 1233 1467 655 1890 1784 2087 1508 2231 963 974 1532 553 1035 2312 1600 1770 2102 958 
1987 1233 0 1597 931 1439 1403 2085 2299 2367 1325 1666 1892 931 769 1746 795 1846 1726 1746 
1619 1467 1597 0 1815 1092 1425 915 1078 1174 1435 1696 2002 1111 1532 1515 1964 1890 1672 1005 
2364 655 931 1815 0 2070 1744 2332 2082 2470 1005 1092 1552 845 692 2334 1328 1961 2043 1505 
1538 1890 1439 1092 2070 0 1421 1481 1956 2005 1876 2256 2321 1363 1865 1134 1522 1587 1699 1647 
655 1784 1403 1425 1744 1421 0 1191 2038 1591 1064 1488 1270 1348 1432 782 1257 1410 364 1584 
1064 2087 2085 915 2332 1481 1191 0 1464 631 1597 1879 1924 1705 1948 1182 2240 1995 1237 1460 
2183 1508 2299 1078 2082 1956 2038 1464 0 1508 1597 1584 1966 1453 2065 2314 2575 2040 2245 692 
1558 2231 2367 1174 2470 2005 1591 631 1508 0 1746 1930 2104 1974 2033 1726 2647 2497 1594 1660 
1594 963 1325 1435 1005 1876 1064 1597 1597 1746 0 452 735 851 979 1775 1435 1518 1293 1035 
1966 974 1666 1696 1092 2256 1488 1879 1584 1930 452 0 749 1092 1220 2201 1801 1755 1678 1083 
1641 1532 1892 2002 1552 2321 1270 1924 1966 2104 735 749 0 1450 1644 1995 1711 1439 1366 1435 
1846 553 931 1111 845 1363 1348 1705 1453 1974 851 1092 1450 0 963 1790 1233 1410 1693 845 
2053 1035 769 1532 692 1865 1432 1948 2065 2033 979 1220 1644 963 0 1977 1355 2133 1696 1587 
589 2312 1746 1515 2334 1134 782 1182 2314 1726 1775 2201 1995 1790 1977 0 1581 1644 827 1984 
1770 1600 795 1964 1328 1522 1257 2240 2575 2647 1435 1801 1711 1233 1355 1581 0 1392 1545 1940 
1548 1770 1846 1890 1961 1587 1410 1995 2040 2497 1518 1755 1439 1410 2133 1644 1392 0 1635 1481 
525 2102 1726 1672 2043 1699 364 1237 2245 1594 1293 1678 1366 1693 1696 827 1545 1635 0 1849 
1868 958 1746 1005 1505 1647 1584 1460 692 1660 1035 1083 1435 845 1587 1984 1940 1481 1849 0 
