# rmTSP_15_4_10_manhattan_101_100.mat
# n=15
# k=4
# a=10
# d="manhattan"
# s=101
15
0 2222 909 1010 1919 1010 909 1010 1212 1515 1515 1717 2121 1111 606 
2222 0 1717 2020 909 1212 2121 2424 1818 1111 909 1515 1111 2525 2424 
909 1717 0 1313 1414 707 1414 707 1111 606 1010 1616 1616 1212 1515 
1010 2020 1313 0 1515 808 303 1010 1010 1919 1515 1111 1515 1313 808 
1919 909 1414 1515 0 909 1616 2121 1515 1212 606 1010 404 2222 2121 
1010 1212 707 808 909 0 909 1212 808 1111 707 909 1111 1515 1212 
909 2121 1414 303 1616 909 0 1111 909 2020 1616 1010 1818 1010 505 
1010 2424 707 1010 2121 1212 1111 0 1010 1313 1717 1515 2323 505 1212 
1212 1818 1111 1010 1515 808 909 1010 0 1313 1313 505 1717 909 808 
1515 1111 606 1919 1212 1111 2020 1313 1313 0 1010 1818 1414 1414 2121 
1515 909 1010 1515 606 707 1616 1717 1313 1010 0 1010 606 2020 1717 
1717 1515 1616 1111 1010 909 1010 1515 505 1818 1010 0 1212 1414 1111 
2121 1111 1616 1515 404 1111 1818 2323 1717 1414 606 1212 0 2424 2323 
1111 2525 1212 1313 2222 1515 1010 505 909 1414 2020 1414 2424 0 1111 
606 2424 1515 808 2121 1212 505 1212 808 2121 1717 1111 2323 1111 0 
