# rmTSP_12_8_80_maximum_1_100.mat
# n=12
# k=8
# a=80
# d="maximum"
# s=1
12
0 66 32 56 58 45 52 65 38 47 34 61 
66 0 59 58 61 52 38 54 67 63 63 61 
32 59 0 56 48 54 52 54 43 41 65 41 
56 58 56 0 68 53 78 61 57 73 55 66 
58 61 48 68 0 53 61 53 56 58 68 60 
45 52 54 53 53 0 64 53 55 41 62 37 
52 38 52 78 61 64 0 74 65 56 54 77 
65 54 54 61 53 53 74 0 66 69 61 69 
38 67 43 57 56 55 65 66 0 60 66 53 
47 63 41 73 58 41 56 69 60 0 52 49 
34 63 65 55 68 62 54 61 66 52 0 75 
61 61 41 66 60 37 77 69 53 49 75 0 
