# rmTSP_13_2_10_euklid_101_100.mat
# n=13
# k=2
# a=10
# d="euklid"
# s=101
13
0 505 544 647 452 614 319 416 814 226 505 226 728 
505 0 202 404 814 143 505 143 452 639 714 319 416 
544 202 0 606 931 143 416 319 286 728 869 319 226 
647 404 606 0 707 515 814 319 833 639 515 589 814 
452 814 931 707 0 953 769 678 1216 226 226 647 1143 
614 143 143 515 953 0 544 286 319 769 857 404 303 
319 505 416 814 769 544 0 505 614 544 814 226 515 
416 143 319 319 678 286 505 0 589 515 571 286 544 
814 452 286 833 1216 319 614 589 0 1010 1152 589 101 
226 639 728 639 226 769 544 515 1010 0 319 429 931 
505 714 869 515 226 857 814 571 1152 319 0 639 1092 
226 319 319 589 647 404 226 286 589 429 639 0 505 
728 416 226 814 1143 303 515 544 101 931 1092 505 0 
