# rmTSP_12_3_80_euklid_101_100.mat
# n=12
# k=3
# a=80
# d="euklid"
# s=101
12
0 3819 6608 5749 2340 5489 5273 6384 1134 3775 6209 2358 
3819 0 6878 4244 2830 7500 6377 6217 3113 6534 3975 2392 
6608 6878 0 3699 4873 3615 6984 2668 5709 6713 5497 6288 
5749 4244 3699 0 3861 6205 7667 4355 4714 7629 4074 4195 
2340 2830 4873 3861 0 4708 4581 4316 1225 4157 4012 2382 
5489 7500 3615 6205 4708 0 5086 3813 5052 3931 6791 6506 
5273 6377 6984 7667 4581 5086 0 5002 4950 2862 5447 6713 
6384 6217 2668 4355 4316 3813 5002 0 5402 5765 3725 6399 
1134 3113 5709 4714 1225 5052 4950 5402 0 3918 5155 1924 
3775 6534 6713 7629 4157 3931 2862 5765 3918 0 6899 5828 
6209 3975 5497 4074 4012 6791 5447 3725 5155 6899 0 5515 
2358 2392 6288 4195 2382 6506 6713 6399 1924 5828 5515 0 
