# rmTSP_16_8_80_euklid_1_100.mat
# n=16
# k=8
# a=80
# d="euklid"
# s=1
16
0 76 83 76 84 93 93 84 97 71 109 87 120 82 107 118 
76 0 82 97 89 91 51 96 77 90 119 59 78 59 76 95 
83 82 0 86 69 109 103 100 101 112 80 99 94 77 90 66 
76 97 86 0 41 80 95 52 78 66 58 106 103 92 98 109 
84 89 69 41 0 91 98 56 80 90 73 108 98 87 99 86 
93 91 109 80 91 0 80 61 75 100 96 72 113 90 112 130 
93 51 103 95 98 80 0 91 86 85 112 45 92 64 60 99 
84 96 100 52 56 61 91 0 86 80 91 103 127 90 110 120 
97 77 101 78 80 75 86 86 0 101 98 86 73 111 117 122 
71 90 112 66 90 100 85 80 101 0 103 108 122 90 90 136 
109 119 80 58 73 96 112 91 98 103 0 115 101 106 99 103 
87 59 99 106 108 72 45 103 86 108 115 0 93 73 85 101 
120 78 94 103 98 113 92 127 73 122 101 93 0 99 93 99 
82 59 77 92 87 90 64 90 111 90 106 73 99 0 51 85 
107 76 90 98 99 112 60 110 117 90 99 85 93 51 0 81 
118 95 66 109 86 130 99 120 122 136 103 101 99 85 81 0 
