# rmTSP_14_2_40_euklid_1_100.mat
# n=14
# k=2
# a=40
# d="euklid"
# s=1
14
0 19 25 21 14 20 8 13 17 14 7 5 7 28 
19 0 36 37 31 13 17 9 30 8 12 24 23 38 
25 36 0 14 33 25 20 27 8 36 29 23 30 3 
21 37 14 0 23 31 20 29 9 35 27 17 23 16 
14 31 33 23 0 34 22 27 25 24 19 11 8 36 
20 13 25 31 34 0 13 8 23 18 16 24 26 28 
8 17 20 20 22 13 0 9 14 16 9 11 15 23 
13 9 27 29 27 8 9 0 22 11 9 18 19 30 
17 30 8 9 25 23 14 22 0 30 22 15 22 11 
14 8 36 35 24 18 16 11 30 0 8 19 16 39 
7 12 29 27 19 16 9 9 22 8 0 12 11 32 
5 24 23 17 11 24 11 18 15 19 12 0 7 26 
7 23 30 23 8 26 15 19 22 16 11 7 0 33 
28 38 3 16 36 28 23 30 11 39 32 26 33 0 
