# rmTSP_12_4_80_manhattan_1_100.mat
# n=12
# k=4
# a=80
# d="manhattan"
# s=1
12
0 94 142 151 41 76 158 149 169 148 127 88 
94 0 190 147 81 72 168 159 163 224 139 134 
142 190 0 121 129 142 122 131 97 70 83 134 
151 147 121 0 168 79 53 54 28 153 90 117 
41 81 129 168 0 89 189 180 184 153 152 119 
76 72 142 79 89 0 100 95 95 166 81 76 
158 168 122 53 189 100 0 17 75 142 103 106 
149 159 131 54 180 95 17 0 76 159 112 123 
169 163 97 28 184 95 75 76 0 127 64 131 
148 224 70 153 153 166 142 159 127 0 99 90 
127 139 83 90 152 81 103 112 64 99 0 89 
88 134 134 117 119 76 106 123 131 90 89 0 
