# rmTSP_15_2_80_euklid_101_100.mat
# n=15
# k=2
# a=80
# d="euklid"
# s=101
15
0 1597 1726 1790 3260 5602 6931 3548 4647 1403 3944 8424 4473 3371 3302 
1597 0 1116 1578 2695 4635 7816 3534 6191 2332 5537 9077 4066 4848 3791 
1726 1116 0 2575 3803 5713 8549 4564 6282 2950 5462 9933 5171 5072 4669 
1790 1578 2575 0 1471 3846 6328 1989 5462 1313 5075 7516 2727 4025 2243 
3260 2695 3803 1471 0 2445 6174 1278 6427 2509 6233 7016 1374 4989 2224 
5602 4635 5713 3846 2445 0 7480 3120 8747 4953 8644 7745 2012 7335 4248 
6931 7816 8549 6328 6174 7480 0 4899 4865 5600 5784 1922 5563 4576 4113 
3548 3534 4564 1989 1278 3120 4899 0 5664 2358 5678 5771 1216 4285 1129 
4647 6191 6282 5462 6427 8747 4865 5664 0 4152 1143 6786 6869 1446 4573 
1403 2332 2950 1313 2509 4953 5600 2358 4152 0 3782 7035 3452 2720 1916 
3944 5537 5462 5075 6233 8644 5784 5678 1143 3782 0 7688 6893 1501 4679 
8424 9077 9933 7516 7016 7745 1922 5771 6786 7035 7688 0 6077 6424 5287 
4473 4066 5171 2727 1374 2012 5563 1216 6869 3452 6893 6077 0 5500 2303 
3371 4848 5072 4025 4989 7335 4576 4285 1446 2720 1501 6424 5500 0 3234 
3302 3791 4669 2243 2224 4248 4113 1129 4573 1916 4679 5287 2303 3234 0 
