# rmTSP_15_3_20_manhattan_1_100.mat
# n=15
# k=3
# a=20
# d="manhattan"
# s=1
15
0 15 16 12 20 17 7 21 11 10 13 10 17 2 16 
15 0 19 7 5 20 10 24 6 19 8 7 6 13 21 
16 19 0 16 18 3 11 11 17 16 11 12 21 14 16 
12 7 16 0 12 17 7 21 1 20 5 8 5 12 14 
20 5 18 12 0 19 15 21 11 24 11 10 9 18 26 
17 20 3 17 19 0 12 14 18 19 12 13 22 15 13 
7 10 11 7 15 12 0 16 6 13 6 5 12 5 13 
21 24 11 21 21 14 16 0 22 15 16 17 26 19 27 
11 6 17 1 11 18 6 22 0 19 6 7 6 11 15 
10 19 16 20 24 19 13 15 19 0 17 14 25 8 26 
13 8 11 5 11 12 6 16 6 17 0 3 10 11 15 
10 7 12 8 10 13 5 17 7 14 3 0 13 8 16 
17 6 21 5 9 22 12 26 6 25 10 13 0 17 19 
2 13 14 12 18 15 5 19 11 8 11 8 17 0 18 
16 21 16 14 26 13 13 27 15 26 15 16 19 18 0 
