# rmTSP_10_8_10_euklid_1_100.mat
# n=10
# k=8
# a=10
# d="euklid"
# s=1
10
0 10 12 12 8 11 9 12 7 7 
10 0 15 13 14 10 15 13 12 13 
12 15 0 15 10 15 12 15 13 11 
12 13 15 0 9 9 14 14 9 14 
8 14 10 9 0 11 10 14 9 7 
11 10 15 9 11 0 12 16 12 11 
9 15 12 14 10 12 0 15 11 10 
12 13 15 14 14 16 15 0 8 17 
7 12 13 9 9 12 11 8 0 12 
7 13 11 14 7 11 10 17 12 0 
