# rmTSP_20_4_80_maximum_1_100.mat
# n=20
# k=4
# a=80
# d="maximum"
# s=1
20
0 21 64 54 20 70 40 57 35 49 69 49 75 45 63 69 49 35 65 48 
21 0 62 43 27 68 44 36 33 30 67 33 54 49 42 48 28 28 44 27 
64 62 0 65 60 36 66 49 38 52 48 55 61 71 55 66 55 59 64 43 
54 43 65 0 64 44 64 51 49 29 43 15 72 39 53 32 44 71 28 56 
20 27 60 64 0 66 28 37 31 35 65 59 55 33 43 53 29 45 45 44 
70 68 36 44 66 0 61 55 35 46 15 36 45 47 61 30 61 65 70 49 
40 44 66 64 28 61 0 28 47 35 60 59 47 25 54 53 36 72 42 57 
57 36 49 51 37 55 28 0 33 22 54 46 27 25 34 40 16 52 29 37 
35 33 38 49 31 35 47 33 0 33 44 44 51 52 39 47 26 30 41 29 
49 30 52 29 35 46 35 22 33 0 45 27 43 19 40 20 22 58 24 43 
69 67 48 43 65 15 60 54 44 45 0 46 44 46 60 29 60 64 69 48 
49 33 55 15 59 36 59 46 44 27 46 0 67 34 43 47 39 61 43 46 
75 54 61 72 55 45 47 27 51 43 44 67 0 52 36 61 28 59 50 52 
45 49 71 39 33 47 25 25 52 19 46 34 52 0 59 32 41 77 28 62 
63 42 55 53 43 61 54 34 39 40 60 43 36 59 0 54 18 47 42 16 
69 48 66 32 53 30 53 40 47 20 29 47 61 32 54 0 36 72 41 57 
49 28 55 44 29 61 36 16 26 22 60 39 28 41 18 36 0 36 24 24 
35 28 59 71 45 65 72 52 30 58 64 61 59 77 47 72 36 0 60 32 
65 44 64 28 45 70 42 29 41 24 69 43 50 28 42 41 24 60 0 45 
48 27 43 56 44 49 57 37 29 43 48 46 52 62 16 57 24 32 45 0 
