# rmTSP_12_8_40_maximum_101_100.mat
# n=12
# k=8
# a=40
# d="maximum"
# s=101
12
0 2525 3030 2121 2525 2727 3636 2323 2323 2525 1515 2323 
2525 0 2929 2424 2424 3232 3636 1818 1818 3232 2020 1616 
3030 2929 0 2727 3535 2525 3535 2424 2222 3434 3030 1919 
2121 2424 2727 0 2424 2727 3737 2020 1717 2424 1717 1515 
2525 2424 3535 2424 0 3232 3838 2828 2424 2929 2323 2020 
2727 3232 2525 2727 3232 0 3636 1717 2626 3030 2828 1616 
3636 3636 3535 3737 3838 3636 0 2727 3636 3434 3838 2424 
2323 1818 2424 2020 2828 1717 2727 0 1616 2626 2323 909 
2323 1818 2222 1717 2424 2626 3636 1616 0 3333 3131 1515 
2525 3232 3434 2424 2929 3030 3434 2626 3333 0 2424 3535 
1515 2020 3030 1717 2323 2828 3838 2323 3131 2424 0 1616 
2323 1616 1919 1515 2020 1616 2424 909 1515 3535 1616 0 
