# rmTSP_17_3_40_maximum_101_100.mat
# n=17
# k=3
# a=40
# d="maximum"
# s=101
17
0 1616 1919 1414 1515 606 1414 909 1414 2323 1616 1919 1616 1414 1616 2121 606 
1616 0 3535 2828 1111 2020 2121 909 2929 2626 3232 3535 1313 1717 2626 3737 1818 
1919 3535 0 2828 3434 2020 2626 2828 2929 2020 1212 1515 3131 2929 909 1010 2020 
1414 2828 2828 0 2727 808 2828 2121 2222 3737 1616 3131 2424 2828 3030 1818 2020 
1515 1111 3434 2727 0 1919 1010 606 1818 1717 3131 3434 1212 808 2525 3636 1414 
606 2020 2020 808 1919 0 2020 1313 1616 2929 1212 2323 1616 2020 2222 1717 1212 
1414 2121 2626 2828 1010 2020 0 1313 1414 1313 2323 2626 2222 1313 1717 2828 808 
909 909 2828 2121 606 1313 1313 0 2020 2222 2525 2828 1010 1313 1919 3030 909 
1414 2929 2929 2222 1818 1616 1414 2020 0 2323 2626 2929 3030 2121 2020 3131 1111 
2323 2626 2020 3737 1717 2929 1313 2222 2323 0 2121 2323 1313 909 1111 2222 1717 
1616 3232 1212 1616 3131 1212 2323 2525 2626 2121 0 1515 2828 2626 1414 909 1717 
1919 3535 1515 3131 3434 2323 2626 2828 2929 2323 1515 0 3232 2929 1919 1313 2020 
1616 1313 3131 2424 1212 1616 2222 1010 3030 1313 2828 3232 0 909 2222 3333 1919 
1414 1717 2929 2828 808 2020 1313 1313 2121 909 2626 2929 909 0 2020 3131 1010 
1616 2626 909 3030 2525 2222 1717 1919 2020 1111 1414 1919 2222 2020 0 1414 1111 
2121 3737 1010 1818 3636 1717 2828 3030 3131 2222 909 1313 3333 3131 1414 0 2222 
606 1818 2020 2020 1414 1212 808 909 1111 1717 1717 2020 1919 1010 1111 2222 0 
