# rmTSP_15_4_20_euklid_101_100.mat
# n=15
# k=4
# a=20
# d="euklid"
# s=101
15
0 2072 1245 1508 1208 827 662 1647 1488 1597 1074 1594 1363 915 1613 
2072 0 1460 1050 1660 1890 2503 1453 1672 2135 1824 1840 1971 1515 1050 
1245 1460 0 1600 1838 1225 1495 1584 1940 2334 647 1501 1708 1152 1225 
1508 1050 1600 0 821 1270 1953 1035 1152 1432 1647 1629 1410 1174 857 
1208 1660 1838 821 0 1392 1720 1495 685 721 1868 1812 1453 1025 1532 
827 1890 1225 1270 1392 0 979 1225 1795 1966 782 1464 1216 1216 1078 
662 2503 1495 1953 1720 979 0 1741 2114 2002 1186 1491 1282 1555 1953 
1647 1453 1584 1035 1495 1225 1741 0 2023 1895 1542 827 742 1790 1111 
1488 1672 1940 1152 685 1795 2114 2023 0 1035 2090 2308 2058 898 1755 
1597 2135 2334 1432 721 1966 2002 1895 1035 0 2426 2028 1660 1571 2197 
1074 1824 647 1647 1868 782 1186 1542 2090 2426 0 1558 1613 1274 1169 
1594 1840 1501 1629 1812 1464 1491 827 2308 2028 1558 0 614 1961 1678 
1363 1971 1708 1410 1453 1216 1282 742 2058 1660 1613 614 0 1829 1638 
915 1515 1152 1174 1025 1216 1555 1790 898 1571 1274 1961 1829 0 1321 
1613 1050 1225 857 1532 1078 1953 1111 1755 2197 1169 1678 1638 1321 0 
