# rmTSP_12_4_40_euklid_101_100.mat
# n=12
# k=4
# a=40
# d="euklid"
# s=101
12
0 3935 3435 2862 2663 3554 1956 3930 4244 2755 3256 3644 
3935 0 4021 3085 2974 1097 3095 2614 2010 1801 3011 2299 
3435 4021 0 5172 3642 3324 4524 5693 3618 4243 2744 2708 
2862 3085 5172 0 2958 3167 1932 1351 4479 1849 3534 3592 
2663 2974 3642 2958 0 2169 2263 3224 3072 2939 2075 3011 
3554 1097 3324 3167 2169 0 3028 2938 1922 2236 2038 1708 
1956 3095 4524 1932 2263 3028 0 2557 3575 1826 3639 3905 
3930 2614 5693 1351 3224 2938 2557 0 4186 2035 3847 3741 
4244 2010 3618 4479 3072 1922 3575 4186 0 3060 3572 3267 
2755 1801 4243 1849 2939 2236 1826 2035 3060 0 3397 2945 
3256 3011 2744 3534 2075 2038 3639 3847 3572 3397 0 1488 
3644 2299 2708 3592 3011 1708 3905 3741 3267 2945 1488 0 
