# rmTSP_20_6_40_euklid_101_100.mat
# n=20
# k=6
# a=40
# d="euklid"
# s=101
20
0 3602 3846 3465 5767 3536 4709 4341 4627 4249 4225 3028 6648 5466 4205 3523 5789 4741 5146 4452 
3602 0 3040 3587 3984 2781 4276 3379 1515 3683 2208 1821 4527 3797 3249 2946 3775 4039 3790 3108 
3846 3040 0 2693 5530 5074 3749 2873 3265 4765 4058 1600 5568 3538 4404 5027 4069 4730 5776 4601 
3465 3587 2693 0 4445 4355 1735 1348 3551 3287 3293 2972 4384 3063 2788 3870 3395 4791 5307 4152 
5767 3984 5530 4445 0 4103 4125 3889 3615 4177 2714 4712 1908 3333 3584 3734 3923 3983 3057 5479 
3536 2781 5074 4355 4103 0 5186 4536 3433 4032 2334 3892 5049 4893 2593 2038 4680 5249 3210 3767 
4709 4276 3749 1735 4125 5186 0 1403 3942 2795 3749 4006 3679 3370 3379 4163 3447 4841 5800 4369 
4341 3379 2873 1348 3889 4536 1403 0 2835 3224 3147 3149 3525 2377 2740 4017 3017 4517 5033 3867 
4627 1515 3265 3551 3615 3433 3942 2835 0 3921 2367 2626 3714 2952 2986 3613 3325 4276 3767 3171 
4249 3683 4765 3287 4177 4032 2795 3224 3921 0 3229 4250 4246 5025 3287 2238 4034 5093 5589 2946 
4225 2208 4058 3293 2714 2334 3749 3147 2367 3229 0 3186 3128 3299 1966 2292 2537 4745 3531 3775 
3028 1821 1600 2972 4712 3892 4006 3149 2626 4250 3186 0 5215 3625 3958 3956 4127 3790 4592 4142 
6648 4527 5568 4384 1908 5049 3679 3525 3714 4246 3128 5215 0 3057 3616 4508 2986 5207 4567 5460 
5466 3797 3538 3063 3333 4893 3370 2377 2952 5025 3299 3625 3057 0 3416 5068 3126 4524 4224 5448 
4205 3249 4404 2788 3584 2593 3379 2740 2986 3287 1966 3958 3616 3416 0 2721 3040 5550 4096 3464 
3523 2946 5027 3870 3734 2038 4163 4017 3613 2238 2292 3956 4508 5068 2721 0 4328 4900 4166 3165 
5789 3775 4069 3395 3923 4680 3447 3017 3325 4034 2537 4127 2986 3126 3040 4328 0 6173 5624 4694 
4741 4039 4730 4791 3983 5249 4841 4517 4276 5093 4745 3790 5207 4524 5550 4900 6173 0 3895 5932 
5146 3790 5776 5307 3057 3210 5800 5033 3767 5589 3531 4592 4567 4224 4096 4166 5624 3895 0 5709 
4452 3108 4601 4152 5479 3767 4369 3867 3171 2946 3775 4142 5460 5448 3464 3165 4694 5932 5709 0 
