# rmTSP_14_4_40_euklid_1_100.mat
# n=14
# k=4
# a=40
# d="euklid"
# s=1
14
0 20 28 23 41 44 42 31 29 24 21 17 42 39 
20 0 24 12 44 46 32 18 26 32 37 18 32 23 
28 24 0 23 36 44 49 15 31 31 39 38 25 20 
23 12 23 0 33 36 27 21 16 24 33 24 23 20 
41 44 36 33 0 19 43 46 23 20 34 50 31 41 
44 46 44 36 19 0 39 52 21 21 33 49 41 47 
42 32 49 27 43 39 0 45 24 38 46 34 39 40 
31 18 15 21 46 52 45 0 35 40 47 35 26 14 
29 26 31 16 23 21 24 35 0 15 27 31 29 31 
24 32 31 24 20 21 38 40 15 0 15 33 36 40 
21 37 39 33 34 33 46 47 27 15 0 31 49 51 
17 18 38 24 50 49 34 35 31 33 31 0 47 41 
42 32 25 23 31 41 39 26 29 36 49 47 0 17 
39 23 20 20 41 47 40 14 31 40 51 41 17 0 
