# rmTSP_11_6_80_maximum_1_100.mat
# n=11
# k=6
# a=80
# d="maximum"
# s=1
11
0 55 51 45 32 57 57 35 49 49 35 
55 0 70 66 64 60 73 42 24 36 65 
51 70 0 55 34 48 69 73 69 69 69 
45 66 55 0 53 65 65 69 65 65 65 
32 64 34 53 0 54 63 67 63 63 63 
57 60 48 65 54 0 59 63 59 59 59 
57 73 69 65 63 59 0 31 70 52 59 
35 42 73 69 67 63 31 0 39 35 51 
49 24 69 65 63 59 70 39 0 33 55 
49 36 69 65 63 59 52 35 33 0 57 
35 65 69 65 63 59 59 51 55 57 0 
