# rmTSP_16_3_80_manhattan_1_100.mat
# n=16
# k=3
# a=80
# d="manhattan"
# s=1
16
0 102 21 88 120 83 69 149 145 82 96 49 50 69 86 107 
102 0 115 106 74 139 59 63 93 86 134 73 90 91 124 143 
21 115 0 105 111 62 64 140 136 89 95 64 55 90 85 104 
88 106 105 0 98 167 153 135 119 42 80 41 88 21 94 89 
120 74 111 98 0 107 99 37 25 56 62 107 124 83 76 71 
83 139 62 167 107 0 88 114 92 125 103 126 79 152 97 80 
69 59 64 153 99 88 0 100 118 111 159 112 65 138 149 168 
149 63 140 135 37 114 100 0 34 93 75 136 153 120 83 84 
145 93 136 119 25 92 118 34 0 77 61 132 149 104 79 56 
82 86 89 42 56 125 111 93 77 0 68 69 98 41 82 77 
96 134 95 80 62 103 159 75 61 68 0 89 146 59 18 23 
49 73 64 41 107 126 112 136 132 69 89 0 57 36 79 98 
50 90 55 88 124 79 65 153 149 98 146 57 0 93 136 155 
69 91 90 21 83 152 138 120 104 41 59 36 93 0 73 72 
86 124 85 94 76 97 149 83 79 82 18 79 136 73 0 41 
107 143 104 89 71 80 168 84 56 77 23 98 155 72 41 0 
