# rmTSP_18_8_20_euklid_101_100.mat
# n=18
# k=8
# a=20
# d="euklid"
# s=101
18
0 2697 2092 2672 2830 2589 1735 2523 2699 2853 1824 1781 1693 2581 3138 2753 2824 2755 
2697 0 2171 2220 2687 2691 2563 1625 1987 2379 2310 2853 2515 1720 2338 2432 2215 2484 
2092 2171 0 1775 1862 1678 1696 2220 2150 1581 1266 2245 1958 1969 1884 1714 1729 1997 
2672 2220 1775 0 1843 2224 2772 2445 2316 2180 2364 2760 1594 2111 2585 2297 2204 1846 
2830 2687 1862 1843 0 3087 2810 3218 2396 1638 1966 3126 2622 2531 3010 1846 1919 2327 
2589 2691 1678 2224 3087 0 2161 2439 2655 2301 2569 2695 2180 2986 2515 2377 2991 3022 
1735 2563 1696 2772 2810 2161 0 2589 2028 2513 1587 1629 2462 2555 2330 1943 2693 2988 
2523 1625 2220 2445 3218 2439 2589 0 2347 3057 2114 2517 2097 1528 1903 2794 2511 2070 
2699 1987 2150 2316 2396 2655 2028 2347 0 2114 1953 1935 2447 1997 1919 1138 1895 2449 
2853 2379 1581 2180 1638 2301 2513 3057 2114 0 2208 3022 2708 2790 2760 1381 1873 2824 
1824 2310 1266 2364 1966 2569 1587 2114 1953 2208 0 1865 2140 1657 1898 1770 1702 1868 
1781 2853 2245 2760 3126 2695 1629 2517 1935 3022 1865 0 1862 2180 2249 2347 2405 2413 
1693 2515 1958 1594 2622 2180 2462 2097 2447 2708 2140 1862 0 2065 2653 2649 2367 1798 
2581 1720 1969 2111 2531 2986 2555 1528 1997 2790 1657 2180 2065 0 1545 2474 1495 1092 
3138 2338 1884 2585 3010 2515 2330 1903 1919 2760 1898 2249 2653 1545 0 2152 1892 1940 
2753 2432 1714 2297 1846 2377 1943 2794 1138 1381 1770 2347 2649 2474 2152 0 1881 2647 
2824 2215 1729 2204 1919 2991 2693 2511 1895 1873 1702 2405 2367 1495 1892 1881 0 1498 
2755 2484 1997 1846 2327 3022 2988 2070 2449 2824 1868 2413 1798 1092 1940 2647 1498 0 
