# rmTSP_18_4_40_manhattan_101_100.mat
# n=18
# k=4
# a=40
# d="manhattan"
# s=101
18
0 1717 6464 4242 7272 2828 2424 3939 5252 2525 6262 5050 6363 6868 4747 5858 6161 5959 
1717 0 6565 5555 8989 4545 1515 4242 3939 2424 5353 5151 6464 6969 4646 7575 4444 5454 
6464 6565 0 5454 5858 7272 7070 5757 8080 8787 8484 2424 1313 4242 11009 3838 4949 2929 
4242 5555 5454 0 6262 6262 5656 1313 6666 5959 6666 3030 5555 6262 8181 4848 3535 2727 
7272 8989 5858 6262 0 5858 7474 6565 6868 7373 6868 5050 5959 5656 6969 2020 8787 5959 
2828 4545 7272 6262 5858 0 4444 5959 7272 3939 8282 7070 6969 7070 4141 6666 8383 8181 
2424 1515 7070 5656 7474 4444 0 4343 2828 2121 4242 5656 6161 5858 3939 6060 5353 5959 
3939 4242 5757 1313 6565 5959 4343 0 5353 4646 5353 3333 5858 6363 6868 5151 2424 3030 
5252 3939 8080 6666 6868 7272 2828 5353 0 3737 1414 6666 7171 5252 4343 5858 4747 6969 
2525 2424 8787 5959 7373 3939 2121 4646 3737 0 4747 7373 7878 7979 2222 6565 5858 7676 
6262 5353 8484 6666 6868 8282 4242 5353 1414 4747 0 7070 7575 5252 4545 5858 5151 7373 
5050 5151 2424 3030 5050 7070 5656 3333 6666 7373 7070 0 3131 5252 9595 3636 3737 1111 
6363 6464 1313 5555 5959 6969 6161 5858 7171 7878 7575 3131 0 3333 10100 4141 5050 3838 
6868 6969 4242 6262 5656 7070 5858 6363 5252 7979 5252 5252 3333 0 9595 4242 5555 5959 
4747 4646 11009 8181 6969 4141 3939 6868 4343 2222 4545 9595 10100 9595 0 8181 7676 9898 
5858 7575 3838 4848 2020 6666 6060 5151 5858 6565 5858 3636 4141 4242 8181 0 7373 4545 
6161 4444 4949 3535 8787 8383 5353 2424 4747 5858 5151 3737 5050 5555 7676 7373 0 3030 
5959 5454 2929 2727 5959 8181 5959 3030 6969 7676 7373 1111 3838 5959 9898 4545 3030 0 
