# rmTSP_11_4_20_euklid_101_100.mat
# n=11
# k=4
# a=20
# d="euklid"
# s=101
11
0 1439 839 2015 926 1948 1574 2254 2222 1253 1005 
1439 0 1720 1775 875 2187 2411 1460 1903 1199 1040 
839 1720 0 1764 1542 2087 1237 1997 1865 1366 1421 
2015 1775 1764 0 1846 1421 1741 1253 553 979 1804 
926 875 1542 1846 0 1773 2087 2025 2119 1000 802 
1948 2187 2087 1421 1773 0 1474 2161 1629 1059 1581 
1574 2411 1237 1741 2087 1474 0 2238 1746 1453 1696 
2254 1460 1997 1253 2025 2161 2238 0 937 1414 1723 
2222 1903 1865 553 2119 1629 1746 937 0 1204 1881 
1253 1199 1366 979 1000 1059 1453 1414 1204 0 875 
1005 1040 1421 1804 802 1581 1696 1723 1881 875 0 
