# rmTSP_12_6_80_maximum_1_100.mat
# n=12
# k=6
# a=80
# d="maximum"
# s=1
12
0 56 42 50 48 63 45 67 16 53 65 49 
56 0 60 64 58 59 54 70 69 51 64 67 
42 60 0 47 62 40 34 73 54 58 46 49 
50 64 47 0 59 46 56 54 55 64 29 28 
48 58 62 59 0 64 56 56 64 57 59 62 
63 59 40 46 64 0 46 76 68 53 47 49 
45 54 34 56 56 46 0 53 61 33 56 59 
67 70 73 54 56 76 53 0 53 47 67 63 
16 69 54 55 64 68 61 53 0 69 70 55 
53 51 58 64 57 53 33 47 69 0 64 67 
65 64 46 29 59 47 56 67 70 64 0 43 
49 67 49 28 62 49 59 63 55 67 43 0 
