# rmTSP_10_2_20_euklid_1_100.mat
# n=10
# k=2
# a=20
# d="euklid"
# s=1
10
0 4 8 24 9 13 20 16 14 16 
4 0 7 21 6 11 18 13 10 15 
8 7 0 16 6 6 13 10 12 9 
24 21 16 0 16 11 4 9 17 9 
9 6 6 16 0 6 13 8 6 11 
13 11 6 11 6 0 8 5 10 5 
20 18 13 4 13 8 0 7 15 5 
16 13 10 9 8 5 7 0 8 9 
14 10 12 17 6 10 15 8 0 15 
16 15 9 9 11 5 5 9 15 0 
