# rmTSP_10_2_10_euklid_101_100.mat
# n=10
# k=2
# a=10
# d="euklid"
# s=101
10
0 505 143 544 226 416 728 735 639 505 
505 0 647 833 286 869 909 319 1092 606 
143 647 0 505 364 303 714 863 515 544 
544 833 505 0 606 319 226 869 416 286 
226 286 364 606 0 589 735 515 814 452 
416 869 303 319 589 0 544 1010 226 515 
728 909 714 226 735 544 0 863 606 303 
735 319 863 869 515 1010 863 0 1216 589 
639 1092 515 416 814 226 606 1216 0 678 
505 606 544 286 452 515 303 589 678 0 
