# rmTSP_18_2_40_manhattan_1_100.mat
# n=18
# k=2
# a=40
# d="manhattan"
# s=1
18
0 64 63 41 14 45 33 57 1 54 14 32 9 29 49 15 46 60 
64 0 1 23 50 19 31 13 65 18 50 32 55 35 15 49 18 8 
63 1 0 22 49 18 30 12 64 17 49 31 54 34 14 48 17 9 
41 23 22 0 27 4 24 16 42 19 27 23 32 12 12 26 19 19 
14 50 49 27 0 31 39 43 15 40 4 38 5 15 35 25 34 46 
45 19 18 4 31 0 20 12 46 15 31 19 36 16 16 30 15 15 
33 31 30 24 39 20 0 24 34 21 35 1 34 34 36 18 13 31 
57 13 12 16 43 12 24 0 58 5 43 25 48 28 26 42 11 21 
1 65 64 42 15 46 34 58 0 55 15 33 10 30 50 16 47 61 
54 18 17 19 40 15 21 5 55 0 40 22 45 29 31 39 8 26 
14 50 49 27 4 31 35 43 15 40 0 34 5 15 35 21 32 46 
32 32 31 23 38 19 1 25 33 22 34 0 33 33 35 17 14 30 
9 55 54 32 5 36 34 48 10 45 5 33 0 20 40 20 37 51 
29 35 34 12 15 16 34 28 30 29 15 33 20 0 20 20 29 31 
49 15 14 12 35 16 36 26 50 31 35 35 40 20 0 34 31 11 
15 49 48 26 25 30 18 42 16 39 21 17 20 20 34 0 31 45 
46 18 17 19 34 15 13 11 47 8 32 14 37 29 31 31 0 26 
60 8 9 19 46 15 31 21 61 26 46 30 51 31 11 45 26 0 
