# rmTSP_20_2_80_manhattan_1_100.mat
# n=20
# k=2
# a=80
# d="manhattan"
# s=1
20
0 39 67 105 90 107 70 18 106 88 68 17 13 53 17 40 38 42 56 43 
39 0 38 80 51 82 45 29 81 63 41 56 42 14 26 17 11 25 37 42 
67 38 0 42 23 52 63 67 61 27 3 84 70 38 54 45 49 53 65 70 
105 80 42 0 45 32 43 109 41 17 39 94 92 80 88 65 91 63 49 62 
90 51 23 45 0 75 86 72 84 50 22 107 93 37 77 68 52 76 88 93 
107 82 52 32 75 0 37 111 9 25 53 96 94 82 90 67 93 65 51 64 
70 45 63 43 86 37 0 74 36 36 64 59 57 49 53 30 56 28 14 27 
18 29 67 109 72 111 74 0 110 92 70 35 21 35 21 44 20 46 60 47 
106 81 61 41 84 9 36 110 0 34 62 95 93 81 89 66 92 64 50 63 
88 63 27 17 50 25 36 92 34 0 28 77 75 63 71 48 74 46 38 45 
68 41 3 39 22 53 64 70 62 28 0 85 71 41 55 46 52 54 66 71 
17 56 84 94 107 96 59 35 95 77 85 0 14 70 30 39 55 31 45 32 
13 42 70 92 93 94 57 21 93 75 71 14 0 56 16 27 41 29 43 30 
53 14 38 80 37 82 49 35 81 63 41 70 56 0 40 31 15 39 51 56 
17 26 54 88 77 90 53 21 89 71 55 30 16 40 0 23 25 25 39 26 
40 17 45 65 68 67 30 44 66 48 46 39 27 31 23 0 26 8 20 25 
38 11 49 91 52 93 56 20 92 74 52 55 41 15 25 26 0 28 42 41 
42 25 53 63 76 65 28 46 64 46 54 31 29 39 25 8 28 0 14 17 
56 37 65 49 88 51 14 60 50 38 66 45 43 51 39 20 42 14 0 13 
43 42 70 62 93 64 27 47 63 45 71 32 30 56 26 25 41 17 13 0 
