# rmTSP_11_4_80_maximum_1_100.mat
# n=11
# k=4
# a=80
# d="maximum"
# s=1
11
0 68 47 55 67 47 53 60 53 42 45 
68 0 21 69 34 48 43 58 43 26 45 
47 21 0 48 20 45 22 69 23 27 39 
55 69 48 0 68 60 26 73 40 43 54 
67 34 20 68 0 64 42 77 43 46 58 
47 48 45 60 64 0 62 28 34 43 28 
53 43 22 26 42 62 0 75 28 44 56 
60 58 69 73 77 28 75 0 57 71 56 
53 43 23 40 43 34 28 57 0 41 28 
42 26 27 43 46 43 44 71 41 0 33 
45 45 39 54 58 28 56 56 28 33 0 
