# rmTSP_16_4_20_manhattan_1_100.mat
# n=16
# k=4
# a=20
# d="manhattan"
# s=1
16
0 34 21 39 10 52 24 7 32 34 13 13 31 22 39 40 
34 0 51 31 28 24 32 37 28 36 39 31 25 38 15 18 
21 51 0 36 25 51 33 14 49 29 16 24 32 13 56 45 
39 31 36 0 29 15 17 38 17 17 32 34 8 23 24 13 
10 28 25 29 0 42 22 11 30 34 15 19 23 26 33 30 
52 24 51 15 42 0 28 51 22 26 45 47 21 38 23 12 
24 32 33 17 22 28 0 23 16 22 21 23 19 26 23 18 
7 37 14 38 11 51 23 0 35 27 10 10 30 17 42 39 
32 28 49 17 30 22 16 35 0 22 37 29 19 36 15 22 
34 36 29 17 34 26 22 27 22 0 21 25 11 18 37 26 
13 39 16 32 15 45 21 10 37 21 0 20 24 19 44 33 
13 31 24 34 19 47 23 10 29 25 20 0 26 13 36 35 
31 25 32 8 23 21 19 30 19 11 24 26 0 19 28 17 
22 38 13 23 26 38 26 17 36 18 19 13 19 0 43 32 
39 15 56 24 33 23 23 42 15 37 44 36 28 43 0 15 
40 18 45 13 30 12 18 39 22 26 33 35 17 32 15 0 
