# rmTSP_14_8_40_euklid_101_100.mat
# n=14
# k=8
# a=40
# d="euklid"
# s=101
14
0 2920 4225 5961 4625 4818 5274 5675 5159 4886 4113 4847 5213 4555 
2920 0 3404 5503 3001 3344 3376 4236 4579 5422 3229 4134 4966 2889 
4225 3404 0 6292 3561 3749 3468 3978 5813 4030 3142 3815 5742 4474 
5961 5503 6292 0 6203 5490 4925 4981 4078 5741 5245 3452 3975 5321 
4625 3001 3561 6203 0 4572 4280 5197 4228 5041 4482 4332 5047 3199 
4818 3344 3749 5490 4572 0 3032 2418 4826 5779 3288 3483 4370 4063 
5274 3376 3468 4925 4280 3032 0 3689 5078 5868 2121 3644 5051 4359 
5675 4236 3978 4981 5197 2418 3689 0 5354 5147 4260 3139 4883 4345 
5159 4579 5813 4078 4228 4826 5078 5354 0 5155 4800 4249 1535 3351 
4886 5422 4030 5741 5041 5779 5868 5147 5155 0 5034 4284 4904 5197 
4113 3229 3142 5245 4482 3288 2121 4260 4800 5034 0 4173 4530 4155 
4847 4134 3815 3452 4332 3483 3644 3139 4249 4284 4173 0 4044 4749 
5213 4966 5742 3975 5047 4370 5051 4883 1535 4904 4530 4044 0 3920 
4555 2889 4474 5321 3199 4063 4359 4345 3351 5197 4155 4749 3920 0 
