# rmTSP_11_2_40_euklid_101_100.mat
# n=11
# k=2
# a=40
# d="euklid"
# s=101
11
0 1764 769 1961 814 2889 3170 1074 589 429 1632 
1764 0 2305 833 1293 1446 2325 1088 1216 1418 286 
769 2305 0 2243 1054 3574 3934 1821 1293 1178 2243 
1961 833 2243 0 1212 2159 3146 1714 1581 1764 1088 
814 1293 1054 1212 0 2666 3260 1212 735 814 1293 
2889 1446 3574 2159 2666 0 1233 1854 2303 2466 1374 
3170 2325 3934 3146 3260 1233 0 2123 2666 2757 2123 
1074 1088 1821 1714 1212 1854 2123 0 544 647 833 
589 1216 1293 1581 735 2303 2666 544 0 202 1054 
429 1418 1178 1764 814 2466 2757 647 202 0 1249 
1632 286 2243 1088 1293 1374 2123 833 1054 1249 0 
