# rmTSP_13_3_80_maximum_1_100.mat
# n=13
# k=3
# a=80
# d="maximum"
# s=1
13
0 42 41 35 44 41 35 26 48 40 21 51 33 
42 0 51 34 54 51 36 61 33 37 63 46 45 
41 51 0 31 34 13 28 40 38 52 50 41 41 
35 34 31 0 51 31 49 61 40 28 46 43 11 
44 54 34 51 0 43 18 63 43 56 65 17 49 
41 51 13 31 43 0 41 53 26 52 50 29 41 
35 36 28 49 18 41 0 54 41 54 56 16 47 
26 61 40 61 63 53 54 0 67 66 34 70 59 
48 33 38 40 43 26 41 67 0 34 69 26 51 
40 37 52 28 56 52 54 66 34 0 57 47 39 
21 63 50 46 65 50 56 34 69 57 0 72 44 
51 46 41 43 17 29 16 70 26 47 72 0 54 
33 45 41 11 49 41 47 59 51 39 44 54 0 
