# rmTSP_20_8_40_euklid_101_100.mat
# n=20
# k=8
# a=40
# d="euklid"
# s=101
20
0 4575 4911 3910 3679 4016 4661 3336 4503 3650 4658 4637 3515 5410 3985 5536 5352 3211 5163 4309 
4575 0 4027 3541 3271 3699 4223 4841 6239 3440 3947 4261 3707 4158 4484 5784 4078 3707 3176 2499 
4911 4027 0 3985 5612 4541 5032 4378 4414 5337 4124 3254 3737 4545 3797 5609 5476 4436 5017 3097 
3910 3541 3985 0 3588 2403 4238 3591 4910 3450 3633 4156 4465 4283 4055 4596 3892 2850 4103 2288 
3679 3271 5612 3588 0 4247 4406 5054 6607 2608 4904 5507 5231 5917 4718 6562 5766 3279 5193 3665 
4016 3699 4541 2403 4247 0 5297 3906 4484 4790 4724 4518 4292 5134 4370 5944 3128 3920 2821 2655 
4661 4223 5032 4238 4406 5297 0 4209 5681 4004 4146 5195 5117 3663 3643 4070 5550 1977 5787 4266 
3336 4841 4378 3591 5054 3906 4209 0 4671 4329 4950 5385 4037 4469 4852 4076 4094 3557 4964 4029 
4503 6239 4414 4910 6607 4484 5681 4671 0 7003 5911 4780 4660 5743 3333 6464 6228 4513 6126 5154 
3650 3440 5337 3450 2608 4790 4004 4329 7003 0 3721 5080 4719 4796 5212 4720 5102 3324 5101 3838 
4658 3947 4124 3633 4904 4724 4146 4950 5911 3721 0 2265 4724 4278 3803 4207 4945 3776 4426 3215 
4637 4261 3254 4156 5507 4518 5195 5385 4780 5080 2265 0 4243 4996 3118 5616 5465 4431 4401 3313 
3515 3707 3737 4465 5231 4292 5117 4037 4660 4719 4724 4243 0 3647 4604 5196 4399 4218 4304 4387 
5410 4158 4545 4283 5917 5134 3663 4469 5743 4796 4278 4996 3647 0 5005 2946 4163 3741 5052 4715 
3985 4484 3797 4055 4718 4370 3643 4852 3333 5212 3803 3118 4604 5005 0 5817 6049 2795 5339 3609 
5536 5784 5609 4596 6562 5944 4070 4076 6464 4720 4207 5616 5196 2946 5817 0 4859 4260 6151 5480 
5352 4078 5476 3892 5766 3128 5550 4094 6228 5102 4945 5465 4399 4163 6049 4859 0 4990 2349 4002 
3211 3707 4436 2850 3279 3920 1977 3557 4513 3324 3776 4431 4218 3741 2795 4260 4990 0 5106 3450 
5163 3176 5017 4103 5193 2821 5787 4964 6126 5101 4426 4401 4304 5052 5339 6151 2349 5106 0 3170 
4309 2499 3097 2288 3665 2655 4266 4029 5154 3838 3215 3313 4387 4715 3609 5480 4002 3450 3170 0 
