# rmTSP_11_2_20_manhattan_1_100.mat
# n=11
# k=2
# a=20
# d="manhattan"
# s=1
11
0 14 12 12 3 10 11 13 10 18 21 
14 0 10 8 11 22 21 1 8 6 7 
12 10 0 8 11 22 21 9 2 14 17 
12 8 8 0 9 14 13 7 6 14 9 
3 11 11 9 0 11 10 10 9 17 18 
10 22 22 14 11 0 1 21 20 28 15 
11 21 21 13 10 1 0 20 19 27 14 
13 1 9 7 10 21 20 0 7 7 8 
10 8 2 6 9 20 19 7 0 12 15 
18 6 14 14 17 28 27 7 12 0 13 
21 7 17 9 18 15 14 8 15 13 0 
