# rmTSP_11_8_40_maximum_1_100.mat
# n=11
# k=8
# a=40
# d="maximum"
# s=1
11
0 31 33 32 25 23 25 24 28 26 20 
31 0 39 34 25 19 32 35 24 28 25 
33 39 0 27 26 36 23 20 23 27 30 
32 34 27 0 20 24 26 11 21 25 27 
25 25 26 20 0 26 35 20 16 27 30 
23 19 36 24 26 0 24 19 21 25 25 
25 32 23 26 35 24 0 25 31 23 35 
24 35 20 11 20 19 25 0 16 16 29 
28 24 23 21 16 21 31 16 0 21 25 
26 28 27 25 27 25 23 16 21 0 27 
20 25 30 27 30 25 35 29 25 27 0 
