# rmTSP_20_6_40_manhattan_1_100.mat
# n=20
# k=6
# a=40
# d="manhattan"
# s=1
20
0 53 23 44 64 41 92 52 58 56 59 37 51 54 80 42 73 64 48 52 
53 0 64 45 57 84 79 71 63 63 54 62 60 53 105 47 118 51 37 75 
23 64 0 43 53 62 97 57 63 61 50 50 66 57 103 65 80 67 35 75 
44 45 43 0 88 83 76 72 26 94 45 63 95 68 102 82 83 48 62 96 
64 57 53 88 0 95 84 60 106 52 51 79 39 34 114 62 127 72 28 88 
41 84 62 83 95 0 111 65 89 77 88 68 66 89 43 59 88 95 79 25 
92 79 97 76 84 111 0 104 58 82 47 109 83 96 90 98 99 66 76 118 
52 71 57 72 60 65 104 0 82 74 83 55 63 42 106 72 109 104 66 60 
58 63 63 26 106 89 58 82 0 88 57 67 107 92 108 86 61 62 80 102 
56 63 61 94 52 77 82 74 88 0 67 43 51 70 88 38 85 84 46 54 
59 54 50 45 51 88 47 83 57 67 0 94 68 63 91 81 100 31 33 103 
37 62 50 63 79 68 109 55 67 43 94 0 66 71 89 31 56 87 69 43 
51 60 66 95 39 66 83 63 107 51 68 66 0 55 75 41 108 81 47 59 
54 53 57 68 34 89 96 42 92 70 63 71 55 0 130 68 127 84 50 82 
80 105 103 102 114 43 90 106 108 88 91 89 75 130 0 78 95 86 98 48 
42 47 65 82 62 59 98 72 86 38 81 31 41 68 78 0 75 68 56 44 
73 118 80 83 127 88 99 109 61 85 100 56 108 127 95 75 0 89 111 85 
64 51 67 48 72 95 66 104 62 84 31 87 81 84 86 68 89 0 46 108 
48 37 35 62 28 79 76 66 80 46 33 69 47 50 98 56 111 46 0 78 
52 75 75 96 88 25 118 60 102 54 103 43 59 82 48 44 85 108 78 0 
