# rmTSP_12_2_40_manhattan_1_100.mat
# n=12
# k=2
# a=40
# d="manhattan"
# s=1
12
0 37 30 45 32 41 21 20 6 30 16 33 
37 0 7 8 17 24 42 41 31 25 21 28 
30 7 0 15 14 23 39 34 24 22 14 25 
45 8 15 0 25 32 38 49 39 21 29 24 
32 17 14 25 0 9 53 24 28 36 16 39 
41 24 23 32 9 0 62 21 37 45 25 48 
21 42 39 38 53 62 0 41 25 23 37 26 
20 41 34 49 24 21 41 0 16 34 20 37 
6 31 24 39 28 37 25 16 0 24 12 27 
30 25 22 21 36 45 23 34 24 0 20 3 
16 21 14 29 16 25 37 20 12 20 0 23 
33 28 25 24 39 48 26 37 27 3 23 0 
