# rmTSP_10_8_40_euklid_1_100.mat
# n=10
# k=8
# a=40
# d="euklid"
# s=1
10
0 53 43 27 35 41 47 35 47 48 
53 0 43 38 26 29 49 39 41 30 
43 43 0 37 42 39 50 32 30 38 
27 38 37 0 30 42 47 32 37 41 
35 26 42 30 0 20 43 28 36 34 
41 29 39 42 20 0 48 33 38 27 
47 49 50 47 43 48 0 28 52 50 
35 39 32 32 28 33 28 0 28 31 
47 41 30 37 36 38 52 28 0 29 
48 30 38 41 34 27 50 31 29 0 
