# rmTSP_14_4_40_manhattan_1_100.mat
# n=14
# k=4
# a=40
# d="manhattan"
# s=1
14
0 90 55 99 41 63 50 43 56 71 62 50 54 98 
90 0 47 35 49 51 70 63 82 23 54 74 52 40 
55 47 0 68 28 40 43 30 51 40 31 41 59 43 
99 35 68 0 64 40 57 84 65 28 37 109 81 73 
41 49 28 64 0 42 61 34 49 36 41 45 37 71 
63 51 40 40 42 0 55 48 43 34 31 73 79 57 
50 70 43 57 61 55 0 73 62 61 30 68 94 74 
43 63 30 84 34 48 73 0 25 56 57 37 47 55 
56 82 51 65 49 43 62 25 0 61 40 52 72 68 
71 23 40 28 36 34 61 56 61 0 37 81 57 59 
62 54 31 37 41 31 30 57 40 37 0 72 78 62 
50 74 41 109 45 73 68 37 52 81 72 0 50 52 
54 52 59 81 37 79 94 47 72 57 78 50 0 78 
98 40 43 73 71 57 74 55 68 59 62 52 78 0 
