# rmTSP_16_4_40_manhattan_1_100.mat
# n=16
# k=4
# a=40
# d="manhattan"
# s=1
16
0 79 35 62 99 53 49 82 45 50 76 82 68 63 36 50 
79 0 44 39 78 94 58 35 62 67 95 81 51 48 75 43 
35 44 0 35 72 50 42 49 36 41 79 55 35 60 47 23 
62 39 35 0 57 79 29 32 45 50 62 72 20 55 58 52 
99 78 72 57 0 56 50 43 58 49 33 31 37 68 67 73 
53 94 50 79 56 0 62 75 54 39 47 29 71 70 53 51 
49 58 42 29 50 62 0 41 28 23 37 55 27 38 41 47 
82 35 49 32 43 75 41 0 41 54 60 60 28 79 82 70 
45 62 36 45 58 54 28 41 0 21 43 41 39 54 45 53 
50 67 41 50 49 39 23 54 21 0 38 32 44 37 28 40 
76 95 79 62 33 47 37 60 43 38 0 32 56 49 44 78 
82 81 55 72 31 29 55 60 41 32 32 0 58 63 50 56 
68 51 35 20 37 71 27 28 39 44 56 58 0 65 68 56 
63 48 60 55 68 70 38 79 54 37 49 63 65 0 31 37 
36 75 47 58 67 53 41 82 45 28 44 50 68 31 0 44 
50 43 23 52 73 51 47 70 53 40 78 56 56 37 44 0 
