# rmTSP_13_8_80_euklid_1_100.mat
# n=13
# k=8
# a=80
# d="euklid"
# s=1
13
0 83 81 75 114 79 59 105 116 121 62 92 106 
83 0 81 60 95 76 79 83 112 81 91 58 112 
81 81 0 64 89 106 88 94 69 105 75 77 78 
75 60 64 0 77 114 69 97 110 97 77 64 105 
114 95 89 77 0 138 118 133 127 121 75 109 94 
79 76 106 114 138 0 104 101 131 123 103 113 129 
59 79 88 69 118 104 0 117 105 87 85 85 98 
105 83 94 97 133 101 117 0 112 103 101 77 153 
116 112 69 110 127 131 105 112 0 109 107 102 103 
121 81 105 97 121 123 87 103 109 0 108 87 113 
62 91 75 77 75 103 85 101 107 108 0 95 91 
92 58 77 64 109 113 85 77 102 87 95 0 118 
106 112 78 105 94 129 98 153 103 113 91 118 0 
