# rmTSP_19_6_80_maximum_101_100.mat
# n=19
# k=6
# a=80
# d="maximum"
# s=101
19
0 5454 4747 4141 4545 4444 4747 4747 4646 6262 1717 4949 4343 5454 5656 5858 5151 5454 4848 
5454 0 4040 4747 3434 4545 6262 5959 3535 5151 6464 5656 3535 6868 5757 5656 4747 5555 4141 
4747 4040 0 4141 5151 5252 7676 7373 6161 4444 5757 4949 6262 7777 7171 5454 5858 4242 4444 
4141 4747 4141 0 3535 4949 6464 6161 2828 3030 5151 4141 2121 6565 5959 5252 5151 5656 5858 
4545 3434 5151 3535 0 5858 7777 7474 3737 4545 5555 5050 3434 7878 7272 6565 6060 4444 6767 
4444 4545 5252 4949 5858 0 5454 3939 6666 5555 4646 4949 6767 3737 3636 5050 3838 2828 2828 
4747 6262 7676 6464 7777 5454 0 5757 7171 6262 4343 7272 5959 3838 4242 6060 4848 6464 5555 
4747 5959 7373 6161 7474 3939 5757 0 6969 5959 4949 6969 7070 4646 5151 5757 4141 4242 4848 
4646 3535 6161 2828 3737 6666 7171 6969 0 3434 5656 3434 3939 7272 6666 5757 5353 7676 4747 
6262 5151 4444 3030 4545 5555 6262 5959 3434 0 7272 4747 1919 7070 5757 7373 5757 6161 6464 
1717 6464 5757 5151 5555 4646 4343 4949 5656 7272 0 5959 5353 4444 6666 4848 6161 5757 5353 
4949 5656 4949 4141 5050 4949 7272 6969 3434 4747 5959 0 5252 7373 6767 6060 5454 5959 4545 
4343 3535 6262 2121 3434 6767 5959 7070 3939 1919 5353 5252 0 6060 5555 5555 6262 7777 6969 
5454 6868 7777 6565 7878 3737 3838 4646 7272 7070 4444 7373 6060 0 7070 6161 6161 6161 5757 
5656 5757 7171 5959 7272 3636 4242 5151 6666 5757 6666 6767 5555 7070 0 6060 4949 4848 4545 
5858 5656 5454 5252 6565 5050 6060 5757 5757 7373 4848 6060 5555 6161 6060 0 6565 5656 5959 
5151 4747 5858 5151 6060 3838 4848 4141 5353 5757 6161 5454 6262 6161 4949 6565 0 5050 5555 
5454 5555 4242 5656 4444 2828 6464 4242 7676 6161 5757 5959 7777 6161 4848 5656 5050 0 4646 
4848 4141 4444 5858 6767 2828 5555 4848 4747 6464 5353 4545 6969 5757 4545 5959 5555 4646 0 
