# rmTSP_15_2_80_euklid_1_100.mat
# n=15
# k=2
# a=80
# d="euklid"
# s=1
15
0 36 30 45 57 29 27 49 17 71 30 14 75 69 58 
36 0 6 19 50 31 29 43 53 35 22 34 39 38 22 
30 6 0 21 49 28 26 43 47 41 19 29 45 42 28 
45 19 21 0 69 26 25 29 62 33 18 49 35 49 25 
57 50 49 69 0 75 72 91 65 69 67 43 73 42 57 
29 31 28 26 75 0 3 20 43 58 10 39 61 69 49 
27 29 26 25 72 3 0 22 41 57 8 37 60 67 47 
49 43 43 29 91 20 22 0 61 59 24 59 60 78 54 
17 53 47 62 65 43 41 61 0 88 45 24 92 84 75 
71 35 41 33 69 58 57 59 88 0 49 69 4 32 14 
30 22 19 18 67 10 8 24 45 49 0 36 52 59 39 
14 34 29 49 43 39 37 59 24 69 36 0 73 61 55 
75 39 45 35 73 61 60 60 92 4 52 73 0 35 18 
69 38 42 49 42 69 67 78 84 32 59 61 35 0 26 
58 22 28 25 57 49 47 54 75 14 39 55 18 26 0 
