# rmTSP_12_6_40_euklid_101_100.mat
# n=12
# k=6
# a=40
# d="euklid"
# s=101
12
0 3063 2960 4071 5723 5579 3633 3701 5776 4756 4625 4293 
3063 0 4579 4209 4695 4322 2281 3141 4602 3693 4074 4348 
2960 4579 0 5401 5333 4950 3480 3650 6093 4402 4471 5056 
4071 4209 5401 0 3935 4985 4970 4174 4743 4242 4186 3650 
5723 4695 5333 3935 0 3126 4146 3013 4236 3047 3285 4833 
5579 4322 4950 4985 3126 0 3497 3636 2742 3162 3285 3722 
3633 2281 3480 4970 4146 3497 0 3048 4859 2757 3584 5002 
3701 3141 3650 4174 3013 3636 3048 0 4338 3493 3310 4048 
5776 4602 6093 4743 4236 2742 4859 4338 0 5179 3022 2967 
4756 3693 4402 4242 3047 3162 2757 3493 5179 0 4492 4850 
4625 4074 4471 4186 3285 3285 3584 3310 3022 4492 0 4237 
4293 4348 5056 3650 4833 3722 5002 4048 2967 4850 4237 0 
