# rmTSP_18_8_10_manhattan_101_100.mat
# n=18
# k=8
# a=10
# d="manhattan"
# s=101
18
0 2929 2626 2323 3232 2626 3131 2828 1616 4040 3232 3333 2323 3535 3232 2323 2727 3434 
2929 0 1919 2626 3737 707 2424 3333 2929 2121 2323 2020 1616 3030 2525 3636 3232 2323 
2626 1919 0 2121 2424 2424 2121 2222 2828 2020 2424 3535 1919 3939 3232 4141 3535 2626 
2323 2626 2121 0 3131 2525 2020 2121 2323 3333 2323 2424 1616 3232 2727 3030 1616 2323 
3232 3737 2424 3131 0 3636 3535 1212 2828 3636 2626 2727 3737 2323 4646 4343 3333 3232 
2626 707 2424 2525 3636 0 2929 3232 2424 2424 2424 1919 1515 2727 2626 3131 2727 2222 
3131 2424 2121 2020 3535 2929 0 3535 3939 3333 2929 2424 1818 3636 2727 3434 3636 2525 
2828 3333 2222 2121 1212 3232 3535 0 2222 2626 2828 2323 3131 2121 3838 3131 2525 2626 
1616 2929 2828 2323 2828 2424 3939 2222 0 3030 2424 3131 2525 3131 3636 3535 1717 3434 
4040 2121 2020 3333 3636 2424 3333 2626 3030 0 3434 3333 2929 3535 2626 3737 3333 2828 
3232 2323 2424 2323 2626 2424 2929 2828 2424 3434 0 2727 1919 2323 2222 3939 2525 2626 
3333 2020 3535 2424 2727 1919 2424 2323 3131 3333 2727 0 2424 1818 3333 2828 2828 2323 
2323 1616 1919 1616 3737 1515 1818 3131 2525 2929 1919 2424 0 2828 2121 2222 2626 1919 
3535 3030 3939 3232 2323 2727 3636 2121 3131 3535 2323 1818 2828 0 2727 2222 3232 1919 
3232 2525 3232 2727 4646 2626 2727 3838 3636 2626 2222 3333 2121 2727 0 2121 3131 1818 
2323 3636 4141 3030 4343 3131 3434 3131 3535 3737 3939 2828 2222 2222 2121 0 3030 2323 
2727 3232 3535 1616 3333 2727 3636 2525 1717 3333 2525 2828 2626 3232 3131 3030 0 3737 
3434 2323 2626 2323 3232 2222 2525 2626 3434 2828 2626 2323 1919 1919 1818 2323 3737 0 
