# rmTSP_17_8_40_manhattan_1_100.mat
# n=17
# k=8
# a=40
# d="manhattan"
# s=1
17
0 92 96 119 71 106 156 91 97 78 131 103 100 105 139 101 106 
92 0 126 103 125 116 150 111 87 104 129 113 128 111 139 51 98 
96 126 0 111 109 70 138 95 111 76 137 147 104 113 125 95 134 
119 103 111 0 110 63 75 90 84 101 78 120 135 120 86 122 79 
71 125 109 110 0 111 149 120 90 87 114 102 65 72 96 122 91 
106 116 70 63 111 0 76 65 99 112 85 123 106 135 99 113 112 
156 150 138 75 149 76 0 89 137 150 77 145 114 163 99 149 150 
91 111 95 90 120 65 89 0 132 139 98 90 95 138 136 122 121 
97 87 111 84 90 99 137 132 0 47 132 128 107 116 84 92 55 
78 104 76 101 87 112 150 139 47 0 143 133 96 93 91 77 78 
131 129 137 78 114 85 77 98 132 143 0 74 131 86 92 126 125 
103 113 147 120 102 123 145 90 128 133 74 0 131 70 112 108 99 
100 128 104 135 65 106 114 95 107 96 131 131 0 109 115 113 122 
105 111 113 120 72 135 163 138 116 93 86 70 109 0 86 78 105 
139 139 125 86 96 99 99 136 84 91 92 112 115 86 0 124 69 
101 51 95 122 122 113 149 122 92 77 126 108 113 78 124 0 123 
106 98 134 79 91 112 150 121 55 78 125 99 122 105 69 123 0 
