# rmTSP_14_3_80_euklid_1_100.mat
# n=14
# k=3
# a=80
# d="euklid"
# s=1
14
0 67 45 58 41 25 69 23 55 52 56 28 52 35 
67 0 64 51 65 87 81 89 75 80 32 50 53 67 
45 64 0 79 73 67 107 58 78 81 57 48 60 62 
58 51 79 0 67 65 50 76 31 36 32 33 29 34 
41 65 73 67 0 49 57 51 80 75 72 54 77 62 
25 87 67 65 49 0 64 17 56 47 73 44 65 38 
69 81 107 50 57 64 0 79 64 56 77 64 75 59 
23 89 58 76 51 17 79 0 68 61 78 49 72 49 
55 75 78 31 80 56 64 68 0 13 47 35 28 21 
52 80 81 36 75 47 56 61 13 0 55 37 38 19 
56 32 57 32 72 73 77 78 47 55 0 30 22 44 
28 50 48 33 54 44 64 49 35 37 30 0 25 19 
52 53 60 29 77 65 75 72 28 38 22 25 0 29 
35 67 62 34 62 38 59 49 21 19 44 19 29 0 
