# rmTSP_15_2_20_manhattan_101_100.mat
# n=15
# k=2
# a=20
# d="manhattan"
# s=101
15
0 2727 2020 1414 1616 1515 2121 1010 909 1717 606 909 808 2020 1212 
2727 0 1111 1313 1313 1616 1212 1717 2222 1010 2727 1818 1919 707 1515 
2020 1111 0 606 404 2121 101 1010 1515 1313 2020 1111 1212 1414 1414 
1414 1313 606 0 404 1919 707 606 1313 1111 1414 505 606 1212 1212 
1616 1313 404 404 0 2323 505 1010 1717 1515 1616 707 808 1616 1616 
1515 1616 2121 1919 2323 0 2222 1313 606 808 2121 2222 1919 909 707 
2121 1212 101 707 505 2222 0 1111 1616 1414 2121 1212 1313 1515 1515 
1010 1717 1010 606 1010 1313 1111 0 707 707 1010 909 606 1010 606 
909 2222 1515 1313 1717 606 1616 707 0 1212 1515 1616 1313 1515 707 
1717 1010 1313 1111 1515 808 1414 707 1212 0 1717 1414 1111 303 505 
606 2727 2020 1414 1616 2121 2121 1010 1515 1717 0 909 808 2020 1414 
909 1818 1111 505 707 2222 1212 909 1616 1414 909 0 303 1515 1515 
808 1919 1212 606 808 1919 1313 606 1313 1111 808 303 0 1212 1212 
2020 707 1414 1212 1616 909 1515 1010 1515 303 2020 1515 1212 0 808 
1212 1515 1414 1212 1616 707 1515 606 707 505 1414 1515 1212 808 0 
