# rmTSP_10_6_40_manhattan_101_100.mat
# n=10
# k=6
# a=40
# d="manhattan"
# s=101
10
0 6262 7777 4848 7171 10605 7777 5353 6161 6868 
6262 0 3939 6666 3939 6161 9191 8787 7171 2222 
7777 3939 0 6161 2828 7070 8484 9090 7878 3939 
4848 6666 6161 0 4949 8787 10403 5959 6363 6262 
7171 3939 2828 4949 0 5858 8080 6666 7676 4545 
10605 6161 7070 8787 5858 0 7272 7474 7474 6161 
7777 9191 8484 10403 8080 7272 0 6666 10706 10605 
5353 8787 9090 5959 6666 7474 6666 0 8282 9393 
6161 7171 7878 6363 7676 7474 10706 8282 0 7777 
6868 2222 3939 6262 4545 6161 10605 9393 7777 0 
