# rmTSP_14_6_40_manhattan_1_100.mat
# n=14
# k=6
# a=40
# d="manhattan"
# s=1
14
0 96 61 110 86 57 41 68 99 102 116 85 106 74 
96 0 89 64 90 67 89 70 103 20 74 51 62 70 
61 89 0 77 61 72 40 73 102 75 137 84 77 81 
110 64 77 0 58 85 87 82 47 50 98 53 70 84 
86 90 61 58 0 95 57 88 95 80 132 67 96 86 
57 67 72 85 95 0 62 91 122 69 101 82 63 91 
41 89 40 87 57 62 0 79 110 83 121 82 77 81 
68 70 73 82 88 91 79 0 59 64 88 67 120 14 
99 103 102 47 95 122 110 59 0 91 83 64 107 73 
102 20 75 50 80 69 83 64 91 0 76 45 56 66 
116 74 137 98 132 101 121 88 83 76 0 69 80 90 
85 51 84 53 67 82 82 67 64 45 69 0 57 69 
106 62 77 70 96 63 77 120 107 56 80 57 0 122 
74 70 81 84 86 91 81 14 73 66 90 69 122 0 
