# rmTSP_11_8_40_euklid_1_100.mat
# n=11
# k=8
# a=40
# d="euklid"
# s=1
11
0 39 57 51 27 36 45 33 50 44 27 
39 0 38 37 27 48 47 22 58 46 34 
57 38 0 42 38 51 56 39 64 51 49 
51 37 42 0 37 39 43 29 41 48 37 
27 27 38 37 0 38 35 23 49 41 23 
36 48 51 39 38 0 50 30 30 35 33 
45 47 56 43 35 50 0 39 41 55 29 
33 22 39 29 23 30 39 0 40 31 25 
50 58 64 41 49 30 41 40 0 52 34 
44 46 51 48 41 35 55 31 52 0 49 
27 34 49 37 23 33 29 25 34 49 0 
