# rmTSP_19_8_80_manhattan_101_100.mat
# n=19
# k=8
# a=80
# d="manhattan"
# s=101
19
0 33835 18887 20604 20099 23836 19796 19695 18281 31411 27371 21816 18180 29290 21311 23129 15958 20099 28886 
33835 0 23634 30199 24038 17069 27169 27068 26058 17776 18180 32825 27371 22927 26664 25856 25149 25654 23331 
18887 23634 0 25351 19998 21311 21917 17574 25452 29088 27270 30401 19695 20301 31108 14746 20301 28078 26967 
20604 30199 25351 0 27169 30704 11716 22523 31209 29795 25149 23230 14342 14948 15049 28179 22624 23735 28280 
20099 24038 19998 27169 0 27775 25553 19594 25654 24442 24644 27977 32623 24745 19998 23432 28381 26058 14443 
23836 17069 21311 30704 27775 0 23230 19291 21109 20907 15655 22018 23230 29088 30805 23331 19594 25149 31310 
19796 27169 21917 11716 25553 23230 0 15857 30805 29795 23937 18786 11514 13938 18685 22927 13736 27977 31108 
19695 27068 17574 22523 19594 19291 15857 0 20402 26260 25048 23129 26563 28381 27876 25654 19695 34946 23937 
18281 26058 25452 31209 25654 21109 30805 20402 0 20604 28684 29997 27775 32219 31310 36764 23937 25654 30401 
31411 17776 29088 29795 24442 20907 29795 26260 20604 0 20806 20099 29593 28583 21816 27270 26563 20200 19291 
27371 18180 27270 25149 24644 15655 23937 25048 28684 20806 0 24947 23331 24139 22422 29896 23331 15958 27775 
21816 32825 30401 23230 27977 22018 18786 23129 29997 20099 24947 0 22624 30502 18483 20705 15554 22927 19796 
18180 27371 19695 14342 32623 23230 11514 26563 27775 29593 23331 22624 0 12928 24139 24341 15756 20099 37572 
29290 22927 20301 14948 24745 29088 13938 28381 32219 28583 24139 30502 12928 0 26765 26361 23634 29391 33936 
21311 26664 31108 15049 19998 30805 18685 27876 31310 21816 22422 18483 24139 26765 0 25654 25351 12322 17473 
23129 25856 14746 28179 23432 23331 22927 25654 36764 27270 29896 20705 24341 26361 25654 0 15857 27674 23129 
15958 25149 20301 22624 28381 19594 13736 19695 23937 26563 23331 15554 15756 23634 25351 15857 0 26361 25048 
20099 25654 28078 23735 26058 25149 27977 34946 25654 20200 15958 22927 20099 29391 12322 27674 26361 0 26361 
28886 23331 26967 28280 14443 31310 31108 23937 30401 19291 27775 19796 37572 33936 17473 23129 25048 26361 0 
