# rmTSP_16_2_80_manhattan_101_100.mat
# n=16
# k=2
# a=80
# d="manhattan"
# s=101
16
0 4242 8383 5454 5050 6666 4949 4545 6767 808 1515 909 7070 1818 8080 11716 
4242 0 4141 7070 3636 3434 3333 909 8383 4242 3737 3333 6868 5858 3838 7474 
8383 4141 0 6969 3535 3333 5454 3838 8282 8383 7878 7474 6767 9999 2727 3333 
5454 7070 6969 0 3434 4848 10403 6161 2727 6262 3939 4747 5252 3636 6262 9898 
5050 3636 3535 3434 0 1616 6969 2727 4747 5050 4545 4141 3232 6666 3030 6666 
6666 3434 3333 4848 1616 0 6767 2525 4949 6666 6161 5757 3434 8282 1414 5050 
4949 3333 5454 10403 6969 6767 0 4242 11716 4141 6464 5656 10201 6767 6161 8787 
4545 909 3838 6161 2727 2525 4242 0 7474 4545 4040 3636 5959 6161 3535 7171 
6767 8383 8282 2727 4747 4949 11716 7474 0 7575 5252 6060 2525 6161 5555 7171 
808 4242 8383 6262 5050 6666 4141 4545 7575 0 2323 1515 7070 2626 8080 11716 
1515 3737 7878 3939 4545 6161 6464 4040 5252 2323 0 808 6565 2121 7575 11211 
909 3333 7474 4747 4141 5757 5656 3636 6060 1515 808 0 6161 2525 7171 10807 
7070 6868 6767 5252 3232 3434 10201 5959 2525 7070 6565 6161 0 8686 4040 4646 
1818 5858 9999 3636 6666 8282 6767 6161 6161 2626 2121 2525 8686 0 9696 13332 
8080 3838 2727 6262 3030 1414 6161 3535 5555 8080 7575 7171 4040 9696 0 3636 
11716 7474 3333 9898 6666 5050 8787 7171 7171 11716 11211 10807 4646 13332 3636 0 
