# rmTSP_11_8_20_euklid_101_100.mat
# n=11
# k=8
# a=20
# d="euklid"
# s=101
11
0 1325 2701 2549 1574 2249 1657 2661 2015 1840 2254 
1325 0 2561 2643 2336 1641 1729 2147 2166 2222 2347 
2701 2561 0 1851 2736 2505 2474 1111 2468 1804 2345 
2549 2643 1851 0 2080 1903 1738 1887 2517 942 1542 
1574 2336 2736 2080 0 2697 1584 2734 2371 1282 2327 
2249 1641 2505 1903 2697 0 1764 1851 2917 2010 2133 
1657 1729 2474 1738 1584 1764 0 2301 2007 1515 1607 
2661 2147 1111 1887 2734 1851 2301 0 2867 1879 2535 
2015 2166 2468 2517 2371 2917 2007 2867 0 2217 1943 
1840 2222 1804 942 1282 2010 1515 1879 2217 0 1678 
2254 2347 2345 1542 2327 2133 1607 2535 1943 1678 0 
