# rmTSP_15_3_40_manhattan_101_100.mat
# n=15
# k=3
# a=40
# d="manhattan"
# s=101
15
0 4949 6060 6161 1818 3535 7373 2727 4141 6060 8484 7272 1212 3535 7878 
4949 0 1313 2020 4545 3232 3636 5050 6464 5151 3737 5555 6161 3636 3131 
6060 1313 0 2929 5858 4141 4343 5959 7373 4646 3838 4444 7070 4141 2626 
6161 2020 2929 0 5959 2626 2222 3434 4444 3737 2323 4141 6161 3636 1717 
1818 4545 5858 5959 0 3333 7171 3131 3535 5858 8282 7070 2222 3333 7676 
3535 3232 4141 2626 3333 0 3838 1818 3636 4545 4949 4949 3535 3030 4343 
7373 3636 4343 2222 7171 3838 0 4646 3636 2525 2525 1919 7373 4040 1717 
2727 5050 5959 3434 3131 1818 4646 0 2626 3535 5757 4545 2727 3030 5151 
4141 6464 7373 4444 3535 3636 3636 2626 0 2727 5555 3535 3737 3232 4747 
6060 5151 4646 3737 5858 4545 2525 3535 2727 0 3636 1212 6060 2525 2020 
8484 3737 3838 2323 8282 4949 2525 5757 5555 3636 0 4040 8484 4949 1616 
7272 5555 4444 4141 7070 4949 1919 4545 3535 1212 4040 0 7272 3737 2424 
1212 6161 7070 6161 2222 3535 7373 2727 3737 6060 8484 7272 0 3535 7878 
3535 3636 4141 3636 3333 3030 4040 3030 3232 2525 4949 3737 3535 0 4343 
7878 3131 2626 1717 7676 4343 1717 5151 4747 2020 1616 2424 7878 4343 0 
