# rmTSP_16_3_80_manhattan_101_100.mat
# n=16
# k=3
# a=80
# d="manhattan"
# s=101
16
0 10403 15554 7878 14645 11918 5151 8989 12928 14746 17574 7171 7474 6666 4040 13332 
10403 0 8383 10807 7474 12019 15554 1818 10807 11009 10403 5050 8585 3737 13433 9797 
15554 8383 0 8686 3333 8484 13433 10201 5656 4848 4444 13029 8282 9292 11918 5454 
7878 10807 8686 0 12019 4444 4747 9393 8686 8888 10100 7171 2626 7070 5252 5858 
14645 7474 3333 12019 0 11817 16766 9292 8989 7373 6161 12120 9393 8383 14645 7979 
11918 12019 8484 4444 11817 0 7575 11211 9292 9494 5858 9393 4646 9898 8282 3838 
5151 15554 13433 4747 16766 7575 0 14140 8585 10403 13231 11514 7373 11817 2525 8989 
8989 1818 10201 9393 9292 11211 14140 0 12019 12221 12221 3838 7777 2323 12019 8989 
12928 10807 5656 8686 8989 9292 8585 12019 0 1818 6060 15857 11110 10100 9292 7676 
14746 11009 4848 8888 7373 9494 10403 12221 1818 0 6262 16059 11312 10302 11110 7878 
17574 10403 4444 10100 6161 5858 13231 12221 6060 6262 0 15049 10302 11312 13938 4242 
7171 5050 13029 7171 12120 9393 11514 3838 15857 16059 15049 0 4747 5757 11211 10807 
7474 8585 8282 2626 9393 4646 7373 7777 11110 11312 10302 4747 0 6464 6464 6060 
6666 3737 9292 7070 8383 9898 11817 2323 10100 10302 11312 5757 6464 0 9696 7676 
4040 13433 11918 5252 14645 8282 2525 12019 9292 11110 13938 11211 6464 9696 0 9696 
13332 9797 5454 5858 7979 3838 8989 8989 7676 7878 4242 10807 6060 7676 9696 0 
