# rmTSP_14_8_40_euklid_1_100.mat
# n=14
# k=8
# a=40
# d="euklid"
# s=1
14
0 47 57 52 46 55 58 34 32 23 36 45 39 41 
47 0 56 69 53 49 51 36 37 56 38 42 35 44 
57 56 0 49 34 47 53 57 44 58 45 29 38 60 
52 69 49 0 34 53 64 50 48 48 53 39 39 64 
46 53 34 34 0 52 60 52 45 48 47 27 27 64 
55 49 47 53 52 0 40 44 40 60 43 39 46 40 
58 51 53 64 60 40 0 50 46 52 46 49 45 35 
34 36 57 50 52 44 50 0 22 36 24 42 33 29 
32 37 44 48 45 40 46 22 0 35 29 38 33 28 
23 56 58 48 48 60 52 36 35 0 36 50 39 41 
36 38 45 53 47 43 46 24 29 36 0 37 32 34 
45 42 29 39 27 39 49 42 38 50 37 0 21 52 
39 35 38 39 27 46 45 33 33 39 32 21 0 47 
41 44 60 64 64 40 35 29 28 41 34 52 47 0 
