# rmTSP_14_8_20_manhattan_1_100.mat
# n=14
# k=8
# a=20
# d="manhattan"
# s=1
14
0 40 55 68 69 72 67 64 52 57 56 34 80 63 
40 0 53 58 31 68 59 60 68 39 48 48 52 35 
55 53 0 45 56 49 52 33 59 54 43 55 49 48 
68 58 45 0 51 40 45 42 44 43 42 68 46 43 
69 31 56 51 0 53 64 59 67 44 53 75 49 32 
72 68 49 40 53 0 77 56 46 73 52 72 58 61 
67 59 52 45 64 77 0 59 67 42 73 61 39 62 
64 60 33 42 59 56 59 0 70 65 32 62 62 73 
52 68 59 44 67 46 67 70 0 47 52 64 56 43 
57 39 54 43 44 73 42 65 47 0 59 49 45 40 
56 48 43 42 53 52 73 32 52 59 0 70 60 53 
34 48 55 68 75 72 61 62 64 49 70 0 76 69 
80 52 49 46 49 58 39 62 56 45 60 76 0 43 
63 35 48 43 32 61 62 73 43 40 53 69 43 0 
