# rmTSP_15_2_20_manhattan_1_100.mat
# n=15
# k=2
# a=20
# d="manhattan"
# s=1
15
0 17 5 19 13 14 7 11 10 9 6 15 10 7 15 
17 0 22 20 14 9 24 8 7 10 11 14 9 10 2 
5 22 0 22 16 19 4 16 15 12 11 12 15 12 20 
19 20 22 0 10 15 18 12 17 28 23 34 11 12 20 
13 14 16 10 0 5 16 6 11 22 17 28 5 6 14 
14 9 19 15 5 0 21 3 6 17 12 23 4 7 9 
7 24 4 18 16 21 0 18 17 14 13 16 17 14 22 
11 8 16 12 6 3 18 0 5 16 11 22 1 4 8 
10 7 15 17 11 6 17 5 0 11 6 17 6 5 5 
9 10 12 28 22 17 14 16 11 0 5 6 17 16 8 
6 11 11 23 17 12 13 11 6 5 0 11 12 11 9 
15 14 12 34 28 23 16 22 17 6 11 0 23 22 14 
10 9 15 11 5 4 17 1 6 17 12 23 0 3 9 
7 10 12 12 6 7 14 4 5 16 11 22 3 0 8 
15 2 20 20 14 9 22 8 5 8 9 14 9 8 0 
