# rmTSP_12_6_40_manhattan_101_100.mat
# n=12
# k=6
# a=40
# d="manhattan"
# s=101
12
0 5454 5858 7070 7272 6161 4343 7070 4949 8282 5151 4343 
5454 0 7474 11716 7474 8989 8989 7676 9797 8484 7575 6161 
5858 7474 0 8686 7878 6969 7171 6666 6565 8484 9595 7777 
7070 11716 8686 0 9696 5757 3333 6060 4141 8686 9595 7777 
7272 7474 7878 9696 0 8383 8787 9090 9999 11110 5959 10403 
6161 8989 6969 5757 8383 0 3434 8181 4242 7575 9090 9090 
4343 8989 7171 3333 8787 3434 0 6969 2424 7575 7070 6666 
7070 7676 6666 6060 9090 8181 6969 0 7777 5050 11615 10605 
4949 9797 6565 4141 9999 4242 2424 7777 0 6565 7878 5858 
8282 8484 8484 8686 11110 7575 7575 5050 6565 0 9797 11009 
5151 7575 9595 9595 5959 9090 7070 11615 7878 9797 0 7070 
4343 6161 7777 7777 10403 9090 6666 10605 5858 11009 7070 0 
