# rmTSP_14_3_20_manhattan_101_100.mat
# n=14
# k=3
# a=20
# d="manhattan"
# s=101
14
0 2727 1111 1313 2323 1919 2020 808 2929 3030 2121 1616 3737 3131 
2727 0 2222 1414 1818 1212 1313 2727 606 909 1212 1515 1414 1818 
1111 2222 0 1414 1414 1414 1313 505 2424 2525 1616 909 3232 2424 
1313 1414 1414 0 2626 1212 1313 1313 1616 1717 808 707 2424 1818 
2323 1818 1414 2626 0 1616 1717 1717 1212 2121 3030 2323 2020 2424 
1919 1212 1414 1212 1616 0 1313 1919 1212 1111 1616 909 1818 2424 
2020 1313 1313 1313 1717 1313 0 1818 1313 1818 1313 606 2121 1111 
808 2727 505 1313 1717 1919 1818 0 2929 3030 1919 1414 3737 2929 
2929 606 2424 1616 1212 1212 1313 2929 0 909 1818 1717 808 1414 
3030 909 2525 1717 2121 1111 1818 3030 909 0 1919 1818 707 2323 
2121 1212 1616 808 3030 1616 1313 1919 1818 1919 0 707 2626 1818 
1616 1515 909 707 2323 909 606 1414 1717 1818 707 0 2525 1515 
3737 1414 3232 2424 2020 1818 2121 3737 808 707 2626 2525 0 1818 
3131 1818 2424 1818 2424 2424 1111 2929 1414 2323 1818 1515 1818 0 
