# rmTSP_18_8_80_manhattan_1_100.mat
# n=18
# k=8
# a=80
# d="manhattan"
# s=1
18
0 382 236 230 255 222 201 271 159 158 222 313 140 243 216 253 255 169 
382 0 302 268 163 162 181 223 267 246 272 203 296 205 262 165 167 231 
236 302 0 268 325 276 209 121 235 216 180 257 214 339 128 231 255 261 
230 268 268 0 165 200 143 199 295 224 166 147 208 185 184 177 293 161 
255 163 325 165 0 195 190 238 244 201 245 218 223 116 221 188 264 152 
222 162 276 200 195 0 149 279 243 222 216 163 210 243 290 247 117 247 
201 181 209 143 190 149 0 170 222 187 161 178 213 208 177 112 190 116 
271 223 121 199 238 279 170 0 260 179 197 226 243 246 147 162 250 230 
159 267 235 295 244 243 222 260 0 113 205 310 143 250 191 200 218 180 
158 246 216 224 201 222 187 179 113 0 168 233 160 175 142 165 205 141 
222 272 180 166 245 216 161 197 205 168 0 115 242 191 200 143 217 147 
313 203 257 147 218 163 178 226 310 233 115 0 255 204 251 214 230 206 
140 296 214 208 223 210 213 243 143 160 242 255 0 273 180 261 255 215 
243 205 339 185 116 243 208 246 250 175 191 204 273 0 227 166 250 106 
216 262 128 184 221 290 177 147 191 142 200 251 180 227 0 185 285 153 
253 165 231 177 188 247 112 162 200 165 143 214 261 166 185 0 228 98 
255 167 255 293 264 117 190 250 218 205 217 230 255 250 285 228 0 288 
169 231 261 161 152 247 116 230 180 141 147 206 215 106 153 98 288 0 
