# rmTSP_20_8_80_manhattan_1_100.mat
# n=20
# k=8
# a=80
# d="manhattan"
# s=1
20
0 287 266 138 168 170 163 163 243 271 225 207 192 229 220 223 255 288 211 238 
287 0 203 381 263 253 242 264 160 164 236 192 263 156 211 206 270 145 278 191 
266 203 0 226 358 294 295 343 135 237 223 297 330 299 156 197 423 246 305 268 
138 381 226 0 226 200 205 191 271 245 199 241 244 337 174 245 245 302 193 242 
168 263 358 226 0 180 111 105 231 203 295 217 192 201 202 205 121 318 275 208 
170 253 294 200 180 0 131 81 231 193 267 119 252 257 222 155 205 232 209 272 
163 242 295 205 111 131 0 130 214 188 278 206 241 268 161 140 182 245 246 209 
163 264 343 191 105 81 130 0 222 184 298 142 221 224 203 210 130 287 248 267 
243 160 135 271 231 231 214 222 0 134 236 212 245 182 185 146 296 243 248 251 
271 164 237 245 203 193 188 184 134 0 152 162 231 162 175 170 186 171 184 167 
225 236 223 199 295 267 278 298 236 152 0 208 201 232 223 262 304 219 166 141 
207 192 297 241 217 119 206 142 212 162 208 0 191 158 295 176 182 201 180 261 
192 263 330 244 192 252 241 221 245 231 201 191 0 227 244 295 217 352 205 202 
229 156 299 337 201 257 268 224 182 162 232 158 227 0 277 260 164 189 180 215 
220 211 156 174 202 222 161 203 185 175 223 295 244 277 0 249 267 282 263 148 
223 206 197 245 205 155 140 210 146 170 262 176 295 260 249 0 248 163 266 273 
255 270 423 245 121 205 182 130 296 186 304 182 217 164 267 248 0 213 182 227 
288 145 246 302 318 232 245 287 243 171 219 201 352 189 282 163 213 0 187 210 
211 278 305 193 275 209 246 248 248 184 166 180 205 180 263 266 182 187 0 191 
238 191 268 242 208 272 209 267 251 167 141 261 202 215 148 273 227 210 191 0 
