# rmTSP_13_6_20_manhattan_101_100.mat
# n=13
# k=6
# a=20
# d="manhattan"
# s=101
13
0 2626 3131 5252 1919 1919 2020 3232 4848 3939 4949 4747 3131 
2626 0 5151 6262 4141 4545 2828 2626 4444 5757 5151 3535 5555 
3131 5151 0 4343 2828 2626 3131 4343 3737 2626 3838 5252 3434 
5252 6262 4343 0 4949 4141 4848 4040 3636 4545 2727 5757 4949 
1919 4141 2828 4949 0 2424 2929 2929 5353 3838 4848 4848 2626 
1919 4545 2626 4141 2424 0 1919 3939 3737 3232 4040 5050 3434 
2020 2828 3131 4848 2929 1919 0 2424 4242 3333 4747 4949 3939 
3232 2626 4343 4040 2929 3939 2424 0 5252 4545 5353 4545 4747 
4848 4444 3737 3636 5353 3737 4242 5252 0 3535 3131 2525 3131 
3939 5757 2626 4545 3838 3232 3333 4545 3535 0 4444 3838 2828 
4949 5151 3838 2727 4848 4040 4747 5353 3131 4444 0 4646 4646 
4747 3535 5252 5757 4848 5050 4949 4545 2525 3838 4646 0 3434 
3131 5555 3434 4949 2626 3434 3939 4747 3131 2828 4646 3434 0 
