# rmTSP_15_6_80_maximum_1_100.mat
# n=15
# k=6
# a=80
# d="maximum"
# s=1
15
0 60 50 51 66 65 64 61 49 52 27 68 62 54 31 
60 0 44 44 74 62 60 55 59 55 61 66 30 65 57 
50 44 0 60 50 38 34 50 47 47 58 44 44 67 36 
51 44 60 0 61 60 59 61 55 52 58 63 60 62 54 
66 74 50 61 0 35 73 63 63 63 74 60 60 62 52 
65 62 38 60 35 0 61 33 62 62 73 59 59 50 51 
64 60 34 59 73 61 0 74 68 51 66 40 63 66 40 
61 55 50 61 63 33 74 0 58 58 69 55 55 45 47 
49 59 47 55 63 62 68 58 0 20 26 43 41 45 35 
52 55 47 52 63 62 51 58 20 0 25 25 58 41 33 
27 61 58 58 74 73 66 69 26 25 0 41 64 36 33 
68 66 44 63 60 59 40 55 43 25 41 0 69 57 49 
62 30 44 60 60 59 63 55 41 58 64 69 0 68 60 
54 65 67 62 62 50 66 45 45 41 36 57 68 0 51 
31 57 36 54 52 51 40 47 35 33 33 49 60 51 0 
