# rmTSP_17_4_40_manhattan_101_100.mat
# n=17
# k=4
# a=40
# d="manhattan"
# s=101
17
0 2020 4040 4242 1111 3838 5454 3939 3737 5050 6464 6060 4545 2929 1919 5656 6565 
2020 0 5050 3434 2727 2828 6666 5151 4747 6060 7676 4040 4949 3131 3333 6868 5959 
4040 5050 0 5454 4545 5252 5858 4343 4343 1414 6868 6262 5959 4747 5757 6060 2929 
4242 3434 5454 0 4747 6262 5454 3131 6565 5858 6666 2222 8181 6565 5151 3838 6565 
1111 2727 4545 4747 0 4343 4949 4040 3434 4747 5959 6767 3636 2626 2626 5151 5858 
3838 2828 5252 6262 4343 0 9292 7777 6363 6262 10302 4848 3939 2323 4949 9494 4949 
5454 6666 5858 5454 4949 9292 0 2323 3535 4444 1212 7676 6363 7373 4747 2222 6161 
3939 5151 4343 3131 4040 7777 2323 0 3636 3939 3535 5353 7676 6060 3434 1717 6060 
3737 4747 4343 6565 3434 6363 3535 3636 0 3535 3939 7373 4848 4444 3232 3939 5454 
5050 6060 1414 5858 4747 6262 4444 3939 3535 0 5454 6666 5757 5353 6161 4848 2323 
6464 7676 6868 6666 5959 10302 1212 3535 3939 5454 0 8888 7373 8383 5353 3030 7171 
6060 4040 6262 2222 6767 4848 7676 5353 7373 6666 8888 0 8181 4747 7373 6060 4949 
4545 4949 5959 8181 3636 3939 6363 7676 4848 5757 7373 8181 0 3434 6262 8585 5454 
2929 3131 4747 6565 2626 2323 7373 6060 4444 5353 8383 4747 3434 0 4848 7575 3838 
1919 3333 5757 5151 2626 4949 4747 3434 3232 6161 5353 7373 6262 4848 0 4545 8484 
5656 6868 6060 3838 5151 9494 2222 1717 3939 4848 3030 6060 8585 7575 4545 0 6969 
6565 5959 2929 6565 5858 4949 6161 6060 5454 2323 7171 4949 5454 3838 8484 6969 0 
