# rmTSP_18_2_40_manhattan_101_100.mat
# n=18
# k=2
# a=40
# d="manhattan"
# s=101
18
0 2525 3232 1212 3636 5454 2424 5454 3838 3939 5656 5858 1919 2424 1212 4747 2929 1515 
2525 0 2323 3333 4545 2929 2121 2929 3737 1414 3131 3333 4242 2929 2929 2222 404 1212 
3232 2323 0 2020 2222 2222 808 2222 1414 1919 2424 2626 1919 808 3636 1515 2727 1717 
1212 3333 2020 0 2424 4242 1212 4242 2626 2929 4444 4646 909 1212 2222 3535 3737 2121 
3636 4545 2222 2424 0 3030 2424 2626 808 4141 4242 2626 1919 1616 4040 3737 4949 3333 
5454 2929 2222 4242 3030 0 3030 404 2222 1515 1212 404 3737 3030 5858 707 2525 3939 
2424 2121 808 1212 2424 3030 0 3030 1616 1717 3232 3434 2121 808 2828 2323 2525 909 
5454 2929 2222 4242 2626 404 3030 0 1818 1515 1616 404 3737 3030 5858 1111 2525 3939 
3838 3737 1414 2626 808 2222 1616 1818 0 3333 3434 2020 2121 1414 4242 2929 4141 2525 
3939 1414 1919 2929 4141 1515 1717 1515 3333 0 1717 1919 3838 2525 4343 808 1010 2424 
5656 3131 2424 4444 4242 1212 3232 1616 3434 1717 0 1616 3939 3232 6060 909 2727 4141 
5858 3333 2626 4646 2626 404 3434 404 2020 1919 1616 0 4141 3434 6262 1111 2929 4343 
1919 4242 1919 909 1919 3737 2121 3737 2121 3838 3939 4141 0 1313 3131 3434 4646 3030 
2424 2929 808 1212 1616 3030 808 3030 1414 2525 3232 3434 1313 0 2828 2323 3333 1717 
1212 2929 3636 2222 4040 5858 2828 5858 4242 4343 6060 6262 3131 2828 0 5151 3333 1919 
4747 2222 1515 3535 3737 707 2323 1111 2929 808 909 1111 3434 2323 5151 0 1818 3232 
2929 404 2727 3737 4949 2525 2525 2525 4141 1010 2727 2929 4646 3333 3333 1818 0 1616 
1515 1212 1717 2121 3333 3939 909 3939 2525 2424 4141 4343 3030 1717 1919 3232 1616 0 
