# rmTSP_15_3_40_euklid_101_100.mat
# n=15
# k=3
# a=40
# d="euklid"
# s=101
15
0 3055 4223 1951 4376 3971 2880 3609 1495 2045 4595 2015 1641 2272 1270 
3055 0 3173 3588 2684 1961 1846 5056 2312 4131 3382 1865 3663 3913 2279 
4223 3173 0 3453 1147 3755 1542 4076 2905 3819 515 3073 4045 3672 2965 
1951 3588 3453 0 3642 4903 2587 3814 1317 2340 3934 1860 2720 2844 1699 
4376 2684 1147 3642 0 3649 1578 5016 2952 4486 1374 2775 4576 4376 3147 
3971 1961 3755 4903 3649 0 2837 4851 3615 4490 3719 3554 3841 3971 3267 
2880 1846 1542 2587 1578 2837 0 3846 1597 3092 1887 1699 3045 2957 1625 
3609 5056 4076 3814 5016 4851 3846 0 3722 1675 4183 4567 2102 1374 3290 
1495 2312 2905 1317 2952 3615 1597 3722 0 2358 3333 886 2310 2533 614 
2045 4131 3819 2340 4486 4490 3092 1675 2358 0 4105 3235 979 742 1984 
4595 3382 515 3934 1374 3719 1887 4183 3333 4105 0 3502 4297 3883 3335 
2015 1865 3073 1860 2775 3554 1699 4567 886 3235 3502 0 3087 3365 1340 
1641 3663 4045 2720 4576 3841 3045 2102 2310 979 4297 3087 0 795 1778 
2272 3913 3672 2844 4376 3971 2957 1374 2533 742 3883 3365 795 0 2035 
1270 2279 2965 1699 3147 3267 1625 3290 614 1984 3335 1340 1778 2035 0 
