# rmTSP_10_4_80_euklid_1_100.mat
# n=10
# k=4
# a=80
# d="euklid"
# s=1
10
0 85 79 71 76 51 47 99 105 84 
85 0 107 41 71 37 79 75 73 77 
79 107 0 93 55 95 108 56 77 41 
71 41 93 0 52 41 79 72 66 77 
76 71 55 52 0 69 104 41 63 45 
51 37 95 41 69 0 49 85 86 78 
47 79 108 79 104 49 0 115 109 101 
99 75 56 72 41 85 115 0 41 26 
105 73 77 66 63 86 109 41 0 54 
84 77 41 77 45 78 101 26 54 0 
