# rmTSP_15_8_20_manhattan_1_100.mat
# n=15
# k=8
# a=20
# d="manhattan"
# s=1
15
0 64 32 39 43 45 23 46 43 55 37 56 30 46 49 
64 0 54 53 49 53 63 56 65 43 53 60 76 46 55 
32 54 0 45 57 61 23 34 41 65 55 52 34 38 51 
39 53 45 0 46 68 44 47 44 44 60 45 41 37 56 
43 49 57 46 0 22 40 57 48 38 34 49 69 37 34 
45 53 61 68 22 0 50 59 54 54 34 63 69 47 48 
23 63 23 44 40 50 0 35 28 64 56 41 41 51 42 
46 56 34 47 57 59 35 0 47 79 69 38 40 54 41 
43 65 41 44 48 54 28 47 0 76 68 47 41 45 62 
55 43 65 44 38 54 64 79 76 0 48 71 81 43 50 
37 53 55 60 34 34 56 69 68 48 0 81 63 41 56 
56 60 52 45 49 63 41 38 47 71 81 0 48 56 41 
30 76 34 41 69 69 41 40 41 81 63 48 0 44 71 
46 46 38 37 37 47 51 54 45 43 41 56 44 0 61 
49 55 51 56 34 48 42 41 62 50 56 41 71 61 0 
