# rmTSP_12_6_80_manhattan_1_100.mat
# n=12
# k=6
# a=80
# d="manhattan"
# s=1
12
0 154 172 188 170 144 188 170 169 216 108 251 
154 0 136 166 94 142 176 130 85 212 84 185 
172 136 0 216 154 164 154 112 175 176 108 227 
188 166 216 0 162 136 94 110 157 118 208 183 
170 94 154 162 0 168 130 150 133 168 100 169 
144 142 164 136 168 0 134 98 131 136 126 125 
188 176 154 94 130 134 0 58 179 82 176 189 
170 130 112 110 150 98 58 0 139 96 134 211 
169 85 175 157 133 131 179 139 0 173 97 138 
216 212 176 118 168 136 82 96 173 0 224 123 
108 84 108 208 100 126 176 134 97 224 0 197 
251 185 227 183 169 125 189 211 138 123 197 0 
