# rmTSP_20_4_20_manhattan_1_100.mat
# n=20
# k=4
# a=20
# d="manhattan"
# s=1
20
0 38 27 34 13 34 18 25 25 29 32 29 30 33 28 39 38 43 18 23 
38 0 35 34 33 12 24 17 27 11 40 19 36 19 12 17 6 9 24 31 
27 35 0 13 18 27 45 18 38 28 23 32 11 54 29 18 29 34 27 44 
34 34 13 0 25 24 44 17 29 27 18 37 22 53 28 21 28 29 24 51 
13 33 18 25 0 29 31 20 30 24 19 28 21 40 23 34 33 38 19 26 
34 12 27 24 29 0 36 17 17 17 30 13 30 31 18 15 10 9 20 27 
18 24 45 44 31 36 0 27 29 19 50 35 46 19 18 35 30 33 20 31 
25 17 18 17 20 17 27 0 30 10 27 24 19 36 13 14 13 18 13 38 
25 27 38 29 30 17 29 30 0 30 31 28 41 28 23 28 27 26 17 22 
29 11 28 27 24 17 19 10 30 0 35 20 29 26 7 16 11 14 19 34 
32 40 23 18 19 30 50 27 31 35 0 39 20 59 34 39 40 39 30 45 
29 19 32 37 28 13 35 24 28 20 39 0 33 24 27 24 17 18 31 16 
30 36 11 22 21 30 46 19 41 29 20 33 0 55 32 21 30 37 30 41 
33 19 54 53 40 31 19 36 28 26 59 24 55 0 25 36 25 24 29 16 
28 12 29 28 23 18 18 13 23 7 34 27 32 25 0 17 14 15 12 33 
39 17 18 21 34 15 35 14 28 16 39 24 21 36 17 0 11 16 23 38 
38 6 29 28 33 10 30 13 27 11 40 17 30 25 14 11 0 7 24 31 
43 9 34 29 38 9 33 18 26 14 39 18 37 24 15 16 7 0 25 32 
18 24 27 24 19 20 20 13 17 19 30 31 30 29 12 23 24 25 0 29 
23 31 44 51 26 27 31 38 22 34 45 16 41 16 33 38 31 32 29 0 
