# rmTSP_15_6_40_euklid_1_100.mat
# n=15
# k=6
# a=40
# d="euklid"
# s=1
15
0 45 53 45 47 41 35 27 28 58 55 29 46 20 30 
45 0 48 24 49 31 45 56 48 43 39 26 18 56 52 
53 48 0 51 20 43 49 50 43 34 43 41 37 59 54 
45 24 51 0 47 26 34 47 43 33 29 25 26 48 40 
47 49 20 47 0 37 39 37 35 30 34 40 36 50 49 
41 31 43 26 37 0 22 39 27 29 32 19 30 41 41 
35 45 49 34 39 22 0 29 25 36 33 28 41 26 31 
27 56 50 47 37 39 29 0 20 50 49 36 51 20 28 
28 48 43 43 35 27 25 20 0 44 48 25 46 26 31 
58 43 34 33 30 29 36 50 44 0 21 38 33 56 49 
55 39 43 29 34 32 33 49 48 21 0 40 26 54 51 
29 26 41 25 40 19 28 36 25 38 40 0 30 35 31 
46 18 37 26 36 30 41 51 46 33 26 30 0 55 52 
20 56 59 48 50 41 26 20 26 56 54 35 55 0 22 
30 52 54 40 49 41 31 28 31 49 51 31 52 22 0 
