# rmTSP_13_6_40_manhattan_1_100.mat
# n=13
# k=6
# a=40
# d="manhattan"
# s=1
13
0 97 103 70 72 80 66 95 83 92 79 70 75 
97 0 68 123 147 149 119 114 76 127 114 125 92 
103 68 0 83 95 97 69 74 44 91 88 143 46 
70 123 83 0 64 34 66 61 63 60 19 80 75 
72 147 95 64 0 48 66 65 79 74 81 86 55 
80 149 97 34 48 0 54 49 73 58 47 72 65 
66 119 69 66 66 54 0 79 47 62 71 106 37 
95 114 74 61 65 49 79 0 74 45 68 91 54 
83 76 44 63 79 73 47 74 0 75 56 127 30 
92 127 91 60 74 58 62 45 75 0 67 72 53 
79 114 88 19 81 47 71 68 56 67 0 81 80 
70 125 143 80 86 72 106 91 127 72 81 0 105 
75 92 46 75 55 65 37 54 30 53 80 105 0 
