# rmTSP_17_4_20_euklid_101_100.mat
# n=17
# k=4
# a=20
# d="euklid"
# s=101
17
0 1622 1868 1297 1964 1169 1862 598 1152 1919 969 2085 1282 1186 1868 1729 833 
1622 0 1317 1775 1584 2290 1363 1467 1943 2890 1301 1186 1120 1857 1332 735 1597 
1868 1317 0 2447 2351 2559 2199 1956 1916 2815 1672 1906 2058 2109 655 1787 2025 
1297 1775 2447 0 1961 1568 1903 1518 2164 2281 1956 2007 1020 1987 2314 1584 1054 
1964 1584 2351 1961 0 1702 247 1594 1696 2169 1732 742 1977 1332 1916 963 1348 
1169 2290 2559 1568 1702 0 1755 1199 1134 974 1684 2104 2067 958 2258 2007 742 
1862 1363 2199 1903 247 1755 0 1474 1660 2283 1565 655 1804 1317 1812 776 1325 
598 1467 1956 1518 1594 1199 1474 0 963 2025 580 1826 1317 851 1898 1498 875 
1152 1943 1916 2164 1696 1134 1660 963 0 1515 1020 1948 2164 452 1708 1908 1169 
1919 2890 2815 2281 2169 974 2283 2025 1515 0 2379 2484 2875 1501 2401 2583 1474 
969 1301 1672 1956 1732 1684 1565 580 1020 2379 0 1835 1495 1040 1720 1535 1325 
2085 1186 1906 2007 742 2104 655 1826 1948 2484 1835 0 1881 1714 1464 614 1558 
1282 1120 2058 1020 1977 2067 1804 1317 2164 2875 1495 1881 0 2028 2126 1286 1418 
1186 1857 2109 1987 1332 958 1317 851 452 1501 1040 1714 2028 0 1835 1681 979 
1868 1332 655 2314 1916 2258 1812 1898 1708 2401 1720 1464 2126 1835 0 1522 1755 
1729 735 1787 1584 963 2007 776 1498 1908 2583 1535 614 1286 1681 1522 0 1344 
833 1597 2025 1054 1348 742 1325 875 1169 1474 1325 1558 1418 979 1755 1344 0 
