# rmTSP_11_6_40_maximum_1_100.mat
# n=11
# k=6
# a=40
# d="maximum"
# s=1
11
0 21 37 23 24 30 35 25 28 32 18 
21 0 26 26 21 19 26 14 26 27 21 
37 26 0 29 13 26 34 17 30 38 23 
23 26 29 0 23 23 28 25 28 31 22 
24 21 13 23 0 18 26 17 22 26 27 
30 19 26 23 18 0 9 13 16 31 23 
35 26 34 28 26 9 0 22 13 36 32 
25 14 17 25 17 13 22 0 22 23 22 
28 26 30 28 22 16 13 22 0 32 32 
32 27 38 31 26 31 36 23 32 0 25 
18 21 23 22 27 23 32 22 32 25 0 
