# rmTSP_18_6_10_euklid_101_100.mat
# n=18
# k=6
# a=10
# d="euklid"
# s=101
18
0 903 931 920 505 735 958 958 833 851 984 1040 1069 495 749 1015 1078 1000 
903 0 1092 851 995 1321 1020 1116 1020 931 851 1212 1160 869 789 1035 958 1428 
931 1092 0 728 903 1125 1501 1257 614 1385 1040 1446 1289 735 915 1690 1064 1165 
920 851 728 0 808 1348 1467 1045 1111 1385 404 1045 1208 749 1106 1414 1064 1092 
505 995 903 808 0 808 909 598 909 903 892 886 692 735 845 947 776 931 
735 1321 1125 1348 808 0 963 942 827 1088 1377 1138 1035 1102 728 1293 1138 1165 
958 1020 1501 1467 909 963 0 833 1125 580 1425 1204 714 1293 789 580 833 1478 
958 1116 1257 1045 598 942 833 0 1195 1102 953 623 404 1245 953 875 685 1088 
833 1020 614 1111 909 827 1125 1195 0 1083 1297 1484 1125 869 484 1474 903 1229 
851 931 1385 1385 903 1088 580 1102 1083 0 1457 1446 1025 1015 926 808 1035 1675 
984 851 1040 404 892 1377 1425 953 1297 1457 0 763 1191 974 1143 1286 1120 1025 
1040 1212 1446 1045 886 1138 1204 623 1484 1446 763 0 990 1332 1191 1054 1178 1000 
1069 1160 1289 1208 692 1035 714 404 1125 1025 1191 990 0 1332 920 875 429 1195 
495 869 735 749 735 1102 1293 1245 869 1015 974 1332 1332 0 963 1328 1220 1229 
749 789 915 1106 845 728 789 953 484 926 1143 1191 920 963 0 1134 763 1147 
1015 1035 1690 1414 947 1293 580 875 1474 808 1286 1054 875 1328 1134 0 1045 1446 
1078 958 1064 1064 776 1138 833 685 903 1035 1120 1178 429 1220 763 1045 0 1212 
1000 1428 1165 1092 931 1165 1478 1088 1229 1675 1025 1000 1195 1229 1147 1446 1212 0 
