# rmTSP_12_3_40_maximum_1_100.mat
# n=12
# k=3
# a=40
# d="maximum"
# s=1
12
0 21 9 25 34 27 26 14 25 21 10 25 
21 0 27 29 29 22 21 7 21 16 18 14 
9 27 0 24 33 26 30 20 26 27 9 31 
25 29 24 0 22 14 32 22 28 29 25 33 
34 29 33 22 0 20 11 30 37 13 34 35 
27 22 26 14 20 0 18 23 30 15 27 28 
26 21 30 32 11 18 0 22 29 5 26 27 
14 7 20 22 30 23 22 0 28 20 13 21 
25 21 26 28 37 30 29 28 0 24 17 7 
21 16 27 29 13 15 5 20 24 0 21 22 
10 18 9 25 34 27 26 13 17 21 0 22 
25 14 31 33 35 28 27 21 7 22 22 0 
