# rmTSP_14_8_40_manhattan_1_100.mat
# n=14
# k=8
# a=40
# d="manhattan"
# s=1
14
0 56 99 102 115 78 86 55 102 114 105 110 109 101 
56 0 137 122 109 58 100 95 94 108 63 126 69 75 
99 137 0 131 132 169 81 58 117 85 96 67 120 110 
102 122 131 0 157 98 102 129 142 132 133 116 107 91 
115 109 132 157 0 131 103 156 73 83 132 133 122 114 
78 58 169 98 131 0 128 127 134 142 107 174 95 117 
86 100 81 102 103 128 0 75 108 56 91 86 99 99 
55 95 58 129 156 127 75 0 119 91 72 81 130 118 
102 94 117 142 73 134 108 119 0 106 105 124 137 113 
114 108 85 132 83 142 56 91 106 0 89 86 89 89 
105 63 96 133 132 107 91 72 105 89 0 103 76 88 
110 126 67 116 133 174 86 81 124 86 103 0 105 91 
109 69 120 107 122 95 99 130 137 89 76 105 0 48 
101 75 110 91 114 117 99 118 113 89 88 91 48 0 
