# rmTSP_18_6_80_euklid_1_100.mat
# n=18
# k=6
# a=80
# d="euklid"
# s=1
18
0 85 79 45 71 82 77 78 80 85 62 99 92 76 82 67 88 65 
85 0 81 66 75 78 60 64 55 52 56 54 68 47 37 98 54 69 
79 81 0 87 95 102 55 61 99 100 97 101 130 60 71 115 78 88 
45 66 87 0 48 66 82 70 60 61 38 63 63 51 75 63 90 53 
71 75 95 48 0 72 101 97 87 58 59 76 70 52 81 57 81 52 
82 78 102 66 72 0 82 92 88 53 58 65 81 72 94 51 90 62 
77 60 55 82 101 82 0 43 69 77 73 82 105 68 52 105 61 74 
78 64 61 70 97 92 43 0 50 79 67 67 100 58 56 113 82 70 
80 55 99 60 87 88 69 50 0 57 40 54 58 68 52 102 80 59 
85 52 100 61 58 53 77 79 57 0 33 46 46 57 60 67 62 36 
62 56 97 38 59 58 73 67 40 33 0 51 40 60 61 63 73 33 
99 54 101 63 76 65 82 67 54 46 51 0 65 51 73 95 91 64 
92 68 130 63 70 81 105 100 58 46 40 65 0 83 79 79 89 63 
76 47 60 51 52 72 68 58 68 57 60 51 83 0 56 88 70 58 
82 37 71 75 81 94 52 56 52 60 61 73 79 56 0 105 36 61 
67 98 115 63 57 51 105 113 102 67 63 95 79 88 105 0 96 60 
88 54 78 90 81 90 61 82 80 62 73 91 89 70 36 96 0 64 
65 69 88 53 52 62 74 70 59 36 33 64 63 58 61 60 64 0 
