# rmTSP_17_6_40_euklid_1_100.mat
# n=17
# k=6
# a=40
# d="euklid"
# s=1
17
0 21 37 44 29 38 36 32 35 59 37 35 43 34 38 39 14 
21 0 48 54 40 42 48 37 40 57 46 38 56 35 43 46 23 
37 48 0 32 31 32 14 28 38 47 32 41 25 37 36 25 34 
44 54 32 0 57 45 42 48 29 43 26 47 51 33 54 13 49 
29 40 31 57 0 35 24 23 53 69 48 47 33 46 32 49 22 
38 42 32 45 35 0 38 32 53 54 30 59 43 30 53 35 33 
36 48 14 42 24 38 0 24 43 58 42 40 26 43 27 36 33 
32 37 28 48 23 32 24 0 49 61 38 46 41 42 36 40 30 
35 40 38 29 53 53 43 49 0 38 42 23 50 34 41 28 39 
59 57 47 43 69 54 58 61 38 0 49 49 55 45 62 39 58 
37 46 32 26 48 30 42 38 42 49 0 55 47 34 59 24 42 
35 38 41 47 47 59 40 46 23 49 55 0 47 46 27 44 36 
43 56 25 51 33 43 26 41 50 55 47 47 0 53 42 46 38 
34 35 37 33 46 30 43 42 34 45 34 46 53 0 46 23 33 
38 43 36 54 32 53 27 36 41 62 59 27 42 46 0 47 32 
39 46 25 13 49 35 36 40 28 39 24 44 46 23 47 0 41 
14 23 34 49 22 33 33 30 39 58 42 36 38 33 32 41 0 
