# rmTSP_15_6_80_manhattan_101_100.mat
# n=15
# k=6
# a=80
# d="manhattan"
# s=101
15
0 16261 21715 23836 18988 22725 20705 19493 18180 18988 17574 19796 12322 16362 20402 
16261 0 16564 19089 11009 21816 14948 17170 16867 8787 14645 12423 18483 12221 14645 
21715 16564 0 23533 16059 14948 18786 16766 23129 22119 7171 13029 11009 22927 21513 
23836 19089 23533 0 10100 12019 17069 13231 21008 11110 30704 17776 18180 14544 18584 
18988 11009 16059 10100 0 16867 10403 15251 23028 9898 22624 16766 15958 13332 19392 
22725 21816 14948 12019 16867 0 18584 12322 14241 16059 20705 12423 10403 17877 21917 
20705 14948 18786 17069 10403 18584 0 12120 17473 14645 17877 18281 13433 9595 16261 
19493 17170 16766 13231 15251 12322 12120 0 11009 20705 17877 12827 9797 8989 9999 
18180 16867 23129 21008 23028 14241 17473 11009 0 18786 17170 12120 14544 13332 12524 
18988 8787 22119 11110 9898 16059 14645 20705 18786 0 22624 14746 20402 13938 20200 
17574 14645 7171 30704 22624 20705 17877 17877 17170 22624 0 13534 14746 18786 17372 
19796 12423 13029 17776 16766 12423 18281 12827 12120 14746 13534 0 14948 12726 11514 
12322 18483 11009 18180 15958 10403 13433 9797 14544 20402 14746 14948 0 15352 19392 
16362 12221 22927 14544 13332 17877 9595 8989 13332 13938 18786 12726 15352 0 6666 
20402 14645 21513 18584 19392 21917 16261 9999 12524 20200 17372 11514 19392 6666 0 
