# rmTSP_16_6_10_manhattan_101_100.mat
# n=16
# k=6
# a=10
# d="manhattan"
# s=101
16
0 1818 2424 2525 1515 1919 2828 2020 1414 1717 2020 1919 3333 1717 1818 1919 
1818 0 2424 2121 2121 1919 2222 2222 2222 2323 2222 1515 2929 1111 1616 2121 
2424 2424 0 2121 3131 3333 1414 2424 2424 1515 1616 2525 2727 2727 3434 3131 
2525 2121 2121 0 2020 2626 2525 1919 1515 2828 1111 1414 1818 1818 2525 1818 
1515 2121 3131 2020 0 1010 2727 2121 2525 2424 1919 2222 2626 2222 2525 1010 
1919 1919 3333 2626 1010 0 2323 1919 2525 2626 2727 2222 2828 2222 1717 808 
2828 2222 1414 2525 2727 2323 0 3232 3232 2121 2222 2525 1515 2929 2828 2929 
2020 2222 2424 1919 2121 1919 3232 0 1616 1515 2626 2323 3131 1515 2222 1111 
1414 2222 2424 1515 2525 2525 3232 1616 0 2525 2424 909 2525 1111 1010 1919 
1717 2323 1515 2828 2424 2626 2121 1515 2525 0 2525 3030 3030 2222 3131 2424 
2020 2222 1616 1111 1919 2727 2222 2626 2424 2525 0 2323 2525 2727 3434 2525 
1919 1515 2525 1414 2222 2222 2525 2323 909 3030 2323 0 2020 1212 1111 1818 
3333 2929 2727 1818 2626 2828 1515 3131 2525 3030 2525 2020 0 2424 2323 2626 
1717 1111 2727 1818 2222 2222 2929 1515 1111 2222 2727 1212 2424 0 909 1414 
1818 1616 3434 2525 2525 1717 2828 2222 1010 3131 3434 1111 2323 909 0 1919 
1919 2121 3131 1818 1010 808 2929 1111 1919 2424 2525 1818 2626 1414 1919 0 
