# rmTSP_14_4_20_manhattan_1_100.mat
# n=14
# k=4
# a=20
# d="manhattan"
# s=1
14
0 42 35 29 37 44 40 35 53 25 18 19 21 34 
42 0 19 13 27 28 32 23 13 29 36 27 25 20 
35 19 0 30 8 9 13 36 18 14 37 20 18 27 
29 13 30 0 38 39 43 26 24 28 23 20 28 13 
37 27 8 38 0 13 11 42 24 18 45 26 18 27 
44 28 9 39 13 0 6 41 15 23 46 27 23 34 
40 32 13 43 11 6 0 45 19 23 50 31 19 38 
35 23 36 26 42 41 45 0 30 32 27 38 26 35 
53 13 18 24 24 15 19 30 0 32 47 36 32 29 
25 29 14 28 18 23 23 32 32 0 27 26 18 33 
18 36 37 23 45 46 50 27 47 27 0 19 31 28 
19 27 20 20 26 27 31 38 36 26 19 0 22 15 
21 25 18 28 18 23 19 26 32 18 31 22 0 33 
34 20 27 13 27 34 38 35 29 33 28 15 33 0 
