# rmTSP_14_4_80_manhattan_1_100.mat
# n=14
# k=4
# a=80
# d="manhattan"
# s=1
14
0 164 131 171 74 93 104 101 40 83 47 187 182 118 
164 0 103 127 116 149 122 93 124 95 169 61 48 58 
131 103 0 166 101 94 101 122 103 88 142 142 97 61 
171 127 166 0 165 208 109 104 175 146 136 162 95 151 
74 116 101 165 0 125 58 65 38 21 93 113 136 64 
93 149 94 208 125 0 99 190 87 132 76 172 137 133 
104 122 101 109 58 99 0 99 66 53 57 145 88 100 
101 93 122 104 65 190 99 0 103 58 116 98 113 85 
40 124 103 175 38 87 66 103 0 45 63 147 142 78 
83 95 88 146 21 132 53 58 45 0 94 104 115 51 
47 169 142 136 93 76 57 116 63 94 0 192 135 141 
187 61 142 162 113 172 145 98 147 104 192 0 109 109 
182 48 97 95 136 137 88 113 142 115 135 109 0 76 
118 58 61 151 64 133 100 85 78 51 141 109 76 0 
