# rmTSP_13_8_40_euklid_101_100.mat
# n=13
# k=8
# a=40
# d="euklid"
# s=101
13
0 4959 4596 4327 6304 4132 2305 5416 6532 4875 4095 4482 3447 
4959 0 5629 3216 5253 6133 3943 5074 5508 4489 3518 3295 6241 
4596 5629 0 6410 6481 3052 4718 4135 4580 4610 3732 4485 4474 
4327 3216 6410 0 4041 5623 3961 4624 5413 4691 4289 3594 4718 
6304 5253 6481 4041 0 5901 6116 3078 5155 3639 5074 5169 5196 
4132 6133 3052 5623 5901 0 4364 4064 4074 4577 4780 4706 2159 
2305 3943 4718 3961 6116 4364 0 5248 6393 4665 3240 3341 4252 
5416 5074 4135 4624 3078 4064 5248 0 3446 2837 3406 4090 4186 
6532 5508 4580 5413 5155 4074 6393 3446 0 4786 5263 4859 4909 
4875 4489 4610 4691 3639 4577 4665 2837 4786 0 3819 4820 4697 
4095 3518 3732 4289 5074 4780 3240 3406 5263 3819 0 2388 5079 
4482 3295 4485 3594 5169 4706 3341 4090 4859 4820 2388 0 4975 
3447 6241 4474 4718 5196 2159 4252 4186 4909 4697 5079 4975 0 
