# rmTSP_19_6_80_manhattan_1_100.mat
# n=19
# k=6
# a=80
# d="manhattan"
# s=1
19
0 175 110 165 105 149 177 167 213 96 173 175 124 146 124 95 155 170 117 
175 0 143 126 182 196 170 146 120 109 200 76 179 103 95 198 84 147 214 
110 143 0 133 121 111 209 171 183 112 111 195 154 152 98 117 153 202 179 
165 126 133 0 222 228 158 124 72 179 94 126 113 137 165 188 130 117 162 
105 182 121 222 0 78 232 208 272 85 198 234 223 155 109 126 134 199 202 
149 196 111 228 78 0 238 272 278 139 164 240 265 161 133 116 156 215 258 
177 170 209 158 232 238 0 198 150 181 196 118 207 123 229 186 152 97 132 
167 146 171 124 208 272 198 0 174 139 166 200 147 213 199 226 174 237 128 
213 120 183 72 272 278 150 174 0 211 158 78 143 151 181 224 154 119 184 
96 109 112 179 85 139 181 139 211 0 177 167 202 146 116 151 105 198 151 
173 200 111 94 198 164 196 166 158 177 0 212 181 231 209 204 192 203 180 
175 76 195 126 234 240 118 200 78 167 212 0 171 85 143 180 122 99 196 
124 179 154 113 223 265 207 147 143 202 181 171 0 174 154 149 201 144 133 
146 103 152 137 155 161 123 213 151 146 231 85 174 0 114 119 117 110 197 
124 95 98 165 109 133 229 199 181 116 209 143 154 114 0 119 121 164 233 
95 198 117 188 126 116 186 226 224 151 204 180 149 119 119 0 160 149 186 
155 84 153 130 134 156 152 174 154 105 192 122 201 117 121 160 0 93 224 
170 147 202 117 199 215 97 237 119 198 203 99 144 110 164 149 93 0 177 
117 214 179 162 202 258 132 128 184 151 180 196 133 197 233 186 224 177 0 
