# rmTSP_20_2_40_euklid_101_100.mat
# n=20
# k=2
# a=40
# d="euklid"
# s=101
20
0 995 2929 2729 1821 3090 2729 1632 3637 4286 958 903 2695 2525 995 2575 3131 2243 3749 1229 
995 0 3455 1843 1922 3447 2651 1178 2773 3859 101 101 1729 2835 1407 2957 3650 1943 2915 1961 
2929 3455 0 4076 1738 614 1898 2773 4606 3571 3357 3430 4404 869 2060 647 202 2432 4567 1729 
2729 1843 4076 0 2358 3782 2441 1403 931 2651 1829 1943 515 3234 2533 3440 4229 1681 1088 3210 
1821 1922 1738 2358 0 1568 931 1040 2982 2684 1821 1930 2666 958 857 1129 1906 833 2984 1249 
3090 3447 614 3782 1568 0 1435 2589 4214 2991 3347 3440 4159 614 2131 515 614 2102 4152 1989 
2729 2651 1898 2441 931 1435 0 1528 2786 1843 2555 2684 2875 1054 1787 1278 1992 814 2718 2123 
1632 1178 2773 1403 1040 2589 1528 0 2180 2718 1092 1233 1644 1989 1152 2169 2945 769 2243 1821 
3637 2773 4606 931 2982 4214 2786 2180 0 2325 2757 2873 1233 3738 3331 3960 4733 2185 226 3996 
4286 3859 3571 2651 2684 2991 1843 2718 2325 0 3786 3929 3163 2828 3478 3032 3605 2045 2131 3929 
958 101 3357 1829 1821 3347 2555 1092 2757 3786 0 143 1744 2734 1313 2857 3552 1854 2892 1879 
903 101 3430 1943 1930 3440 2684 1233 2873 3929 143 0 1829 2830 1374 2945 3626 1992 3013 1906 
2695 1729 4404 515 2666 4159 2875 1644 1233 3163 1744 1829 0 3587 2689 3782 4567 2082 1435 3362 
2525 2835 869 3234 958 614 1054 1989 3738 2828 2734 2830 3587 0 1545 226 1000 1571 3699 1515 
995 1407 2060 2533 857 2131 1787 1152 3331 3478 1313 1374 2689 1545 0 1619 2258 1471 3388 678 
2575 2957 647 3440 1129 515 1278 2169 3960 3032 2857 2945 3782 226 1619 0 789 1787 3922 1491 
3131 3650 202 4229 1906 614 1992 2945 4733 3605 3552 3626 4567 1000 2258 789 0 2571 4686 1930 
2243 1943 2432 1681 833 2102 814 769 2185 2045 1854 1992 2082 1571 1471 1787 2571 0 2169 2023 
3749 2915 4567 1088 2984 4152 2718 2243 226 2131 2892 3013 1435 3699 3388 3922 4686 2169 0 4043 
1229 1961 1729 3210 1249 1989 2123 1821 3996 3929 1879 1906 3362 1515 678 1491 1930 2023 4043 0 
