# rmTSP_10_8_80_maximum_101_100.mat
# n=10
# k=8
# a=80
# d="maximum"
# s=101
10
0 6262 6161 5353 6161 5555 7373 5454 6262 6666 
6262 0 3636 5555 4848 3737 5353 6363 7171 3939 
6161 3636 0 4343 7171 6565 4646 6262 5858 5757 
5353 5555 4343 0 5252 5959 5151 5454 7272 4040 
6161 4848 7171 5252 0 5555 5454 6161 6565 4343 
5555 3737 6565 5959 5555 0 5757 4242 4343 3232 
7373 5353 4646 5151 5454 5757 0 7474 7070 4242 
5454 6363 6262 5454 6161 4242 7474 0 4545 6767 
6262 7171 5858 7272 6565 4343 7070 4545 0 6363 
6666 3939 5757 4040 4343 3232 4242 6767 6363 0 
