# rmTSP_14_2_20_maximum_101_100.mat
# n=14
# k=2
# a=20
# d="maximum"
# s=101
14
0 707 1515 1717 1010 1515 505 1717 1212 1616 1212 606 1313 404 
707 0 909 1919 303 1717 202 1212 1414 1818 1414 404 1212 303 
1515 909 0 1515 707 1111 1010 303 1010 909 909 909 303 1111 
1717 1919 1515 0 1717 404 1717 1717 505 808 606 1515 1313 1919 
1010 303 707 1717 0 1515 505 1010 1212 1616 1212 404 1010 606 
1515 1717 1111 404 1515 0 1515 1313 303 404 303 1313 909 1717 
505 202 1010 1717 505 1515 0 1212 1212 1616 1212 202 1010 202 
1717 1212 303 1717 1010 1313 1212 0 1212 909 1111 1111 404 1313 
1212 1414 1010 505 1212 303 1212 1212 0 404 101 1010 808 1414 
1616 1818 909 808 1616 404 1616 909 404 0 404 1414 606 1818 
1212 1414 909 606 1212 303 1212 1111 101 404 0 1010 707 1414 
606 404 909 1515 404 1313 202 1111 1010 1414 1010 0 808 404 
1313 1212 303 1313 1010 909 1010 404 808 606 707 808 0 1212 
404 303 1111 1919 606 1717 202 1313 1414 1818 1414 404 1212 0 
