# rmTSP_13_2_20_manhattan_1_100.mat
# n=13
# k=2
# a=20
# d="manhattan"
# s=1
13
0 5 22 6 21 2 9 3 15 8 13 24 15 
5 0 19 11 18 5 6 4 12 5 8 21 12 
22 19 0 18 9 24 13 23 7 14 15 4 9 
6 11 18 0 17 8 11 9 11 8 19 20 11 
21 18 9 17 0 23 12 22 16 13 14 13 18 
2 5 24 8 23 0 11 1 17 10 11 26 17 
9 6 13 11 12 11 0 10 10 3 8 15 12 
3 4 23 9 22 1 10 0 16 9 10 25 16 
15 12 7 11 16 17 10 16 0 7 18 9 2 
8 5 14 8 13 10 3 9 7 0 11 16 9 
13 8 15 19 14 11 8 10 18 11 0 17 20 
24 21 4 20 13 26 15 25 9 16 17 0 9 
15 12 9 11 18 17 12 16 2 9 20 9 0 
