# rmTSP_19_2_40_manhattan_1_100.mat
# n=19
# k=2
# a=40
# d="manhattan"
# s=1
19
0 15 50 8 7 30 30 38 44 33 31 28 20 40 23 25 43 40 11 
15 0 35 19 12 19 21 29 35 18 16 19 7 31 16 10 34 25 4 
50 35 0 54 43 20 24 24 30 17 19 46 30 34 27 25 29 20 39 
8 19 54 0 11 34 30 42 36 37 35 20 24 32 27 29 35 44 15 
7 12 43 11 0 31 33 41 47 26 24 31 19 43 16 18 46 37 12 
30 19 20 34 31 0 4 10 16 15 11 26 12 14 35 23 15 10 19 
30 21 24 30 33 4 0 12 14 17 13 22 14 10 37 25 13 14 21 
38 29 24 42 41 10 12 0 8 25 21 34 22 22 45 33 11 4 29 
44 35 30 36 47 16 14 8 0 31 27 26 28 14 51 39 3 10 35 
33 18 17 37 26 15 17 25 31 0 4 29 13 27 20 8 30 21 22 
31 16 19 35 24 11 13 21 27 4 0 27 11 23 24 12 26 17 20 
28 19 46 20 31 26 22 34 26 29 27 0 16 12 35 23 23 36 19 
20 7 30 24 19 12 14 22 28 13 11 16 0 24 23 11 27 20 9 
40 31 34 32 43 14 10 22 14 27 23 12 24 0 47 35 11 24 31 
23 16 27 27 16 35 37 45 51 20 24 35 23 47 0 12 50 41 16 
25 10 25 29 18 23 25 33 39 8 12 23 11 35 12 0 38 29 14 
43 34 29 35 46 15 13 11 3 30 26 23 27 11 50 38 0 13 34 
40 25 20 44 37 10 14 4 10 21 17 36 20 24 41 29 13 0 29 
11 4 39 15 12 19 21 29 35 22 20 19 9 31 16 14 34 29 0 
