# rmTSP_11_8_40_maximum_101_100.mat
# n=11
# k=8
# a=40
# d="maximum"
# s=101
11
0 3232 2424 2525 2525 3131 2828 1919 3737 3232 3030 
3232 0 2727 2929 2424 3232 3232 2626 3131 3131 3737 
2424 2727 0 2020 2828 3232 2929 2121 3838 3535 3030 
2525 2929 2020 0 2525 2222 2222 2424 2727 2929 2222 
2525 2424 2828 2525 0 3131 2929 1818 3838 3232 2727 
3131 3232 3232 2222 3131 0 2525 2727 1414 3232 2828 
2828 3232 2929 2222 2929 2525 0 2929 2626 3232 2828 
1919 2626 2121 2424 1818 2727 2929 0 3838 2222 2525 
3737 3131 3838 2727 3838 1414 2626 3838 0 3232 3232 
3232 3131 3535 2929 3232 3232 3232 2222 3232 0 3636 
3030 3737 3030 2222 2727 2828 2828 2525 3232 3636 0 
