# rmTSP_15_3_80_maximum_1_100.mat
# n=15
# k=3
# a=80
# d="maximum"
# s=1
15
0 33 30 16 59 53 37 38 24 66 28 71 64 57 44 
33 0 31 18 36 42 51 15 34 43 46 48 41 34 25 
30 31 0 18 30 23 48 42 28 57 49 42 35 56 56 
16 18 18 0 48 37 34 29 16 55 36 60 53 46 43 
59 36 30 48 0 49 37 36 58 51 43 15 41 50 50 
53 42 23 37 49 0 71 53 45 68 66 61 54 67 67 
37 51 48 34 37 71 0 55 36 61 21 34 78 56 52 
38 15 42 29 36 53 55 0 45 28 50 33 26 19 14 
24 34 28 16 58 45 36 45 0 65 52 70 63 59 59 
66 43 57 55 51 68 61 28 65 0 56 44 33 9 22 
28 46 49 36 43 66 21 50 52 56 0 55 73 51 47 
71 48 42 60 15 61 34 33 70 44 55 0 56 43 43 
64 41 35 53 41 54 78 26 63 33 73 56 0 32 32 
57 34 56 46 50 67 56 19 59 9 51 43 32 0 13 
44 25 56 43 50 67 52 14 59 22 47 43 32 13 0 
