# rmTSP_13_3_40_maximum_101_100.mat
# n=13
# k=3
# a=40
# d="maximum"
# s=101
13
0 606 3232 1818 2727 2929 3232 1919 2626 1111 3030 3333 3333 
606 0 3737 2424 3232 3535 3737 2424 3131 1515 3131 3838 3838 
3232 3737 0 3333 2828 1515 1313 2929 1212 2222 909 707 808 
1818 2424 3333 0 2828 2525 3333 2020 2727 2222 2424 3434 3434 
2727 3232 2828 2828 0 3030 3131 909 1818 1717 3333 2626 2929 
2929 3535 1515 2525 3030 0 2828 2121 2727 3333 2121 909 2323 
3232 3737 1313 3333 3131 2828 0 3232 1313 2222 909 2020 505 
1919 2424 2929 2020 909 2121 3232 0 1919 1515 3434 2727 3030 
2626 3131 1212 2727 1818 2727 1313 1919 0 1616 1515 1919 1111 
1111 1515 2222 2222 1717 3333 2222 1515 1616 0 1919 2525 2323 
3030 3131 909 2424 3333 2121 909 3434 1515 1919 0 1313 1010 
3333 3838 707 3434 2626 909 2020 2727 1919 2525 1313 0 1515 
3333 3838 808 3434 2929 2323 505 3030 1111 2323 1010 1515 0 
