# rmTSP_19_8_20_manhattan_101_100.mat
# n=19
# k=8
# a=20
# d="manhattan"
# s=101
19
0 4444 6363 5454 5656 5858 6666 5656 7575 4141 3636 6262 6565 4343 3737 6565 4646 5353 7070 
4444 0 6161 4444 7070 4444 5656 3232 6161 4545 3636 5454 3939 5959 3131 4949 5656 6161 5656 
6363 6161 0 3131 3939 7171 3535 6161 3232 4040 4949 5757 6060 5858 5050 5656 5555 4848 4343 
5454 4444 3131 0 6262 6868 3838 6262 3333 4343 4848 6262 5757 5959 3333 5555 6464 4747 4848 
5656 7070 3939 6262 0 5656 5858 6666 6363 3737 4242 5858 7979 5555 6969 4949 3030 4343 6262 
5858 4444 7171 6868 5656 0 7878 4646 7979 4141 3232 4848 7777 4747 5757 5353 4646 6363 6262 
6666 5656 3535 3838 5858 7878 0 5656 4141 5151 6060 5252 6969 8383 4343 4545 7676 4545 7272 
5656 3232 6161 6262 6666 4646 5656 0 5151 5959 4242 4646 4141 5757 4747 4343 5656 5757 5252 
7575 6161 3232 3333 6363 7979 4141 5151 0 5858 6969 6363 4040 8080 5252 6464 7171 4444 4141 
4141 4545 4040 4343 3737 4141 5151 5959 5858 0 3535 4949 7070 4242 4242 5656 4545 4444 6363 
3636 3636 4949 4848 4242 3232 6060 4242 6969 3535 0 4444 6565 3737 3939 3737 4040 5757 4444 
6262 5454 5757 6262 5858 4848 5252 4646 6363 4949 4444 0 7575 3939 5353 3131 4646 5555 5050 
6565 3939 6060 5757 7979 7777 6969 4141 4040 7070 6565 7575 0 8484 4646 6666 6161 5454 3939 
4343 5959 5858 5959 5555 4747 8383 5757 8080 4242 3737 3939 8484 0 5252 4444 3333 7272 5353 
3737 3131 5050 3333 6969 5757 4343 4747 5252 4242 3939 5353 4646 5252 0 4444 5757 5454 5151 
6565 4949 5656 5555 4949 5353 4545 4343 6464 5656 3737 3131 6666 4444 4444 0 3939 5454 4949 
4646 5656 5555 6464 3030 4646 7676 5656 7171 4545 4040 4646 6161 3333 5757 3939 0 4343 4646 
5353 6161 4848 4747 4343 6363 4545 5757 4444 4444 5757 5555 5454 7272 5454 5454 4343 0 6767 
7070 5656 4343 4848 6262 6262 7272 5252 4141 6363 4444 5050 3939 5353 5151 4949 4646 6767 0 
