# rmTSP_12_2_80_manhattan_1_100.mat
# n=12
# k=2
# a=80
# d="manhattan"
# s=1
12
0 92 58 71 41 23 42 10 59 89 60 32 
92 0 34 63 51 69 74 82 55 19 98 124 
58 34 0 29 59 41 40 48 63 31 106 90 
71 63 29 0 84 66 29 73 88 60 131 63 
41 51 59 84 0 18 55 31 18 48 47 73 
23 69 41 66 18 0 37 13 36 66 65 55 
42 74 40 29 55 37 0 44 59 71 102 50 
10 82 48 73 31 13 44 0 49 79 58 42 
59 55 63 88 18 36 59 49 0 36 43 91 
89 19 31 60 48 66 71 79 36 0 79 121 
60 98 106 131 47 65 102 58 43 79 0 80 
32 124 90 63 73 55 50 42 91 121 80 0 
