# rmTSP_18_8_40_manhattan_101_100.mat
# n=18
# k=8
# a=40
# d="manhattan"
# s=101
18
0 12524 9191 9797 8383 10807 9393 4343 11716 9191 11110 8787 10807 11514 9999 14443 12625 7676 
12524 0 10605 9999 11413 13837 8585 12423 13736 8181 10908 12221 8181 10504 11615 7171 11211 9494 
9191 10605 0 12928 9898 13938 6262 11716 7171 10908 11413 8686 10706 6161 13130 11110 13534 5353 
9797 9999 12928 0 8888 13736 12726 8282 11413 7070 13231 12928 8080 9191 11312 7676 12726 14645 
8383 11413 9898 8888 0 12524 9898 9090 11615 9494 13433 10706 9696 11009 13938 9090 9898 10201 
10807 13837 13938 13736 12524 0 12928 11918 16059 11312 11615 8484 15958 17473 5858 13534 7070 12019 
9393 8585 6262 12726 9898 12928 0 10100 8787 10706 13029 12726 6464 11413 10706 11716 13332 8181 
4343 12423 11716 8282 9090 11918 10100 0 13837 10302 12019 9292 8686 12221 9494 14140 12928 10403 
11716 13736 7171 11413 11615 16059 8787 13837 0 8989 15352 14443 9393 8282 13029 11009 12221 10706 
9191 8181 10908 7070 9494 11312 10706 10302 8989 0 9797 9494 8282 8585 7474 7878 8282 11615 
11110 10908 11413 13231 13433 11615 13029 12019 15352 9797 0 4949 12019 13736 10807 13231 13433 11110 
8787 12221 8686 12928 10706 8484 12726 9292 14443 9494 4949 0 13534 12221 10504 13332 11716 7777 
10807 8181 10706 8080 9696 15958 6464 8686 9393 8282 12019 13534 0 10605 11110 10302 13938 13231 
11514 10504 6161 9191 11009 17473 11413 12221 8282 8585 13736 12221 10605 0 14645 8787 13837 9090 
9999 11615 13130 11312 13938 5858 10706 9494 13029 7474 10807 10504 11110 14645 0 14746 8080 12423 
14443 7171 11110 7676 9090 13534 11716 14140 11009 7878 13231 13332 10302 8787 14746 0 10100 12221 
12625 11211 13534 12726 9898 7070 13332 12928 12221 8282 13433 11716 13938 13837 8080 10100 0 13029 
7676 9494 5353 14645 10201 12019 8181 10403 10706 11615 11110 7777 13231 9090 12423 12221 13029 0 
