# rmTSP_14_3_20_euklid_101_100.mat
# n=14
# k=3
# a=20
# d="euklid"
# s=101
14
0 2199 1857 1220 1257 1974 515 1282 1282 1152 2201 1951 2274 1684 
2199 0 1116 1450 1798 553 1690 1156 1410 2055 953 1693 814 1829 
1857 1116 0 958 886 742 1421 1515 863 1317 1418 1233 707 1377 
1220 1450 958 0 735 1309 821 1249 101 1340 1898 1815 1528 1767 
1257 1798 886 735 0 1432 1015 1610 685 789 1958 1435 1525 1374 
1974 553 742 1309 1432 0 1491 1147 1249 1591 735 1156 416 1317 
515 1690 1421 821 1015 1491 0 875 875 1078 1787 1681 1810 1484 
1282 1156 1515 1249 1610 1147 875 0 1278 1619 1220 1684 1558 1574 
1282 1410 863 101 685 1249 875 1278 0 1313 1857 1755 1450 1723 
1152 2055 1317 1340 789 1591 1078 1619 1313 0 1832 1045 1705 821 
2201 953 1418 1898 1958 735 1787 1220 1857 1832 0 1134 926 1266 
1951 1693 1233 1815 1435 1156 1681 1684 1755 1045 1134 0 1134 364 
2274 814 707 1528 1525 416 1810 1558 1450 1705 926 1134 0 1389 
1684 1829 1377 1767 1374 1317 1484 1574 1723 821 1266 364 1389 0 
