# rmTSP_13_8_80_manhattan_1_100.mat
# n=13
# k=8
# a=80
# d="manhattan"
# s=1
13
0 222 256 198 296 212 288 237 227 162 192 209 259 
222 0 188 136 140 90 232 209 205 196 132 209 175 
256 188 0 204 200 176 330 237 303 308 210 229 143 
198 136 204 0 206 186 232 263 173 238 194 157 203 
296 140 200 206 0 162 264 211 283 288 226 167 191 
212 90 176 186 162 0 234 203 239 174 124 275 179 
288 232 330 232 264 234 0 155 197 222 310 275 313 
237 209 237 263 211 203 155 0 244 187 209 228 254 
227 205 303 173 283 239 197 244 0 151 213 220 222 
162 196 308 238 288 174 222 187 151 0 116 217 231 
192 132 210 194 226 124 310 209 213 116 0 199 165 
209 209 229 157 167 275 275 228 220 217 199 0 198 
259 175 143 203 191 179 313 254 222 231 165 198 0 
