# rmTSP_14_4_80_maximum_1_100.mat
# n=14
# k=4
# a=80
# d="maximum"
# s=1
14
0 46 49 41 40 52 44 33 39 27 46 49 44 41 
46 0 43 46 71 57 63 32 36 53 54 36 38 23 
49 43 0 54 74 65 66 37 51 56 57 44 46 53 
41 46 54 0 66 36 58 33 27 48 49 10 44 59 
40 71 74 66 0 58 64 53 64 18 66 74 64 61 
52 57 65 36 58 0 42 28 63 42 31 45 44 70 
44 63 66 58 64 42 0 31 71 46 38 66 32 58 
33 32 37 33 53 28 31 0 60 35 22 42 26 47 
39 36 51 27 64 63 71 60 0 46 73 18 71 46 
27 53 56 48 18 42 46 35 46 0 48 56 46 43 
46 54 57 49 66 31 38 22 73 48 0 57 40 60 
49 36 44 10 74 45 66 42 18 56 57 0 53 49 
44 38 46 44 64 44 32 26 71 46 40 53 0 58 
41 23 53 59 61 70 58 47 46 43 60 49 58 0 
