# rmTSP_19_3_40_euklid_1_100.mat
# n=19
# k=3
# a=40
# d="euklid"
# s=1
19
0 25 40 35 45 46 32 34 21 18 36 28 35 36 13 19 32 33 26 
25 0 17 10 21 22 18 13 32 16 18 27 26 15 23 26 21 32 34 
40 17 0 9 12 17 23 18 41 31 14 42 38 6 39 41 22 46 49 
35 10 9 0 12 14 19 12 39 25 17 34 29 10 32 34 24 37 41 
45 21 12 12 0 6 21 21 47 37 25 41 36 17 40 41 33 44 48 
46 22 17 14 6 0 22 21 49 37 29 37 31 21 39 39 37 40 45 
32 18 23 19 21 22 0 28 30 32 32 33 35 22 26 23 36 39 34 
34 13 18 12 21 21 28 0 44 19 19 29 21 19 31 36 23 31 39 
21 32 41 39 47 49 30 44 0 33 39 45 51 36 27 27 36 50 40 
18 16 31 25 37 37 32 19 33 0 24 26 26 28 21 29 21 29 32 
36 18 14 17 25 29 32 19 39 24 0 44 39 11 39 43 9 47 51 
28 27 42 34 41 37 33 29 45 26 44 0 13 42 18 22 45 6 13 
35 26 38 29 36 31 35 21 51 26 39 13 0 38 27 32 41 12 26 
36 15 6 10 17 21 22 19 36 28 11 42 38 0 36 38 19 46 48 
13 23 39 32 40 39 26 31 27 21 39 18 27 36 0 9 38 24 14 
19 26 41 34 41 39 23 36 27 29 43 22 32 38 9 0 43 28 15 
32 21 22 24 33 37 36 23 36 21 9 45 41 19 38 43 0 47 51 
33 32 46 37 44 40 39 31 50 29 47 6 12 46 24 28 47 0 18 
26 34 49 41 48 45 34 39 40 32 51 13 26 48 14 15 51 18 0 
