# rmTSP_12_4_10_euklid_101_100.mat
# n=12
# k=4
# a=10
# d="euklid"
# s=101
12
0 267 562 937 707 1165 662 742 505 1129 525 484 
267 0 319 802 553 915 474 678 319 892 589 378 
562 319 0 707 589 655 474 647 350 589 833 452 
937 802 707 0 647 692 678 474 525 692 839 463 
707 553 589 647 0 845 655 580 319 869 553 474 
1165 915 655 692 845 0 670 953 742 286 1237 821 
662 474 474 678 655 670 0 851 429 782 742 429 
742 678 647 474 580 953 851 0 484 839 735 463 
505 319 350 525 319 742 429 484 0 742 534 202 
1129 892 589 692 869 286 782 839 742 0 1270 821 
525 589 833 839 553 1237 742 735 534 1270 0 495 
484 378 452 463 474 821 429 463 202 821 495 0 
