# rmTSP_13_6_80_maximum_1_100.mat
# n=13
# k=6
# a=80
# d="maximum"
# s=1
13
0 59 58 67 38 60 57 31 31 26 52 59 62 
59 0 71 59 65 71 38 61 73 44 68 75 70 
58 71 0 39 66 64 44 62 56 41 45 51 52 
67 59 39 0 60 49 57 53 51 41 20 51 46 
38 65 66 60 0 28 36 20 31 31 45 48 35 
60 71 64 49 28 0 33 30 53 53 69 73 63 
57 38 44 57 36 33 0 31 67 42 66 73 43 
31 61 62 53 20 30 31 0 41 25 49 53 55 
31 73 56 51 31 53 67 41 0 47 71 75 59 
26 44 41 41 31 53 42 25 47 0 44 52 55 
52 68 45 20 45 69 66 49 71 44 0 36 31 
59 75 51 51 48 73 73 53 75 52 36 0 50 
62 70 52 46 35 63 43 55 59 55 31 50 0 
