# rmTSP_10_3_80_manhattan_1_100.mat
# n=10
# k=3
# a=80
# d="manhattan"
# s=1
10
0 71 76 55 113 43 155 86 65 21 
71 0 125 16 62 52 84 87 120 62 
76 125 0 113 91 113 133 42 17 79 
55 16 113 0 66 36 100 75 108 50 
113 62 91 66 0 96 50 49 82 102 
43 52 113 36 96 0 136 75 108 64 
155 84 133 100 50 136 0 91 124 144 
86 87 42 75 49 75 91 0 33 89 
65 120 17 108 82 108 124 33 0 66 
21 62 79 50 102 64 144 89 66 0 
