# rmTSP_11_4_40_maximum_1_100.mat
# n=11
# k=4
# a=40
# d="maximum"
# s=1
11
0 36 36 10 33 37 27 36 20 37 18 
36 0 37 29 32 30 28 18 37 36 38 
36 37 0 26 29 36 28 20 37 22 24 
10 29 26 0 24 28 18 26 12 28 10 
33 32 29 24 0 30 6 29 16 8 21 
37 30 36 28 30 0 29 16 38 24 37 
27 28 28 18 6 29 0 28 18 13 26 
36 18 20 26 29 16 28 0 37 22 24 
20 37 37 12 16 38 18 37 0 20 13 
37 36 22 28 8 24 13 22 20 0 23 
18 38 24 10 21 37 26 24 13 23 0 
