# rmTSP_10_4_10_manhattan_101_100.mat
# n=10
# k=4
# a=10
# d="manhattan"
# s=101
10
0 909 1111 1616 1212 1010 1313 606 505 1717 
909 0 1616 1111 1717 1111 2222 505 606 1818 
1111 1616 0 1919 707 1717 1010 1717 1616 1212 
1616 1111 1919 0 1414 1616 1515 1212 1111 1515 
1212 1717 707 1414 0 1616 707 1818 1717 1313 
1010 1111 1717 1616 1616 0 1919 1414 1515 1313 
1313 2222 1010 1515 707 1919 0 1919 1818 1818 
606 505 1717 1212 1818 1414 1919 0 101 2323 
505 606 1616 1111 1717 1515 1818 101 0 2222 
1717 1818 1212 1515 1313 1313 1818 2323 2222 0 
