# rmTSP_18_4_20_euklid_101_100.mat
# n=18
# k=4
# a=20
# d="euklid"
# s=101
18
0 1421 1932 2012 1515 1125 2567 2330 1552 1450 2010 1600 2157 1574 1966 1396 1900 2224 
1421 0 1212 2243 1233 1270 2055 1868 1270 1732 1684 1821 2104 1705 2017 1453 1220 1854 
1932 1212 0 1619 1074 2055 1584 1421 1505 1755 1660 1313 2005 1432 1945 1966 1922 1474 
2012 2243 1619 0 1169 2121 1460 1439 1495 1102 2116 474 1528 1204 1348 1778 2292 1591 
1515 1233 1074 1169 0 1374 1064 875 875 735 1274 892 1054 742 1443 1125 1249 958 
1125 1270 2055 2121 1374 0 2227 2128 926 1253 2147 1758 1906 1804 1508 525 1059 2178 
2567 2055 1584 1460 1064 2227 0 429 1545 1385 1610 1515 1000 1336 1887 1832 1678 863 
2330 1868 1421 1439 875 2128 429 0 1565 1270 1195 1432 833 995 2012 1798 1622 440 
1552 1270 1505 1495 875 926 1545 1565 0 979 2050 1182 1603 1542 839 614 1078 1770 
1450 1732 1755 1102 735 1253 1385 1270 979 0 1635 942 915 886 1305 898 1428 1336 
2010 1684 1660 2116 1274 2147 1610 1195 2050 1635 0 1940 1293 974 2704 2072 1767 802 
1600 1821 1313 474 892 1758 1515 1432 1182 942 1940 0 1548 1059 1186 1491 2017 1545 
2157 2104 2005 1528 1054 1906 1000 833 1603 915 1293 1548 0 942 2017 1548 1558 839 
1574 1705 1432 1204 742 1804 1336 995 1542 886 974 1059 942 0 1974 1610 1775 795 
1966 2017 1945 1348 1443 1508 1887 2012 839 1305 2704 1186 2017 1974 0 1160 1860 2281 
1396 1453 1966 1778 1125 525 1832 1798 614 898 2072 1491 1548 1610 1160 0 963 1922 
1900 1220 1922 2292 1249 1059 1678 1622 1078 1428 1767 2017 1558 1775 1860 963 0 1723 
2224 1854 1474 1591 958 2178 863 440 1770 1336 802 1545 839 795 2281 1922 1723 0 
