# rmTSP_13_6_40_manhattan_101_100.mat
# n=13
# k=6
# a=40
# d="manhattan"
# s=101
13
0 12322 7676 11615 6565 11009 6666 10605 6363 6565 6969 10201 7878 
12322 0 5656 9393 9393 8383 6868 11009 6363 7373 10201 9797 7878 
7676 5656 0 13433 6767 11211 6868 8383 7575 5757 7575 6161 6262 
11615 9393 13433 0 6868 7878 10807 11918 6262 8686 8686 12928 10605 
6565 9393 6767 6868 0 8888 7575 7474 4444 3434 3030 7676 5959 
11009 8383 11211 7878 8888 0 7171 5454 7676 7474 6666 7676 6363 
6666 6868 6868 10807 7575 7171 0 10201 4747 4141 7171 10201 5050 
10605 11009 8383 11918 7474 5454 10201 0 10908 7676 5050 4242 6161 
6363 6363 7575 6262 4444 7676 4747 10908 0 3636 6666 11514 6161 
6565 7373 5757 8686 3434 7474 4141 7676 3636 0 4040 7878 3131 
6969 10201 7575 8686 3030 6666 7171 5050 6666 4040 0 4848 6363 
10201 9797 6161 12928 7676 7676 10201 4242 11514 7878 4848 0 6969 
7878 7878 6262 10605 5959 6363 5050 6161 6161 3131 6363 6969 0 
