# rmTSP_17_4_40_euklid_1_100.mat
# n=17
# k=4
# a=40
# d="euklid"
# s=1
17
0 46 25 33 33 37 49 10 39 40 38 32 32 41 31 23 22 
46 0 42 43 19 34 23 43 49 9 33 38 45 6 18 23 30 
25 42 0 43 27 40 56 19 46 36 22 38 41 39 34 29 19 
33 43 43 0 42 28 38 29 31 43 44 16 25 37 33 29 29 
33 19 27 42 0 29 34 31 42 12 20 34 38 17 19 17 22 
37 34 40 28 29 0 32 34 16 34 28 13 14 28 33 28 33 
49 23 56 38 34 32 0 49 45 28 48 36 41 21 26 29 41 
10 43 19 29 31 34 49 0 37 37 32 28 30 38 29 22 15 
39 49 46 31 42 16 45 37 0 49 38 18 8 44 45 38 42 
40 9 36 43 12 34 28 37 49 0 30 38 44 9 14 18 26 
38 33 22 44 20 28 48 32 38 30 0 33 36 31 34 30 27 
32 38 38 16 34 13 36 28 18 38 33 0 12 32 32 27 29 
32 45 41 25 38 14 41 30 8 44 36 12 0 39 39 31 35 
41 6 39 37 17 28 21 38 44 9 31 32 39 0 14 18 26 
31 18 34 33 19 33 26 29 45 14 34 32 39 14 0 9 19 
23 23 29 29 17 28 29 22 38 18 30 27 31 18 9 0 15 
22 30 19 29 22 33 41 15 42 26 27 29 35 26 19 15 0 
