# rmTSP_13_8_20_euklid_1_100.mat
# n=13
# k=8
# a=20
# d="euklid"
# s=1
13
0 18 32 22 19 21 22 21 21 21 23 34 12 
18 0 19 26 16 16 19 18 16 16 23 28 16 
32 19 0 30 24 25 19 24 27 21 22 25 25 
22 26 30 0 22 21 26 28 27 24 24 25 17 
19 16 24 22 0 20 16 14 18 18 22 27 17 
21 16 25 21 20 0 25 25 13 23 25 20 21 
22 19 19 26 16 25 0 13 20 15 18 29 19 
21 18 24 28 14 25 13 0 20 19 27 33 21 
21 16 27 27 18 13 20 20 0 20 26 28 22 
21 16 21 24 18 23 15 19 20 0 15 30 17 
23 23 22 24 22 25 18 27 26 15 0 23 20 
34 28 25 25 27 20 29 33 28 30 23 0 31 
12 16 25 17 17 21 19 21 22 17 20 31 0 
