# rmTSP_18_6_80_maximum_101_100.mat
# n=18
# k=6
# a=80
# d="maximum"
# s=101
18
0 4747 6464 4141 6161 6565 2727 4646 6060 5353 3232 5151 7070 5656 6666 6666 3636 3535 
4747 0 3636 5656 5858 5555 4949 5252 3232 4040 6060 4747 5151 5555 4343 4040 6666 3333 
6464 3636 0 6262 6666 7171 5757 7272 2222 4545 4545 6363 4747 7171 5151 4343 7474 5353 
4141 5656 6262 0 7070 6565 4141 4646 5858 4343 2525 4949 6363 6565 2525 5151 3333 3434 
6161 5858 6666 7070 0 6767 5454 5151 4444 5454 7474 6262 6565 5555 5050 3232 5858 3636 
6565 5555 7171 6565 6767 0 5858 6060 5959 5454 4040 7171 6565 6464 5151 6464 7474 4747 
2727 4949 5757 4141 5454 5858 0 4444 3838 5353 3232 4545 7070 5353 6666 6666 1717 3535 
4646 5252 7272 4646 5151 6060 4444 0 6868 5353 3333 5959 7373 5757 3535 4545 4848 1919 
6060 3232 2222 5858 4444 5959 3838 6868 0 2424 4141 5151 3232 5959 3939 3535 5252 4949 
5353 4040 4545 4343 5454 5454 5353 5353 2424 0 2626 5858 3838 5454 3434 3535 4343 3434 
3232 6060 4545 2525 7474 4040 3232 3333 4141 2626 0 5353 4646 6969 3434 5555 4747 3838 
5151 4747 6363 4949 6262 7171 4545 5959 5151 5858 5353 0 7575 2020 7171 7171 4040 4040 
7070 5151 4747 6363 6565 6565 7070 7373 3232 3838 4646 7575 0 6060 3838 4949 6060 5454 
5656 5555 7171 6565 5555 6464 5353 5757 5959 5454 6969 2020 6060 0 5151 6464 5555 4747 
6666 4343 5151 2525 5050 5151 6666 3535 3939 3434 3434 7171 3838 5151 0 4444 5656 3131 
6666 4040 4343 5151 3232 6464 6666 4545 3535 3535 5555 7171 4949 6464 4444 0 5656 3131 
3636 6666 7474 3333 5858 7474 1717 4848 5252 4343 4747 4040 6060 5555 5656 5656 0 3636 
3535 3333 5353 3434 3636 4747 3535 1919 4949 3434 3838 4040 5454 4747 3131 3131 3636 0 
