# rmTSP_11_8_80_maximum_101_100.mat
# n=11
# k=8
# a=80
# d="maximum"
# s=101
11
0 5454 6666 7070 5252 7575 5050 4848 3434 5858 6868 
5454 0 5252 7777 5454 4343 5656 4141 5454 5151 2424 
6666 5252 0 5555 5050 4848 5858 6060 6666 6161 6565 
7070 7777 5555 0 5858 7979 6060 6565 6161 5151 7676 
5252 5454 5050 5858 0 4343 4343 5656 5454 3131 6767 
7575 4343 4848 7979 4343 0 5454 5757 7575 7070 4242 
5050 5656 5858 6060 4343 5454 0 5858 6767 4949 6969 
4848 4141 6060 6565 5656 5757 5858 0 6969 4949 5252 
3434 5454 6666 6161 5454 7575 6767 6969 0 4444 6868 
5858 5151 6161 5151 3131 7070 4949 4949 4444 0 6060 
6868 2424 6565 7676 6767 4242 6969 5252 6868 6060 0 
