# rmTSP_10_2_40_maximum_101_100.mat
# n=10
# k=2
# a=40
# d="maximum"
# s=101
10
0 2222 2323 1111 1414 606 1212 1919 707 1313 
2222 0 1010 2727 3636 2020 2020 1414 2626 2020 
2323 1010 0 2828 3737 2121 1111 1515 1717 2121 
1111 2727 2828 0 909 707 1717 1313 1818 707 
1414 3636 3737 909 0 1616 2626 2222 2020 1616 
606 2020 2121 707 1616 0 1010 1313 1313 707 
1212 2020 1111 1717 2626 1010 0 2020 606 1414 
1919 1414 1515 1313 2222 1313 2020 0 2626 606 
707 2626 1717 1818 2020 1313 606 2626 0 2020 
1313 2020 2121 707 1616 707 1414 606 2020 0 
