# rmTSP_13_6_10_manhattan_101_100.mat
# n=13
# k=6
# a=10
# d="manhattan"
# s=101
13
0 2626 2020 2525 1818 1818 2626 2727 2020 1515 1616 1212 2020 
2626 0 1818 2121 2222 2222 1616 1515 2424 2121 3636 2222 2424 
2020 1818 0 2929 1616 2828 1818 909 1616 1717 2424 2020 2222 
2525 2121 2929 0 1717 909 1515 2828 2525 1616 2727 1717 2323 
1818 2222 1616 1717 0 1818 1212 1919 808 1111 2828 1616 3030 
1818 2222 2828 909 1818 0 2020 2727 2222 1717 2828 1616 2626 
2626 1616 1818 1515 1212 2020 0 1717 1414 1717 3030 2020 2626 
2727 1515 909 2828 1919 2727 1717 0 1919 1616 3131 1919 2525 
2020 2424 1616 2525 808 2222 1414 1919 0 1717 3232 2020 3636 
1515 2121 1717 1616 1111 1717 1717 1616 1717 0 1919 909 2525 
1616 3636 2424 2727 2828 2828 3030 3131 3232 1919 0 1414 1616 
1212 2222 2020 1717 1616 1616 2020 1919 2020 909 1414 0 1818 
2020 2424 2222 2323 3030 2626 2626 2525 3636 2525 1616 1818 0 
