# rmTSP_18_2_80_euklid_1_100.mat
# n=18
# k=2
# a=80
# d="euklid"
# s=1
18
0 69 89 37 88 26 68 77 37 54 58 49 78 62 64 41 13 54 
69 0 23 34 19 56 44 30 49 40 32 35 21 38 32 32 57 27 
89 23 0 56 11 71 43 48 72 63 54 45 14 60 53 55 76 50 
37 34 56 0 53 34 53 40 19 24 23 33 48 30 29 4 26 17 
88 19 11 53 0 73 51 38 67 56 47 49 21 52 45 51 75 44 
26 56 71 34 73 0 43 73 46 58 57 27 58 64 63 38 18 51 
68 44 43 53 51 43 0 74 72 74 68 21 30 76 71 55 57 61 
77 30 48 40 38 73 74 0 43 26 19 60 51 19 13 36 66 23 
37 49 72 19 67 46 72 43 0 18 24 51 66 26 30 18 31 24 
54 40 63 24 56 58 74 26 18 0 9 55 60 8 13 21 46 14 
58 32 54 23 47 57 68 19 24 9 0 50 52 8 6 19 48 7 
49 35 45 33 49 27 21 60 51 55 50 0 32 58 55 35 37 43 
78 21 14 48 21 58 30 51 66 60 52 32 0 59 53 48 65 47 
62 38 60 30 52 64 76 19 26 8 8 58 59 0 7 26 53 15 
64 32 53 29 45 63 71 13 30 13 6 55 53 7 0 25 54 12 
41 32 55 4 51 38 55 36 18 21 19 35 48 26 25 0 30 13 
13 57 76 26 75 18 57 66 31 46 48 37 65 53 54 30 0 43 
54 27 50 17 44 51 61 23 24 14 7 43 47 15 12 13 43 0 
