# rmTSP_19_4_80_euklid_101_100.mat
# n=19
# k=4
# a=80
# d="euklid"
# s=101
19
0 8271 2624 6547 6300 6354 4415 4129 4852 6290 9337 5469 6499 2270 5842 8265 6144 3791 8516 
8271 0 9748 8666 10105 5341 5027 5514 5285 9646 5812 8806 6011 7876 4451 6261 5590 9184 3866 
2624 9748 0 5855 5515 7425 6469 5362 5677 6884 9673 4728 7532 4748 7479 7941 6615 2821 9623 
6547 8666 5855 0 3807 5392 8574 7480 4058 6732 7447 2334 5415 7902 8903 5704 3996 4369 8405 
6300 10105 5515 3807 0 5434 8999 7479 4926 9001 10609 1815 5123 8094 10249 7123 6920 5818 10985 
6354 5341 7425 5392 5434 0 6025 5328 2180 8732 8144 4739 714 6915 7123 5725 4998 7223 7440 
4415 5027 6469 8574 8999 6025 0 2511 5109 8105 8051 7895 6499 3716 2480 7747 6269 6929 6162 
4129 5514 5362 7480 7479 5328 2511 0 4265 8822 8059 6451 5796 4752 4001 6021 6075 6316 6949 
4852 5285 5677 4058 4926 2180 5109 4265 0 7112 6802 3636 2595 5653 5905 4862 3321 5198 6376 
6290 9646 6884 6732 9001 8732 8105 8822 7112 0 7913 7707 8891 5874 7736 10294 5341 4573 7680 
9337 5812 9673 7447 10609 8144 8051 8059 6802 7913 0 8841 8738 9396 6320 6025 4162 7862 2945 
5469 8806 4728 2334 1815 4739 7895 6451 3636 7707 8841 0 4637 7191 8825 5831 5206 4473 9319 
6499 6011 7532 5415 5123 714 6499 5796 2595 8891 8738 4637 0 7110 7714 6219 5431 7385 8077 
2270 7876 4748 7902 8094 6915 3716 4752 5653 5874 9396 7191 7110 0 5033 9458 6506 5136 7971 
5842 4451 7479 8903 10249 7123 2480 4001 5905 7736 6320 8825 7714 5033 0 7615 5746 7202 4250 
8265 6261 7941 5704 7123 5725 7747 6021 4862 10294 6025 5831 6219 9458 7615 0 5321 7541 7019 
6144 5590 6615 3996 6920 4998 6269 6075 3321 5341 4162 5206 5431 6506 5746 5321 0 4748 4483 
3791 9184 2821 4369 5818 7223 6929 6316 5198 4573 7862 4473 7385 5136 7202 7541 4748 0 8192 
8516 3866 9623 8405 10985 7440 6162 6949 6376 7680 2945 9319 8077 7971 4250 7019 4483 8192 0 
