# rmTSP_11_3_20_maximum_101_100.mat
# n=11
# k=3
# a=20
# d="maximum"
# s=101
11
0 1717 1010 606 1414 808 1111 404 909 808 1616 
1717 0 1010 1111 909 1818 1818 1313 808 909 505 
1010 1010 0 1010 808 808 909 909 303 202 909 
606 1111 1010 0 808 808 1212 404 707 808 1010 
1414 909 808 808 0 1515 1515 1010 505 606 909 
808 1818 808 808 1515 0 1414 707 1010 909 1717 
1111 1818 909 1212 1515 1414 0 808 1010 909 1717 
404 1313 909 404 1010 707 808 0 606 707 1212 
909 808 303 707 505 1010 1010 606 0 101 909 
808 909 202 808 606 909 909 707 101 0 808 
1616 505 909 1010 909 1717 1717 1212 909 808 0 
