# rmTSP_11_6_80_maximum_101_100.mat
# n=11
# k=6
# a=80
# d="maximum"
# s=101
11
0 6262 7272 5050 6969 5151 5959 2222 6767 5151 5454 
6262 0 5656 6060 5353 7474 5050 7171 7878 4848 7777 
7272 5656 0 7575 3232 6565 4040 7171 6969 7373 6868 
5050 6060 7575 0 7272 6565 5454 5959 6969 2121 6868 
6969 5353 3232 7272 0 4848 4444 6868 4343 7070 4242 
5151 7474 6565 6565 4848 0 4545 5050 4343 5050 5454 
5959 5050 4040 5454 4444 4545 0 6868 7070 4242 7272 
2222 7171 7171 5959 6868 5050 6868 0 6666 6060 4444 
6767 7878 6969 6969 4343 4343 7070 6666 0 6262 5959 
5151 4848 7373 2121 7070 5050 4242 6060 6262 0 6464 
5454 7777 6868 6868 4242 5454 7272 4444 5959 6464 0 
