# rmTSP_10_2_40_euklid_1_100.mat
# n=10
# k=2
# a=40
# d="euklid"
# s=1
10
0 25 3 26 33 30 34 38 18 25 
25 0 22 7 28 27 35 45 27 14 
3 22 0 24 33 31 35 40 19 24 
26 7 24 0 22 21 29 39 24 8 
33 28 33 22 0 3 9 20 17 14 
30 27 31 21 3 0 8 19 14 14 
34 35 35 29 9 8 0 11 16 21 
38 45 40 39 20 19 11 0 21 31 
18 27 19 24 17 14 16 21 0 17 
25 14 24 8 14 14 21 31 17 0 
