# rmTSP_11_4_40_maximum_101_100.mat
# n=11
# k=4
# a=40
# d="maximum"
# s=101
11
0 2626 2727 1414 2626 2424 2323 2323 2323 2424 1919 
2626 0 2121 2929 2424 1717 2626 2323 2323 3636 1515 
2727 2121 0 3838 3333 2626 3535 3232 2525 3333 1717 
1414 2929 3838 0 1919 2020 2121 3737 2222 3434 2929 
2626 2424 3333 1919 0 1111 1717 2424 808 2121 2424 
2424 1717 2626 2020 1111 0 1616 2222 1919 3232 1717 
2323 2626 3535 2121 1717 1616 0 3535 2020 3333 2626 
2323 2323 3232 3737 2424 2222 3535 0 2121 2222 2323 
2323 2323 2525 2222 808 1919 2020 2121 0 1313 1616 
2424 3636 3333 3434 2121 3232 3333 2222 1313 0 2121 
1919 1515 1717 2929 2424 1717 2626 2323 1616 2121 0 
