# rmTSP_17_8_20_euklid_101_100.mat
# n=17
# k=8
# a=20
# d="euklid"
# s=101
17
0 2128 1225 2626 2587 2426 2908 2773 2220 2762 1764 2962 1979 3171 2390 2640 2323 
2128 0 1924 2338 2325 2468 1992 2610 2082 1696 1746 2511 1186 2445 2641 2327 2533 
1225 1924 0 2135 2701 2114 2364 2585 1666 2092 1545 2905 1548 2731 2102 2649 1953 
2626 2338 2135 0 1597 1366 2513 2710 2517 2290 1843 3513 2075 3020 2759 2460 2007 
2587 2325 2701 1597 0 1351 2998 2941 3141 2665 2072 3030 2213 2903 2989 1638 2371 
2426 2468 2114 1366 1351 0 2835 3022 2952 2362 1995 2663 2043 2581 2197 1591 1795 
2908 1992 2364 2513 2998 2835 0 2517 1824 2215 2231 2901 1574 2183 2488 3493 1958 
2773 2610 2585 2710 2941 3022 2517 0 2704 2166 1587 3245 1989 2803 3133 3640 2201 
2220 2082 1666 2517 3141 2952 1824 2704 0 2682 1840 3618 1613 3124 3088 3513 2290 
2762 1696 2092 2290 2665 2362 2215 2166 2682 0 2002 2507 1603 1720 2607 2529 2497 
1764 1746 1545 1843 2072 1995 2231 1587 1840 2002 0 2764 1025 2742 2484 2626 1518 
2962 2511 2905 3513 3030 2663 2901 3245 3618 2507 2764 0 2213 1964 1969 2537 2521 
1979 1186 1548 2075 2213 2043 1574 1989 1613 1603 1025 2213 0 2040 2245 2426 1594 
3171 2445 2731 3020 2903 2581 2183 2803 3124 1720 2742 1964 2040 0 2567 2670 2537 
2390 2641 2102 2759 2989 2197 2488 3133 3088 2607 2484 1969 2245 2567 0 2957 1693 
2640 2327 2649 2460 1638 1591 3493 3640 3513 2529 2626 2537 2426 2670 2957 0 2989 
2323 2533 1953 2007 2371 1795 1958 2201 2290 2497 1518 2521 1594 2537 1693 2989 0 
