# rmTSP_12_3_80_manhattan_101_100.mat
# n=12
# k=3
# a=80
# d="manhattan"
# s=101
12
0 6060 9090 1515 7272 8888 4444 7878 9191 5858 2020 6464 
6060 0 8686 6363 13332 9494 10504 13938 8989 7878 5454 5454 
9090 8686 0 9999 6666 2222 8484 7878 3737 11110 10504 4242 
1515 6363 9999 0 6969 9797 4141 7575 10100 4343 3131 6161 
7272 13332 6666 6969 0 7474 2828 2424 8181 6868 9292 7878 
8888 9494 2222 9797 7474 0 8282 7676 5353 10908 10302 4040 
4444 10504 8484 4141 2828 8282 0 3434 8585 4040 6464 6666 
7878 13938 7878 7575 2424 7676 3434 0 10605 7474 9898 8888 
9191 8989 3737 10100 8181 5353 8585 10605 0 11211 10605 4343 
5858 7878 11110 4343 6868 10908 4040 7474 11211 0 7474 6868 
2020 5454 10504 3131 9292 10302 6464 9898 10605 7474 0 7474 
6464 5454 4242 6161 7878 4040 6666 8888 4343 6868 7474 0 
