# rmTSP_16_4_20_manhattan_101_100.mat
# n=16
# k=4
# a=20
# d="manhattan"
# s=101
16
0 1515 1616 2020 2020 1616 2525 1515 2626 2121 1717 3737 808 2727 1212 4343 
1515 0 3131 3333 3535 3131 1212 2828 4141 2020 2626 3838 2323 4242 1111 5858 
1616 3131 0 2020 1818 808 3333 1313 2222 1919 1111 2323 808 2323 2020 2727 
2020 3333 2020 0 2020 1414 4545 909 1818 3131 2121 4343 2222 4343 3232 3535 
2020 3535 1818 2020 0 1212 3737 2121 1414 3131 2727 3333 1818 2323 2424 2727 
1616 3131 808 1414 1212 0 3535 909 1818 2323 1515 3131 1212 2929 2222 2727 
2525 1212 3333 4545 3737 3535 0 4040 4343 1616 3434 4040 3131 4444 1313 6060 
1515 2828 1313 909 2121 909 4040 0 2121 2626 1212 3636 1515 3636 2727 3030 
2626 4141 2222 1818 1414 1818 4343 2121 0 2727 2929 2929 3030 2929 3030 2121 
2121 2020 1919 3131 3131 2323 1616 2626 2727 0 2020 2424 2525 3838 1515 4444 
1717 2626 1111 2121 2727 1515 3434 1212 2929 2020 0 2626 1111 3232 2121 3232 
3737 3838 2323 4343 3333 3131 4040 3636 2929 2424 2626 0 2929 1414 3131 2828 
808 2323 808 2222 1818 1212 3131 1515 3030 2525 1111 2929 0 2121 1818 3535 
2727 4242 2323 4343 2323 2929 4444 3636 2929 3838 3232 1414 2121 0 3131 2424 
1212 1111 2020 3232 2424 2222 1313 2727 3030 1515 2121 3131 1818 3131 0 4747 
4343 5858 2727 3535 2727 2727 6060 3030 2121 4444 3232 2828 3535 2424 4747 0 
