# rmTSP_12_2_80_maximum_1_100.mat
# n=12
# k=2
# a=80
# d="maximum"
# s=1
12
0 31 61 38 65 57 70 5 13 66 64 28 
31 0 50 60 34 26 39 29 35 35 33 17 
61 50 0 46 56 27 56 59 65 57 24 56 
38 60 46 0 66 42 66 33 25 67 49 66 
65 34 56 66 0 29 5 63 69 1 32 51 
57 26 27 42 29 0 29 55 61 30 7 43 
70 39 56 66 5 29 0 68 74 4 32 56 
5 29 59 33 63 55 68 0 8 64 62 33 
13 35 65 25 69 61 74 8 0 70 68 41 
66 35 57 67 1 30 4 64 70 0 33 52 
64 33 24 49 32 7 32 62 68 33 0 50 
28 17 56 66 51 43 56 33 41 52 50 0 
