# rmTSP_16_6_80_manhattan_101_100.mat
# n=16
# k=6
# a=80
# d="manhattan"
# s=101
16
0 12019 11009 14241 15150 25351 20806 9090 24846 9494 22927 24644 17776 18079 20099 11817 
12019 0 11716 18382 8787 15352 14241 9999 18483 13837 18988 15251 13837 14544 12726 14342 
11009 11716 0 15352 17069 25048 18281 10807 22927 11211 16362 22119 14645 15554 20604 15958 
14241 18382 15352 0 17675 15554 19291 11009 18079 10807 8686 13635 10201 19796 26462 12322 
15150 8787 17069 17675 0 17473 17776 14544 26866 17170 21513 14342 14140 18281 16261 15251 
25351 15352 25048 15554 17473 0 12221 19089 13029 22927 14746 13029 13837 18988 26058 13938 
20806 14241 18281 19291 17776 12221 0 19392 14948 23230 17877 12322 9292 7777 20705 17473 
9090 9999 10807 11009 14544 19089 19392 0 23028 4848 13837 18382 11110 18887 18685 11413 
24846 18483 22927 18079 26866 13029 14948 23028 0 22826 15453 15958 19190 18079 18887 22725 
9494 13837 11211 10807 17170 22927 23230 4848 22826 0 14039 19392 15958 22725 18483 14645 
22927 18988 16362 8686 21513 14746 17877 13837 15453 14039 0 11615 8787 18382 25856 15554 
24644 15251 22119 13635 14342 13029 12322 18382 15958 19392 11615 0 8282 11009 14241 16665 
17776 13837 14645 10201 14140 13837 9292 11110 19190 15958 8787 8282 0 9595 20705 11817 
18079 14544 15554 19796 18281 18988 7777 18887 18079 22725 18382 11009 9595 0 14948 15958 
20099 12726 20604 26462 16261 26058 20705 18685 18887 18483 25856 14241 20705 14948 0 25654 
11817 14342 15958 12322 15251 13938 17473 11413 22725 14645 15554 16665 11817 15958 25654 0 
