# rmTSP_13_2_40_euklid_1_100.mat
# n=13
# k=2
# a=40
# d="euklid"
# s=1
13
0 13 14 31 23 34 25 33 27 22 12 22 8 
13 0 27 37 33 28 31 38 27 15 4 33 12 
14 27 0 30 17 44 25 32 33 34 26 16 19 
31 37 30 0 14 29 6 2 15 29 39 16 39 
23 33 17 14 0 37 11 16 22 31 34 2 31 
34 28 44 29 37 0 27 29 15 13 32 38 38 
25 31 25 6 11 27 0 8 13 25 33 12 33 
33 38 32 2 16 29 8 0 15 30 40 17 41 
27 27 33 15 22 15 13 15 0 15 30 24 33 
22 15 34 29 31 13 25 30 15 0 19 31 25 
12 4 26 39 34 32 33 40 30 19 0 33 9 
22 33 16 16 2 38 12 17 24 31 33 0 30 
8 12 19 39 31 38 33 41 33 25 9 30 0 
