# rmTSP_15_4_40_maximum_1_100.mat
# n=15
# k=4
# a=40
# d="maximum"
# s=1
15
0 28 26 25 26 7 26 21 20 11 12 30 31 16 16 
28 0 25 32 15 25 19 32 27 24 33 23 32 25 22 
26 25 0 34 35 23 28 30 25 23 31 34 31 23 21 
25 32 34 0 31 28 17 31 37 25 32 21 23 33 19 
26 15 35 31 0 29 18 27 22 26 33 22 31 22 21 
7 25 23 28 29 0 23 24 18 11 19 28 28 14 13 
26 19 28 17 18 23 0 34 25 19 31 6 17 23 18 
21 32 30 31 27 24 34 0 11 23 28 34 35 28 21 
20 27 25 37 22 18 25 11 0 29 19 29 37 17 27 
11 24 23 25 26 11 19 23 29 0 17 25 20 25 6 
12 33 31 32 33 19 31 28 19 17 0 35 36 25 21 
30 23 34 21 22 28 6 34 29 25 35 0 23 27 19 
31 32 31 23 31 28 17 35 37 20 36 23 0 33 15 
16 25 23 33 22 14 23 28 17 25 25 27 33 0 23 
16 22 21 19 21 13 18 21 27 6 21 19 15 23 0 
