# rmTSP_17_4_40_maximum_101_100.mat
# n=17
# k=4
# a=40
# d="maximum"
# s=101
17
0 2929 2626 1111 1010 3737 2020 2121 3333 2828 3131 3232 2828 1313 2828 2525 1919 
2929 0 3333 2727 2727 2727 3232 3030 2323 1818 2424 3131 3030 2626 3232 2020 3232 
2626 3333 0 1919 3636 3333 3535 3838 2929 3131 3333 2828 2929 3030 2929 3333 1414 
1111 2727 1919 0 1717 3535 1818 2626 3131 2626 2929 3030 3333 1111 3333 2323 1616 
1010 2727 3636 1717 0 3535 1818 2727 3131 2626 2929 3434 3434 606 3434 2323 2323 
3737 2727 3333 3535 3535 0 2424 3838 2222 1717 2323 3030 3838 2929 2020 3333 2222 
2020 3232 3535 1818 1818 2424 0 2121 2929 1414 3737 3333 3333 1212 2727 1212 2222 
2121 3030 3838 2626 2727 3838 2121 0 3434 2929 3232 3636 3535 2323 2323 2929 2525 
3333 2323 2929 3131 3131 2222 2929 3434 0 2121 808 808 3434 2525 2929 2323 2929 
2828 1818 3131 2626 2626 1717 1414 2929 2121 0 2323 2929 2929 2020 2020 1616 1818 
3131 2424 3333 2929 2929 2323 3737 3232 808 2323 0 1414 3232 3131 3737 2525 3737 
3232 3131 2828 3030 3434 3030 3333 3636 808 2929 1414 0 3333 2828 2323 3131 2323 
2828 3030 2929 3333 3434 3838 3333 3535 3434 2929 3232 3333 0 3030 3333 3636 3333 
1313 2626 3030 1111 606 2929 1212 2323 2525 2020 3131 2828 3030 0 3030 1717 1717 
2828 3232 2929 3333 3434 2020 2727 2323 2929 2020 3737 2323 3333 3030 0 3636 2525 
2525 2020 3333 2323 2323 3333 1212 2929 2323 1616 2525 3131 3636 1717 3636 0 2020 
1919 3232 1414 1616 2323 2222 2222 2525 2929 1818 3737 2323 3333 1717 2525 2020 0 
