# rmTSP_20_6_20_euklid_101_100.mat
# n=20
# k=6
# a=20
# d="euklid"
# s=101
20
0 2340 2784 2939 1824 3006 1938 2969 1824 1995 2445 2922 1186 2222 1849 2515 2290 2577 1832 2511 
2340 0 1735 1629 1699 1548 2187 1548 2067 1887 1587 1212 2336 2067 1784 984 2577 1795 2075 1881 
2784 1735 0 2310 2407 1784 1884 639 2603 2299 2104 1735 2575 1152 2058 1879 2441 1208 1919 1884 
2939 1629 2310 0 1600 1675 2608 2224 3098 2238 2513 2128 2655 2215 2934 2279 3547 1726 2227 1699 
1824 1699 2407 1600 0 1666 1708 2403 1995 1160 1660 2126 1317 2000 2247 2240 2453 1815 1344 1143 
3006 1548 1784 1675 1666 0 1932 1696 2661 1666 1332 1191 2486 2020 2256 1862 2583 1781 1705 1309 
1938 2187 1884 2608 1708 1932 0 2208 2094 1916 1622 1919 1195 1229 1669 2090 1407 2033 1138 1558 
2969 1548 639 2224 2403 1696 2208 0 2462 2276 2000 1687 2747 1635 2301 1906 2555 1156 2210 1829 
1824 2067 2603 3098 1995 2661 2094 2462 0 2010 1647 2472 1660 2583 2159 2369 1525 2443 2388 2152 
1995 1887 2299 2238 1160 1666 1916 2276 2010 0 1478 2270 1795 2204 1997 2403 2351 1924 1174 1584 
2445 1587 2104 2513 1660 1332 1622 2000 1647 1478 0 1305 1964 2267 1693 1702 1545 2233 1770 1610 
2922 1212 1735 2128 2126 1191 1919 1687 2472 2270 1305 0 2569 2097 1784 920 2283 2222 2152 1945 
1186 2336 2575 2655 1317 2486 1195 2747 1660 1795 1964 2569 0 1857 2077 2523 1761 2247 1467 1714 
2222 2067 1152 2215 2000 2020 1229 1635 2583 2204 2267 2097 1857 0 2038 2157 2299 1305 1374 1641 
1849 1784 2058 2934 2247 2256 1669 2301 2159 1997 1693 1784 2077 2038 0 1374 1860 2603 1702 2565 
2515 984 1879 2279 2240 1862 2090 1906 2369 2403 1702 920 2523 2157 1374 0 2403 2409 2265 2390 
2290 2577 2441 3547 2453 2583 1407 2555 1525 2351 1545 2283 1761 2299 1860 2403 0 2746 2169 2290 
2577 1795 1208 1726 1815 1781 2033 1156 2443 1924 2233 2222 2247 1305 2603 2409 2746 0 1795 1249 
1832 2075 1919 2227 1344 1705 1138 2210 2388 1174 1770 2152 1467 1374 1702 2265 2169 1795 0 1535 
2511 1881 1884 1699 1143 1309 1558 1829 2152 1584 1610 1945 1714 1641 2565 2390 2290 1249 1535 0 
