# rmTSP_14_8_80_manhattan_101_100.mat
# n=14
# k=8
# a=80
# d="manhattan"
# s=101
14
0 17978 18584 18382 18988 21917 23331 26866 23432 27472 17372 21008 12625 11918 
17978 0 19594 27270 28280 26361 19695 23836 17372 19392 29492 13736 10403 17170 
18584 19594 0 20402 24038 24341 16665 21008 12928 26058 19190 27674 16059 25452 
18382 27270 20402 0 6868 21109 20099 17978 26260 27068 18988 25250 19089 19594 
18988 28280 24038 6868 0 23735 24745 17574 27270 25452 24846 26260 22927 19796 
21917 26361 24341 21109 23735 0 24038 31209 28179 30603 14443 23331 24038 15453 
23331 19695 16665 20099 24745 24038 0 19089 15251 23331 17675 18281 14948 26159 
26866 23836 21008 17978 17574 31209 19089 0 23634 21008 26866 27068 18685 30704 
23432 17372 12928 26260 27270 28179 15251 23634 0 18382 26664 21008 17069 26260 
27472 19392 26058 27068 25452 30603 23331 21008 18382 0 37774 11110 21109 30300 
17372 29492 19190 18988 24846 14443 17675 26866 26664 37774 0 31108 20301 17170 
21008 13736 27674 25250 26260 23331 18281 27068 21008 11110 31108 0 13837 22422 
12625 10403 16059 19089 22927 24038 14948 18685 17069 21109 20301 13837 0 17069 
11918 17170 25452 19594 19796 15453 26159 30704 26260 30300 17170 22422 17069 0 
