# rmTSP_16_2_80_maximum_1_100.mat
# n=16
# k=2
# a=80
# d="maximum"
# s=1
16
0 39 40 23 49 20 34 64 52 50 72 45 74 20 19 68 
39 0 45 22 12 33 17 37 25 23 45 58 47 29 58 41 
40 45 0 23 55 20 40 24 21 30 49 13 60 42 34 28 
23 22 23 0 32 11 17 41 29 27 49 36 51 25 36 45 
49 12 55 32 0 43 15 49 37 35 57 68 59 29 68 53 
20 33 20 11 43 0 28 44 32 30 52 25 54 22 25 48 
34 17 40 17 15 28 0 54 42 40 62 53 64 14 53 58 
64 37 24 41 49 44 54 0 12 21 40 22 51 66 58 4 
52 25 21 29 37 32 42 12 0 9 28 34 39 54 46 16 
50 23 30 27 35 30 40 21 9 0 22 43 30 52 44 24 
72 45 49 49 57 52 62 40 28 22 0 62 11 74 66 43 
45 58 13 36 68 25 53 22 34 43 62 0 73 47 39 23 
74 47 60 51 59 54 64 51 39 30 11 73 0 76 73 54 
20 29 42 25 29 22 14 66 54 52 74 47 76 0 39 70 
19 58 34 36 68 25 53 58 46 44 66 39 73 39 0 62 
68 41 28 45 53 48 58 4 16 24 43 23 54 70 62 0 
