# rmTSP_15_6_80_euklid_101_100.mat
# n=15
# k=6
# a=80
# d="euklid"
# s=101
15
0 9714 9805 10294 13192 6376 8091 10337 7375 10819 9263 10005 6032 7716 9007 
9714 0 4834 10130 7786 7773 12224 8527 9101 8022 9057 5753 8926 7944 10849 
9805 4834 0 9029 8445 9663 9887 8581 8217 8197 7814 2965 7743 8504 10591 
10294 10130 9029 0 9356 9465 7586 6084 10613 9439 10451 9152 9272 4453 7817 
13192 7786 8445 9356 0 9105 14198 10460 12205 7160 8924 7242 12367 8127 9935 
6376 7773 9663 9465 9105 0 10565 8565 7487 6597 7162 8739 7932 5490 6276 
8091 12224 9887 7586 14198 10565 0 7774 7274 10738 9589 9878 6097 8328 8228 
10337 8527 8581 6084 10460 8565 7774 0 7651 7648 9355 8408 7360 5492 6966 
7375 9101 8217 10613 12205 7487 7274 7651 0 7277 5205 7032 3575 8447 6595 
10819 8022 8197 9439 7160 6597 10738 7648 7277 0 4710 6100 9251 7610 6485 
9263 9057 7814 10451 8924 7162 9589 9355 5205 4710 0 5249 7081 8467 6053 
10005 5753 2965 9152 7242 8739 9878 8408 7032 6100 5249 0 7408 8165 8846 
6032 8926 7743 9272 12367 7932 6097 7360 3575 9251 7081 7408 0 7320 7019 
7716 7944 8504 4453 8127 5490 8328 5492 8447 7610 8467 8165 7320 0 5480 
9007 10849 10591 7817 9935 6276 8228 6966 6595 6485 6053 8846 7019 5480 0 
