# rmTSP_18_3_20_euklid_101_100.mat
# n=18
# k=3
# a=20
# d="euklid"
# s=101
18
0 1328 909 1389 1233 1741 814 1641 1015 1092 1657 1512 735 1332 845 1054 995 1374 
1328 0 553 1597 1558 1857 1088 2159 1868 1363 2285 1015 869 2087 1045 1355 958 958 
909 553 0 1293 1088 1749 845 1705 1348 1040 1890 1147 623 1810 1015 892 495 857 
1389 1597 1293 0 756 857 821 863 1857 319 769 1129 979 1111 1775 655 926 728 
1233 1558 1088 756 0 1591 1097 647 1270 742 1059 1581 1116 1581 1832 247 606 1010 
1741 1857 1749 857 1591 0 1000 1632 2503 892 1220 953 1220 909 1821 1435 1578 1088 
814 1088 845 821 1097 1000 0 1474 1647 515 1355 763 247 1005 963 857 821 714 
1641 2159 1705 863 647 1632 1474 0 1632 1015 647 1958 1581 1545 2308 814 1233 1446 
1015 1868 1348 1857 1270 2503 1647 1632 0 1666 1953 2314 1552 2092 1741 1270 1270 1932 
1092 1363 1040 319 742 892 515 1015 1666 0 937 974 670 1015 1460 553 742 623 
1657 2285 1890 769 1059 1220 1355 647 1953 937 0 1821 1545 1045 2238 1088 1491 1491 
1512 1015 1147 1129 1581 953 763 1958 2314 974 1821 0 789 1478 1270 1359 1216 647 
735 869 623 979 1116 1220 247 1581 1552 670 1545 789 0 1233 814 869 714 714 
1332 2087 1810 1111 1581 909 1005 1545 2092 1015 1045 1478 1233 0 1641 1439 1657 1528 
845 1045 1015 1775 1832 1821 963 2308 1741 1460 2238 1270 814 1641 0 1600 1374 1460 
1054 1355 892 655 247 1435 857 814 1270 553 1088 1359 869 1439 1600 0 429 821 
995 958 495 926 606 1578 821 1233 1270 742 1491 1216 714 1657 1374 429 0 700 
1374 958 857 728 1010 1088 714 1446 1932 623 1491 647 714 1528 1460 821 700 0 
