# rmTSP_18_2_20_euklid_101_100.mat
# n=18
# k=2
# a=20
# d="euklid"
# s=101
18
0 953 728 1088 814 2033 1961 995 544 2045 958 1328 1129 1359 505 1010 1092 571 
953 0 416 647 606 1088 1116 143 1178 1129 814 1010 429 515 1293 1111 1116 995 
728 416 0 404 814 1446 1528 544 1129 1518 1040 735 814 647 1182 1278 1313 1010 
1088 647 404 0 1182 1418 1632 789 1528 1545 1407 364 1074 505 1568 1666 1693 1414 
814 606 814 1182 0 1428 1220 515 728 1374 226 1538 429 1116 903 505 515 505 
2033 1088 1446 1418 1428 0 515 1040 2147 226 1515 1666 1000 915 2303 1821 1767 1930 
1961 1116 1528 1632 1220 515 0 1010 1943 303 1233 1943 833 1178 2123 1501 1428 1717 
995 143 544 789 515 1040 1010 0 1152 1054 707 1152 286 606 1286 1015 1010 953 
544 1178 1129 1528 728 2147 1943 1152 0 2102 735 1818 1152 1672 202 614 714 226 
2045 1129 1518 1545 1374 226 303 1054 2102 0 1428 1821 953 1054 2270 1720 1657 1879 
958 814 1040 1407 226 1515 1233 707 735 1428 0 1764 544 1313 931 319 303 515 
1328 1010 735 364 1538 1666 1943 1152 1818 1821 1764 0 1435 769 1829 2012 2045 1729 
1129 429 814 1074 429 1000 833 286 1152 953 544 1435 0 833 1317 863 833 931 
1359 515 647 505 1116 915 1178 606 1672 1054 1313 769 833 0 1767 1619 1616 1501 
505 1293 1182 1568 903 2303 2123 1286 202 2270 931 1829 1317 1767 0 814 915 416 
1010 1111 1278 1666 505 1821 1501 1015 614 1720 319 2012 863 1619 814 0 101 452 
1092 1116 1313 1693 515 1767 1428 1010 714 1657 303 2045 833 1616 915 101 0 544 
571 995 1010 1414 505 1930 1717 953 226 1879 515 1729 931 1501 416 452 544 0 
