# rmTSP_12_3_80_maximum_101_100.mat
# n=12
# k=3
# a=80
# d="maximum"
# s=101
12
0 4848 5151 6464 505 1919 2525 4141 5050 3232 2222 5353 
4848 0 5555 6868 5252 2929 5252 6464 6969 3131 6666 5858 
5151 5555 0 5151 5353 5252 4545 3535 4040 2424 5656 4848 
6464 6868 5151 0 6666 6565 5858 5151 5656 4545 6868 1212 
505 5252 5353 6666 0 2323 2929 4343 5252 3636 1717 5555 
1919 2929 5252 6565 2323 0 2929 4242 5151 2828 3737 5454 
2525 5252 4545 5858 2929 2929 0 3535 4444 2222 4343 5151 
4141 6464 3535 5151 4343 4242 3535 0 1414 3434 4545 6363 
5050 6969 4040 5656 5252 5151 4444 1414 0 3939 5454 6868 
3232 3131 2424 4545 3636 2828 2222 3434 3939 0 5050 4242 
2222 6666 5656 6868 1717 3737 4343 4545 5454 5050 0 5757 
5353 5858 4848 1212 5555 5454 5151 6363 6868 4242 5757 0 
