# rmTSP_10_8_10_manhattan_101_100.mat
# n=10
# k=8
# a=10
# d="manhattan"
# s=101
10
0 2828 2828 2222 2424 3737 2121 2525 3232 3131 
2828 0 2828 2828 2828 1919 2929 2323 2424 1111 
2828 2828 0 2626 3838 2727 1515 3535 2020 2525 
2222 2828 2626 0 1414 2121 2323 2525 2626 3333 
2424 2828 3838 1414 0 2323 3131 1717 3232 3131 
3737 1919 2727 2121 2323 0 2222 2626 1919 2020 
2121 2929 1515 2323 3131 2222 0 3030 2121 2828 
2525 2323 3535 2525 1717 2626 3030 0 2323 2424 
3232 2424 2020 2626 3232 1919 2121 2323 0 1919 
3131 1111 2525 3333 3131 2020 2828 2424 1919 0 
