# rmTSP_14_6_40_euklid_1_100.mat
# n=14
# k=6
# a=40
# d="euklid"
# s=1
14
0 30 37 31 23 37 34 31 35 23 34 37 26 21 
30 0 38 34 29 40 34 29 38 30 37 36 42 42 
37 38 0 39 49 38 54 24 26 39 26 51 31 42 
31 34 39 0 47 59 33 25 53 35 35 44 46 36 
23 29 49 47 0 36 38 46 36 26 46 35 32 39 
37 40 38 59 36 0 58 45 23 48 37 51 38 46 
34 34 54 33 38 58 0 46 58 37 45 49 52 51 
31 29 24 25 46 45 46 0 40 36 31 49 40 31 
35 38 26 53 36 23 58 40 0 38 34 44 24 44 
23 30 39 35 26 48 37 36 38 0 46 42 25 34 
34 37 26 35 46 37 45 31 34 46 0 41 41 44 
37 36 51 44 35 51 49 49 44 42 41 0 44 47 
26 42 31 46 32 38 52 40 24 25 41 44 0 34 
21 42 42 36 39 46 51 31 44 34 44 47 34 0 
