# rmTSP_19_2_80_maximum_1_100.mat
# n=19
# k=2
# a=80
# d="maximum"
# s=1
19
0 31 30 48 25 28 33 15 24 29 55 24 29 11 24 16 17 36 37 
31 0 28 17 56 13 64 18 44 60 24 24 17 42 52 41 40 39 65 
30 28 0 45 55 15 63 17 43 59 52 23 26 29 51 40 13 11 64 
48 17 45 0 41 30 49 33 29 68 20 24 19 59 37 32 57 56 50 
25 56 55 41 0 53 8 38 12 45 61 32 39 36 4 15 42 61 12 
28 13 15 30 53 0 61 15 41 57 37 21 14 29 49 38 27 26 62 
33 64 63 49 8 61 0 46 20 46 69 40 47 37 12 23 50 69 11 
15 18 17 33 38 15 46 0 26 42 40 9 14 26 34 23 24 23 47 
24 44 43 29 12 41 20 26 0 44 49 20 27 35 8 8 33 49 21 
29 60 59 68 45 57 46 42 44 0 75 44 49 30 44 36 46 65 57 
55 24 52 20 61 37 69 40 49 75 0 31 26 66 57 46 64 63 70 
24 24 23 24 32 21 40 9 20 44 31 0 7 35 28 17 33 32 41 
29 17 26 19 39 14 47 14 27 49 26 7 0 40 35 24 38 37 48 
11 42 29 59 36 29 37 26 35 30 66 35 40 0 35 27 16 35 48 
24 52 51 37 4 49 12 34 8 44 57 28 35 35 0 11 38 57 13 
16 41 40 32 15 38 23 23 8 36 46 17 24 27 11 0 27 46 24 
17 40 13 57 42 27 50 24 33 46 64 33 38 16 38 27 0 19 51 
36 39 11 56 61 26 69 23 49 65 63 32 37 35 57 46 19 0 70 
37 65 64 50 12 62 11 47 21 57 70 41 48 48 13 24 51 70 0 
