# rmTSP_17_4_80_manhattan_1_100.mat
# n=17
# k=4
# a=80
# d="manhattan"
# s=1
17
0 71 99 151 138 148 138 80 101 120 153 98 174 193 168 90 52 
71 0 112 146 157 153 133 99 104 51 148 87 183 188 163 83 53 
99 112 0 88 177 171 89 33 92 159 64 101 109 114 91 77 91 
151 146 88 0 135 129 55 95 58 119 82 59 87 42 89 115 107 
138 157 177 135 0 44 92 190 109 180 143 134 98 127 176 100 122 
148 153 171 129 44 0 106 184 103 176 123 128 62 141 132 94 116 
138 133 89 55 92 106 0 100 37 154 107 88 78 55 140 112 94 
80 99 33 95 190 184 100 0 81 140 81 90 126 121 98 90 78 
101 104 92 58 109 103 37 81 0 127 110 67 79 92 143 107 57 
120 51 159 119 180 176 154 140 127 0 161 66 206 157 168 132 86 
153 148 64 82 143 123 107 81 110 161 0 103 61 98 45 77 109 
98 87 101 59 134 128 88 90 67 66 103 0 140 101 112 82 48 
174 183 109 87 98 62 78 126 79 206 61 140 0 87 84 114 130 
193 188 114 42 127 141 55 121 92 157 98 101 87 0 107 147 149 
168 163 91 89 176 132 140 98 143 168 45 112 84 107 0 92 142 
90 83 77 115 100 94 112 90 107 132 77 82 114 147 92 0 68 
52 53 91 107 122 116 94 78 57 86 109 48 130 149 142 68 0 
