# rmTSP_15_2_40_manhattan_101_100.mat
# n=15
# k=2
# a=40
# d="manhattan"
# s=101
15
0 3636 2525 4343 3535 3939 4343 3737 3434 5050 4646 2121 5757 3333 606 
3636 0 3333 3737 1111 2525 2929 303 1818 1414 1616 2929 2323 303 3838 
2525 3333 0 4040 3232 3636 4040 3434 1515 4747 2121 2222 5454 3030 1919 
4343 3737 4040 0 2626 1212 808 3434 3939 2323 5151 2222 1414 3434 4545 
3535 1111 3232 2626 0 1414 1818 808 1717 1515 2525 1818 2222 808 3737 
3939 2525 3636 1212 1414 0 404 2222 2727 1111 3939 1818 1818 2222 4141 
4343 2929 4040 808 1818 404 0 2626 3131 1515 4343 2222 1414 2626 4545 
3737 303 3434 3434 808 2222 2626 0 1919 1313 1717 2626 2020 404 3939 
3434 1818 1515 3939 1717 2727 3131 1919 0 3232 1212 3131 3939 1515 2828 
5050 1414 4747 2323 1515 1111 1515 1313 3232 0 3030 2929 909 1717 5252 
4646 1616 2121 5151 2525 3939 4343 1717 1212 3030 0 4343 3737 1717 4040 
2121 2929 2222 2222 1818 1818 2222 2626 3131 2929 4343 0 3636 2626 2323 
5757 2323 5454 1414 2222 1818 1414 2020 3939 909 3737 3636 0 2424 5959 
3333 303 3030 3434 808 2222 2626 404 1515 1717 1717 2626 2424 0 3535 
606 3838 1919 4545 3737 4141 4545 3939 2828 5252 4040 2323 5959 3535 0 
