# rmTSP_20_6_80_maximum_1_100.mat
# n=20
# k=6
# a=80
# d="maximum"
# s=1
20
0 35 64 56 61 69 69 56 66 55 44 48 41 48 56 28 41 51 52 41 
35 0 58 76 71 69 72 72 39 71 63 58 49 69 77 47 57 65 71 37 
64 58 0 62 60 25 61 33 28 47 66 64 55 39 35 66 59 48 69 41 
56 76 62 0 55 67 67 67 64 66 58 50 44 45 47 62 70 66 69 57 
61 71 60 55 0 53 44 53 32 52 55 53 41 67 56 52 47 57 63 52 
69 69 25 67 53 0 54 38 41 43 71 69 72 40 44 71 64 23 74 58 
69 72 61 67 44 54 0 54 33 47 71 69 28 53 59 71 64 58 74 53 
56 72 33 67 53 38 54 0 44 41 61 42 75 56 45 74 33 25 43 61 
66 39 28 64 32 41 33 44 0 43 68 66 31 54 39 68 61 37 71 32 
55 71 47 66 52 43 47 41 43 0 60 38 74 58 66 73 49 30 65 60 
44 63 66 58 55 71 71 61 68 60 0 44 43 65 41 48 56 54 55 43 
48 58 64 50 53 69 69 42 66 38 44 0 58 44 39 57 43 51 55 44 
41 49 55 44 41 72 28 75 31 74 43 58 0 51 37 43 60 68 65 28 
48 69 39 45 67 40 53 56 54 58 65 44 51 0 54 55 63 59 73 50 
56 77 35 47 56 44 59 45 39 66 41 39 37 54 0 63 71 67 70 58 
28 47 66 62 52 71 71 74 68 73 48 57 43 55 63 0 59 67 64 43 
41 57 59 70 47 64 64 33 61 49 56 43 60 63 71 59 0 46 46 46 
51 65 48 66 57 23 58 25 37 30 54 51 68 59 67 67 46 0 56 54 
52 71 69 69 63 74 74 43 71 65 55 55 65 73 70 64 46 56 0 51 
41 37 41 57 52 58 53 61 32 60 43 44 28 50 58 43 46 54 51 0 
