# rmTSP_16_2_80_euklid_101_100.mat
# n=16
# k=2
# a=80
# d="euklid"
# s=101
16
0 5651 5059 7147 4065 4647 2082 3541 2476 7034 4454 5692 3571 5337 4473 4708 
5651 0 9171 7172 6828 8726 5664 7935 3929 6114 1418 7793 6445 7412 2915 7453 
5059 9171 0 5559 2549 452 7073 1518 5300 6398 8496 2929 2786 2957 6572 2236 
7147 7172 5559 0 3642 5357 8962 5610 5183 1317 7428 2634 3930 2634 4418 3471 
4065 6828 2549 3642 0 2169 6114 2023 3189 4142 6357 1629 515 1293 4086 707 
4647 8726 452 5357 2169 0 6678 1116 4850 6128 8045 2757 2367 2727 6149 1943 
2082 5664 7073 8962 6114 6678 0 5563 3867 8656 4261 7732 5610 7365 5556 6774 
3541 7935 1518 5610 2023 1116 5563 0 4010 6164 7143 3208 1961 3038 5547 2176 
2476 3929 5300 5183 3189 4850 3867 4010 0 4790 3210 4549 2720 4146 2020 3886 
7034 6114 6398 1317 4142 6128 8656 6164 4790 0 6549 3582 4285 3455 3569 4185 
4454 1418 8496 7428 6357 8045 4261 7143 3210 6549 0 7556 5911 7157 3013 7034 
5692 7793 2929 2634 1629 2757 7732 3208 4549 3582 7556 0 2123 404 4895 1074 
3571 6445 2786 3930 515 2367 5610 1961 2720 4285 5911 2123 0 1767 3786 1216 
5337 7412 2957 2634 1293 2727 7365 3038 4146 3455 7157 404 1767 0 4522 863 
4473 2915 6572 4418 4086 6149 5556 5547 2020 3569 3013 4895 3786 4522 0 4650 
4708 7453 2236 3471 707 1943 6774 2176 3886 4185 7034 1074 1216 863 4650 0 
