# rmTSP_17_2_80_manhattan_1_100.mat
# n=17
# k=2
# a=80
# d="manhattan"
# s=1
17
0 2 8 18 81 67 16 28 61 24 60 67 75 63 38 62 60 
2 0 6 18 83 67 16 26 63 26 60 67 77 63 38 60 60 
8 6 0 22 89 65 18 22 69 32 62 65 83 61 36 54 58 
18 18 22 0 67 49 34 42 47 36 42 49 61 45 28 76 42 
81 83 89 67 0 84 83 109 20 57 27 80 10 94 95 143 107 
67 67 65 49 84 0 83 43 64 85 57 4 78 10 29 59 23 
16 16 18 34 83 83 0 40 63 26 76 83 77 79 54 60 76 
28 26 22 42 109 43 40 0 89 52 82 43 103 39 14 34 36 
61 63 69 47 20 64 63 89 0 37 45 60 28 74 75 123 87 
24 26 32 36 57 85 26 52 37 0 78 85 61 81 56 86 78 
60 60 62 42 27 57 76 82 45 78 0 53 21 67 68 116 80 
67 67 65 49 80 4 83 43 60 85 53 0 74 14 29 63 27 
75 77 83 61 10 78 77 103 28 61 21 74 0 88 89 137 101 
63 63 61 45 94 10 79 39 74 81 67 14 88 0 25 49 13 
38 38 36 28 95 29 54 14 75 56 68 29 89 25 0 48 22 
62 60 54 76 143 59 60 34 123 86 116 63 137 49 48 0 36 
60 60 58 42 107 23 76 36 87 78 80 27 101 13 22 36 0 
