# rmTSP_11_2_10_euklid_101_100.mat
# n=11
# k=2
# a=10
# d="euklid"
# s=101
11
0 303 416 452 226 286 319 544 416 416 416 
303 0 714 647 286 544 505 833 571 714 452 
416 714 0 364 589 226 505 319 429 202 589 
452 647 364 0 678 202 714 678 101 544 303 
226 286 589 678 0 505 226 606 639 515 606 
286 544 226 202 505 0 515 505 226 364 364 
319 505 505 714 226 515 0 416 707 364 735 
544 833 319 678 606 505 416 0 728 143 857 
416 571 429 101 639 226 707 728 0 589 202 
416 714 202 544 515 364 364 143 589 0 714 
416 452 589 303 606 364 735 857 202 714 0 
