# rmTSP_13_6_80_manhattan_101_100.mat
# n=13
# k=6
# a=80
# d="manhattan"
# s=101
13
0 17473 6666 10706 22826 16059 15655 13837 16564 14544 13534 22422 21513 
17473 0 18685 9999 15251 11514 11918 15958 13635 13231 10807 5959 12928 
6666 18685 0 13938 25250 21917 18079 17473 19594 9696 15554 24442 23331 
10706 9999 13938 0 19392 14241 13635 12827 12726 13736 11514 14948 14039 
22826 15251 25250 19392 0 15049 10605 25553 13736 22624 11716 15352 17675 
16059 11514 21917 14241 15049 0 14140 18180 11413 15049 13635 14241 17978 
15655 11918 18079 13635 10605 14140 0 20806 13837 16463 11413 11413 14948 
13837 15958 17473 12827 25553 18180 20806 0 20907 18483 19291 16665 13938 
16564 13635 19594 12726 13736 11413 13837 20907 0 19594 15756 18786 19291 
14544 13231 9696 13736 22624 15049 16463 18483 19594 0 10908 16766 24947 
13534 10807 15554 11514 11716 13635 11413 19291 15756 10908 0 13130 20301 
22422 5959 24442 14948 15352 14241 11413 16665 18786 16766 13130 0 9595 
21513 12928 23331 14039 17675 17978 14948 13938 19291 24947 20301 9595 0 
