# rmTSP_18_3_20_manhattan_101_100.mat
# n=18
# k=3
# a=20
# d="manhattan"
# s=101
18
0 1212 1616 1414 2020 2020 3030 2323 505 2828 404 2323 1717 2323 3232 606 1313 1515 
1212 0 2828 2020 2626 2626 4242 3535 909 4040 1616 3535 2929 3535 4444 808 1717 2323 
1616 2828 0 1414 1010 1414 1414 2727 1919 1212 1212 707 707 707 1616 2020 1717 2323 
1414 2020 1414 0 1212 606 2828 3333 1515 2626 1212 2121 1515 2121 3030 1616 2323 2525 
2020 2626 1010 1212 0 1616 2020 3737 2121 2020 1616 1111 1515 1515 1818 2222 2727 2929 
2020 2626 1414 606 1616 0 2424 2929 2121 2222 1616 1717 1717 1717 2626 2222 1919 2929 
3030 4242 1414 2828 2020 2424 0 1717 3333 202 2626 909 1313 707 606 3434 2525 2323 
2323 3535 2727 3333 3737 2929 1717 0 2626 1717 2121 2626 2222 2222 1919 2727 1818 1212 
505 909 1919 1515 2121 2121 3333 2626 0 3131 707 2626 2020 2626 3535 101 1010 1414 
2828 4040 1212 2626 2020 2222 202 1717 3131 0 2424 909 1111 707 606 3232 2323 2121 
404 1616 1212 1212 1616 1616 2626 2121 707 2424 0 1919 1313 1919 2828 808 1111 1313 
2323 3535 707 2121 1111 1717 909 2626 2626 909 1919 0 1414 404 1111 2727 1818 3030 
1717 2929 707 1515 1515 1717 1313 2222 2020 1111 1313 1414 0 1212 1515 2121 2020 1616 
2323 3535 707 2121 1515 1717 707 2222 2626 707 1919 404 1212 0 1313 2727 1818 2828 
3232 4444 1616 3030 1818 2626 606 1919 3535 606 2828 1111 1515 1313 0 3636 2727 2121 
606 808 2020 1616 2222 2222 3434 2727 101 3232 808 2727 2121 2727 3636 0 909 1515 
1313 1717 1717 2323 2727 1919 2525 1818 1010 2323 1111 1818 2020 1818 2727 909 0 1616 
1515 2323 2323 2525 2929 2929 2323 1212 1414 2121 1313 3030 1616 2828 2121 1515 1616 0 
