# rmTSP_12_3_20_manhattan_1_100.mat
# n=12
# k=3
# a=20
# d="manhattan"
# s=1
12
0 30 23 13 11 29 20 19 22 19 12 17 
30 0 53 39 19 41 14 33 30 21 20 39 
23 53 0 14 34 12 39 20 23 32 35 20 
13 39 14 0 20 22 25 24 21 32 21 28 
11 19 34 20 0 36 23 26 29 22 5 24 
29 41 12 22 36 0 27 10 11 20 37 28 
20 14 39 25 23 27 0 19 16 19 24 37 
19 33 20 24 26 10 19 0 9 12 27 22 
22 30 23 21 29 11 16 9 0 13 30 31 
19 21 32 32 22 20 19 12 13 0 19 18 
12 20 35 21 5 37 24 27 30 19 0 19 
17 39 20 28 24 28 37 22 31 18 19 0 
