# rmTSP_20_3_80_maximum_101_100.mat
# n=20
# k=3
# a=80
# d="maximum"
# s=101
20
0 6363 6969 4848 6868 6868 2424 6666 5252 6969 5858 7676 3030 5959 2121 6060 6464 3535 1313 4141 
6363 0 6666 3838 2121 5353 3939 4848 4545 6969 4848 6161 5555 2323 7070 2222 4545 4646 5050 3333 
6969 6666 0 3939 7171 5757 4747 6969 2828 7272 1818 5656 4343 6262 6262 6363 6767 3434 6363 4444 
4848 3838 3939 0 4343 4747 3737 4141 4444 6868 2828 4646 5454 3434 6969 3535 4444 4141 4444 3232 
6868 2121 7171 4343 0 3333 4444 2828 4747 4848 5353 4141 3838 1818 5555 2626 2424 5151 5555 2727 
6868 5353 5757 4747 3333 0 4646 1212 3333 3737 4242 2222 4242 5151 6161 5353 2929 3737 6262 3333 
2424 3939 4747 3737 4444 4646 0 4242 3030 4545 3636 5454 1717 3535 3232 4343 4040 1313 1616 1717 
6666 4848 6969 4141 2828 1212 4242 0 4545 3232 5151 1414 3737 4646 5656 4545 2424 4949 5757 2828 
5252 4545 2828 4444 4747 3333 3030 4545 0 4848 3939 3232 2626 3838 4545 5050 4343 1717 4646 2020 
6969 6969 7272 6868 4848 3737 4545 3232 4848 0 6363 4545 3939 4646 5656 7474 2424 5252 5656 3636 
5858 4848 1818 2828 5353 4242 3636 5151 3939 6363 0 3838 4949 4444 6464 4545 4949 3636 5252 2727 
7676 6161 5656 4646 4141 2222 5454 1414 3232 4545 3838 0 5050 5959 6969 3939 3737 4141 7070 4141 
3030 5555 4343 5454 3838 4242 1717 3737 2626 3939 4949 5050 0 3232 1919 6060 3434 1313 2020 2222 
5959 2323 6262 3434 1818 5151 3535 4646 3838 4646 4444 5959 3232 0 4747 2828 2222 4242 4646 1818 
2121 7070 6262 6969 5555 6161 3232 5656 4545 5656 6464 6969 1919 4747 0 7575 5151 2828 2525 3737 
6060 2222 6363 3535 2626 5353 4343 4545 5050 7474 4545 3939 6060 2828 7575 0 5050 4747 5050 3838 
6464 4545 6767 4444 2424 2929 4040 2424 4343 2424 4949 3737 3434 2222 5151 5050 0 4747 5151 2323 
3535 4646 3434 4141 5151 3737 1313 4949 1717 5252 3636 4141 1313 4242 2828 4747 4747 0 2929 2424 
1313 5050 6363 4444 5555 6262 1616 5757 4646 5656 5252 7070 2020 4646 2525 5050 5151 2929 0 2929 
4141 3333 4444 3232 2727 3333 1717 2828 2020 3636 2727 4141 2222 1818 3737 3838 2323 2424 2929 0 
