# rmTSP_15_3_10_manhattan_101_100.mat
# n=15
# k=3
# a=10
# d="manhattan"
# s=101
15
0 1313 1010 1818 1414 808 2020 1010 808 909 909 909 909 808 1111 
1313 0 909 909 101 707 909 303 909 1010 1212 1010 808 505 1212 
1010 909 0 1010 1010 202 1010 808 404 1313 1111 303 505 1212 707 
1818 909 1010 0 1010 1010 404 808 1212 1717 1919 1111 909 1212 707 
1414 101 1010 1010 0 808 808 404 1010 1111 1313 1111 909 606 1313 
808 707 202 1010 808 0 1212 606 202 1111 909 303 303 1010 505 
2020 909 1010 404 808 1212 0 1010 1414 1919 2121 1313 1111 1414 909 
1010 303 808 808 404 606 1010 0 808 909 1111 909 707 404 1111 
808 909 404 1212 1010 202 1414 808 0 1313 707 101 505 1212 505 
909 1010 1313 1717 1111 1111 1919 909 1313 0 808 1414 1212 505 1616 
909 1212 1111 1919 1313 909 2121 1111 707 808 0 808 1010 1111 1212 
909 1010 303 1111 1111 303 1313 909 101 1414 808 0 606 1313 606 
909 808 505 909 909 303 1111 707 505 1212 1010 606 0 1111 404 
808 505 1212 1212 606 1010 1414 404 1212 505 1111 1313 1111 0 1515 
1111 1212 707 707 1313 505 909 1111 505 1616 1212 606 404 1515 0 
