# rmTSP_15_2_10_euklid_101_100.mat
# n=15
# k=2
# a=10
# d="euklid"
# s=101
15
0 714 614 544 515 286 364 544 226 515 303 735 143 452 319 
714 0 226 1092 202 915 995 364 863 286 735 303 808 1040 728 
614 226 0 903 226 863 833 143 714 101 728 143 735 863 544 
544 1092 903 0 931 707 202 769 319 814 833 958 614 101 364 
515 202 226 931 0 714 814 303 678 202 544 364 606 869 571 
286 915 863 707 714 0 505 814 416 769 226 995 143 606 589 
364 995 833 202 814 505 0 714 143 735 639 915 416 101 303 
544 364 143 769 303 814 714 0 606 101 714 202 678 735 416 
226 863 714 319 678 416 143 606 0 614 515 808 303 226 226 
515 286 101 814 202 769 735 101 614 0 647 226 639 769 452 
303 735 728 833 544 226 639 714 515 647 0 869 226 735 614 
735 303 143 958 364 995 915 202 808 226 869 0 863 931 614 
143 808 735 614 606 143 416 678 303 639 226 863 0 515 452 
452 1040 863 101 869 606 101 735 226 769 735 931 515 0 319 
319 728 544 364 571 589 303 416 226 452 614 614 452 319 0 
