# rmTSP_16_4_80_maximum_101_100.mat
# n=16
# k=4
# a=80
# d="maximum"
# s=101
16
0 6969 3838 5959 1414 7272 5151 3939 1717 7373 3838 2727 2323 5757 5858 5151 
6969 0 5353 4949 7070 5050 5050 4747 7171 3434 7070 5050 4646 7272 7373 6666 
3838 5353 0 2626 3434 3939 4242 2424 4949 4040 4343 5353 5252 1919 6363 3434 
5959 4949 2626 0 6060 4141 2626 2020 6161 2525 6060 4949 4848 2323 5656 2929 
1414 7070 3434 6060 0 7373 5252 4040 2929 7474 4949 4141 2424 4848 4949 4242 
7272 5050 3939 4141 7373 0 6161 4343 7474 2828 7373 5454 4949 5454 6868 5353 
5151 5050 4242 2626 5252 6161 0 1818 5858 4545 5252 5858 3636 4949 7272 4343 
3939 4747 2424 2020 4040 4343 1818 0 5555 3434 4040 5555 3333 4242 6969 3636 
1717 7171 4949 6161 2929 7474 5858 5555 0 7575 3030 2828 2727 6363 4545 4545 
7373 3434 4040 2525 7474 2828 4545 3434 7575 0 7474 5454 5050 4343 4646 4343 
3838 7070 4343 6060 4949 7373 5252 4040 3030 7474 0 5353 5252 4747 4444 3131 
2727 5050 5353 4949 4141 5454 5858 5555 2828 5454 5353 0 2929 7272 7373 6666 
2323 4646 5252 4848 2424 4949 3636 3333 2727 5050 5252 2929 0 7171 7272 6565 
5757 7272 1919 2323 4848 5454 4949 4242 6363 4343 4747 7272 7171 0 7777 2020 
5858 7373 6363 5656 4949 6868 7272 6969 4545 4646 4444 7373 7272 7777 0 5959 
5151 6666 3434 2929 4242 5353 4343 3636 4545 4343 3131 6666 6565 2020 5959 0 
