# rmTSP_12_3_20_euklid_101_100.mat
# n=12
# k=3
# a=20
# d="euklid"
# s=101
12
0 2270 735 1900 920 1005 1156 1059 1922 1129 303 1868 
2270 0 1879 1793 2045 1672 1790 1821 2187 2015 2377 1644 
735 1879 0 2111 1220 1000 1253 440 2164 685 937 2067 
1900 1793 2111 0 1798 1810 1111 2360 714 2187 1798 553 
920 2045 1220 1798 0 452 1578 1266 2140 1812 1116 1501 
1005 1672 1000 1810 452 0 1512 953 2169 1610 1237 1515 
1156 1790 1253 1111 1578 1512 0 1619 931 1134 1020 1374 
1059 1821 440 2360 1266 953 1619 0 2507 1015 1313 2231 
1922 2187 2164 714 2140 2169 931 2507 0 2043 1729 1245 
1129 2015 685 2187 1812 1610 1134 1015 2043 0 1160 2305 
303 2377 937 1798 1116 1237 1020 1313 1729 1160 0 1843 
1868 1644 2067 553 1501 1515 1374 2231 1245 2305 1843 0 
