# rmTSP_14_6_40_maximum_1_100.mat
# n=14
# k=6
# a=40
# d="maximum"
# s=1
14
0 35 26 30 35 25 22 26 37 33 37 26 33 36 
35 0 29 19 26 31 35 25 38 29 34 32 21 20 
26 29 0 22 22 19 26 16 32 32 30 14 23 30 
30 19 22 0 26 23 30 29 35 35 35 20 33 18 
35 26 22 26 0 28 35 25 38 27 35 23 19 27 
25 31 19 23 28 0 22 16 34 26 32 18 23 32 
22 35 26 30 35 22 0 31 36 33 36 16 21 36 
26 25 16 29 25 16 31 0 27 23 25 27 31 27 
37 38 32 35 38 34 36 27 0 36 32 35 30 39 
33 29 32 35 27 26 33 23 36 0 26 29 28 33 
37 34 30 35 35 32 36 25 32 26 0 33 27 37 
26 32 14 20 23 18 16 27 35 29 33 0 27 33 
33 21 23 33 19 23 21 31 30 28 27 27 0 34 
36 20 30 18 27 32 36 27 39 33 37 33 34 0 
