# rmTSP_13_2_20_euklid_1_100.mat
# n=13
# k=2
# a=20
# d="euklid"
# s=1
13
0 9 10 5 8 10 12 8 14 13 3 7 10 
9 0 13 8 1 11 7 6 9 4 10 14 10 
10 13 0 6 12 2 10 16 11 15 8 8 4 
5 8 6 0 7 5 9 11 11 11 4 6 5 
8 1 12 7 0 11 7 6 9 5 9 13 9 
10 11 2 5 11 0 8 15 9 13 8 9 2 
12 7 10 9 7 8 0 13 2 6 12 15 6 
8 6 16 11 6 15 13 0 15 10 10 14 14 
14 9 11 11 9 9 2 15 0 7 14 17 7 
13 4 15 11 5 13 6 10 7 0 14 17 11 
3 10 8 4 9 8 12 10 14 14 0 4 9 
7 14 8 6 13 9 15 14 17 17 4 0 10 
10 10 4 5 9 2 6 14 7 11 9 10 0 
