# rmTSP_15_8_80_euklid_1_100.mat
# n=15
# k=8
# a=80
# d="euklid"
# s=1
15
0 50 72 76 90 67 64 83 46 53 39 74 63 81 56 
50 0 77 44 83 91 54 99 73 62 76 80 68 106 60 
72 77 0 109 119 107 72 132 83 66 97 92 97 116 74 
76 44 109 0 60 90 84 93 93 74 99 73 83 109 73 
90 83 119 60 0 77 110 97 92 74 113 73 87 102 77 
67 91 107 90 77 0 94 50 73 75 76 62 66 104 62 
64 54 72 84 110 94 0 106 94 90 87 102 74 137 55 
83 99 132 93 97 50 106 0 89 102 75 75 68 120 82 
46 73 83 93 92 73 94 89 0 65 48 79 58 71 81 
53 62 66 74 74 75 90 102 65 0 82 49 85 80 58 
39 76 97 99 113 76 87 75 48 82 0 89 65 88 81 
74 80 92 73 73 62 102 75 79 49 89 0 84 91 66 
63 68 97 83 87 66 74 68 58 85 65 84 0 118 60 
81 106 116 109 102 104 137 120 71 80 88 91 118 0 118 
56 60 74 73 77 62 55 82 81 58 81 66 60 118 0 
