# rmTSP_17_4_80_euklid_1_100.mat
# n=17
# k=4
# a=80
# d="euklid"
# s=1
17
0 66 46 91 76 95 75 90 53 90 81 46 76 104 96 84 27 
66 0 65 56 70 88 88 60 59 58 42 35 79 101 61 84 61 
46 65 0 91 66 91 67 77 58 63 75 48 43 58 84 47 62 
91 56 91 0 47 88 100 46 59 62 23 50 78 115 30 97 73 
76 70 66 47 0 65 66 34 35 61 39 49 40 84 34 78 64 
95 88 91 88 65 0 36 51 50 108 72 87 82 108 70 122 84 
75 88 67 100 66 36 0 65 46 103 81 80 67 89 84 104 74 
90 60 77 46 34 51 65 0 44 64 28 58 58 89 21 91 78 
53 59 58 59 35 50 46 44 0 78 46 42 56 95 54 89 39 
90 58 63 62 61 108 103 64 78 0 53 51 53 68 57 44 90 
81 42 75 23 39 72 81 28 46 53 0 40 65 98 21 86 67 
46 35 48 50 49 87 80 58 42 51 40 0 58 91 57 67 40 
76 79 43 78 40 82 67 58 56 53 65 58 0 47 62 47 78 
104 101 58 115 84 108 89 89 95 68 98 91 47 0 96 48 115 
96 61 84 30 34 70 84 21 54 57 21 57 62 96 0 90 82 
84 84 47 97 78 122 104 91 89 44 86 67 47 48 90 0 96 
27 61 62 73 64 84 74 78 39 90 67 40 78 115 82 96 0 
