# rmTSP_11_2_80_euklid_1_100.mat
# n=11
# k=2
# a=80
# d="euklid"
# s=1
11
0 31 41 54 40 21 33 30 22 40 30 
31 0 13 85 9 51 21 61 43 54 56 
41 13 0 92 7 62 34 71 47 67 68 
54 85 92 0 93 41 85 32 47 71 48 
40 9 7 93 0 60 28 70 49 62 65 
21 51 62 41 60 0 45 11 34 33 12 
33 21 34 85 28 45 0 56 52 36 45 
30 61 71 32 70 11 56 0 37 40 17 
22 43 47 47 49 34 52 37 0 61 45 
40 54 67 71 62 33 36 40 61 0 23 
30 56 68 48 65 12 45 17 45 23 0 
