# rmTSP_15_6_40_manhattan_101_100.mat
# n=15
# k=6
# a=40
# d="manhattan"
# s=101
15
0 10504 6969 11716 8989 8585 8484 4141 8585 6969 11817 9595 8282 10706 8383 
10504 0 5555 7272 6161 11615 14140 13635 13029 3535 9191 12625 12120 10908 6363 
6969 5555 0 10403 7272 6666 10605 9090 9494 6666 9292 9696 8181 8787 6464 
11716 7272 10403 0 11615 8787 8686 10605 9393 8787 5555 9393 15352 5252 9595 
8989 6161 7272 11615 0 10100 15655 11716 12524 6464 8484 13332 9191 14443 2828 
8585 11615 6666 8787 10100 0 5959 7474 4242 10706 7474 9090 11009 6565 7272 
8484 14140 10605 8686 15655 5959 0 4949 4343 11211 7979 6767 10100 4242 12827 
4141 13635 9090 10605 11716 7474 4949 0 5858 10100 9898 6666 10403 7171 11110 
8585 13029 9494 9393 12524 4242 4343 5858 0 10100 9292 11110 12019 7373 10302 
6969 3535 6666 8787 6464 10706 11211 10100 10100 0 10504 12524 9191 11413 5656 
11817 9191 9292 5555 8484 7474 7979 9898 9292 10504 0 9696 10605 6363 6464 
9595 12625 9696 9393 13332 9090 6767 6666 11110 12524 9696 0 11615 4141 13130 
8282 12120 8181 15352 9191 11009 10100 10403 12019 9191 10605 11615 0 13332 7979 
10706 10908 8787 5252 14443 6565 4242 7171 7373 11413 6363 4141 13332 0 12423 
8383 6363 6464 9595 2828 7272 12827 11110 10302 5656 6464 13130 7979 12423 0 
