# rmTSP_13_6_40_maximum_1_100.mat
# n=13
# k=6
# a=40
# d="maximum"
# s=1
13
0 34 31 21 36 16 28 28 36 34 35 18 26 
34 0 31 25 26 33 25 25 31 15 33 26 23 
31 31 0 32 32 29 31 23 29 31 20 13 23 
21 25 32 0 18 25 36 35 19 26 24 23 34 
36 26 32 18 0 32 27 26 26 35 20 23 27 
16 33 29 25 32 0 26 24 33 35 31 20 26 
28 25 31 36 27 26 0 20 29 30 28 31 21 
28 25 23 35 26 24 20 0 28 29 27 30 25 
36 31 29 19 26 33 29 28 0 35 33 18 27 
34 15 31 26 35 35 30 29 35 0 35 26 28 
35 33 20 24 20 31 28 27 33 35 0 17 26 
18 26 13 23 23 20 31 30 18 26 17 0 29 
26 23 23 34 27 26 21 25 27 28 26 29 0 
