# rmTSP_10_6_10_manhattan_1_100.mat
# n=10
# k=6
# a=10
# d="manhattan"
# s=1
10
0 13 14 18 18 24 16 19 29 21 
13 0 15 27 17 15 13 16 26 18 
14 15 0 28 8 18 20 5 35 19 
18 27 28 0 22 32 16 31 19 17 
18 17 8 22 0 20 18 9 27 15 
24 15 18 32 20 0 20 17 21 27 
16 13 20 16 18 20 0 23 15 21 
19 16 5 31 9 17 23 0 34 18 
29 26 35 19 27 21 15 34 0 28 
21 18 19 17 15 27 21 18 28 0 
