# rmTSP_14_2_40_manhattan_101_100.mat
# n=14
# k=2
# a=40
# d="manhattan"
# s=101
14
0 3232 505 2424 3636 3131 909 1010 1919 4747 3535 808 5454 2323 
3232 0 3737 5656 2222 6363 4141 2222 5151 3737 1111 2424 4040 5151 
505 3737 0 1919 3737 3030 404 1515 1818 4848 4040 1313 5555 2424 
2424 5656 1919 0 3838 1515 1515 3434 505 3333 5959 3232 4040 909 
3636 2222 3737 3838 0 4545 3333 3838 3333 1919 2121 4444 1818 3333 
3131 6363 3030 1515 4545 0 2626 4141 1212 2626 6666 3939 3333 1212 
909 4141 404 1515 3333 2626 0 1919 1414 4444 4444 1717 5151 2020 
1010 2222 1515 3434 3838 4141 1919 0 2929 4949 2727 606 5656 2929 
1919 5151 1818 505 3333 1212 1414 2929 0 3030 5454 2727 3737 606 
4747 3737 4848 3333 1919 2626 4444 4949 3030 0 4040 5555 707 2424 
3535 1111 4040 5959 2121 6666 4444 2727 5454 4040 0 3333 3333 5454 
808 2424 1313 3232 4444 3939 1717 606 2727 5555 3333 0 6262 3131 
5454 4040 5555 4040 1818 3333 5151 5656 3737 707 3333 6262 0 3131 
2323 5151 2424 909 3333 1212 2020 2929 606 2424 5454 3131 3131 0 
