# rmTSP_11_6_20_euklid_101_100.mat
# n=11
# k=6
# a=20
# d="euklid"
# s=101
11
0 2464 2701 1305 1787 2464 1938 1815 1545 2229 2169 
2464 0 2152 1755 1696 2747 2472 2161 3438 1270 1995 
2701 2152 0 2222 1738 2199 1687 1761 2826 1840 1195 
1305 1755 2222 0 1512 2567 1638 1714 2220 1471 1370 
1787 1696 1738 1512 0 2806 2097 1829 2640 1790 1653 
2464 2747 2199 2567 2806 0 1528 2152 2012 2386 2416 
1938 2472 1687 1638 2097 1528 0 2007 1660 2140 1508 
1815 2161 1761 1714 1829 2152 2007 0 2238 1229 1325 
1545 3438 2826 2220 2640 2012 1660 2238 0 2908 2521 
2229 1270 1840 1471 1790 2386 2140 1229 2908 0 1317 
2169 1995 1195 1370 1653 2416 1508 1325 2521 1317 0 
