# rmTSP_18_3_80_maximum_1_100.mat
# n=18
# k=3
# a=80
# d="maximum"
# s=1
18
0 26 28 54 28 22 54 43 11 45 21 31 38 28 38 25 32 12 
26 0 40 42 45 41 28 50 24 43 24 37 51 36 45 44 37 32 
28 40 0 57 55 49 65 65 38 41 42 52 66 49 59 52 53 18 
54 42 57 0 59 61 32 25 43 57 51 65 24 64 73 58 65 60 
28 45 55 59 0 35 70 34 21 46 47 57 50 54 64 9 58 39 
22 41 49 61 35 0 66 50 18 52 43 53 46 50 60 26 54 33 
54 28 65 32 70 66 0 40 49 68 51 65 41 64 73 69 65 60 
43 50 65 25 34 50 40 0 32 56 40 54 16 61 62 33 54 49 
11 24 38 43 21 18 49 32 0 34 26 36 29 34 43 20 37 22 
45 43 41 57 46 52 68 56 34 0 45 56 57 55 64 43 56 51 
21 24 42 51 47 43 51 40 26 45 0 14 27 35 22 46 14 24 
31 37 52 65 57 53 65 54 36 56 14 0 41 46 22 56 5 34 
38 51 66 24 50 46 41 16 29 57 27 41 0 62 49 49 41 50 
28 36 49 64 54 50 64 61 34 55 35 46 62 0 24 53 41 31 
38 45 59 73 64 60 73 62 43 64 22 22 49 24 0 63 17 41 
25 44 52 58 9 26 69 33 20 43 46 56 49 53 63 0 57 36 
32 37 53 65 58 54 65 54 37 56 14 5 41 41 17 57 0 35 
12 32 18 60 39 33 60 49 22 51 24 34 50 31 41 36 35 0 
