# rmTSP_11_2_40_maximum_1_100.mat
# n=11
# k=2
# a=40
# d="maximum"
# s=1
11
0 16 28 16 14 15 19 13 23 16 18 
16 0 31 19 2 14 28 15 10 32 8 
28 31 0 17 33 22 9 20 30 27 25 
16 19 17 0 21 5 22 4 13 26 11 
14 2 33 21 0 16 26 17 12 30 10 
15 14 22 5 16 0 27 2 8 31 6 
19 28 9 22 26 27 0 25 35 18 30 
13 15 20 4 17 2 25 0 10 29 7 
23 10 30 13 12 8 35 10 0 39 5 
16 32 27 26 30 31 18 29 39 0 34 
18 8 25 11 10 6 30 7 5 34 0 
