# rmTSP_15_3_20_manhattan_101_100.mat
# n=15
# k=3
# a=20
# d="manhattan"
# s=101
15
0 1717 2525 808 2626 2525 1414 1616 1919 1212 2929 1313 404 1515 2020 
1717 0 1818 1111 2727 1616 1515 1717 1212 1919 1818 2020 2121 404 1717 
2525 1818 0 1919 1919 1010 2929 2727 2222 3535 606 1616 2929 2020 3333 
808 1111 1919 0 2222 1919 1010 1212 1717 1616 2121 909 1212 1111 2020 
2626 2727 1919 2222 0 2727 1212 1212 3939 1818 2121 1515 3030 2525 2424 
2525 1616 1010 1919 2727 0 2929 2727 1212 3535 606 1616 2929 2020 3333 
1414 1515 2929 1010 1212 2929 0 404 2727 606 3131 1515 1818 1313 1414 
1616 1717 2727 1212 1212 2727 404 0 2929 808 2929 1111 1818 1515 1818 
1919 1212 2222 1717 3939 1212 2727 2929 0 3131 1818 2626 1919 1616 2929 
1212 1919 3535 1616 1818 3535 606 808 3131 0 3737 1919 1414 1515 1212 
2929 1818 606 2121 2121 606 3131 2929 1818 3737 0 1818 3333 2222 3535 
1313 2020 1616 909 1515 1616 1515 1111 2626 1919 1818 0 1515 2020 2929 
404 2121 2929 1212 3030 2929 1818 1818 1919 1414 3333 1515 0 1919 2424 
1515 404 2020 1111 2525 2020 1313 1515 1616 1515 2222 2020 1919 0 1313 
2020 1717 3333 2020 2424 3333 1414 1818 2929 1212 3535 2929 2424 1313 0 
