# rmTSP_15_3_80_euklid_1_100.mat
# n=15
# k=3
# a=80
# d="euklid"
# s=1
15
0 43 48 29 50 26 13 53 69 53 62 63 31 60 65 
43 0 30 51 73 25 42 84 92 78 88 86 33 73 100 
48 30 0 67 56 32 54 70 82 60 69 65 22 70 87 
29 51 67 0 78 46 17 73 74 76 89 90 50 58 82 
50 73 56 78 0 53 63 37 75 31 17 17 48 82 49 
26 25 32 46 53 0 31 69 86 64 69 68 27 74 84 
13 42 54 17 63 31 0 63 72 64 75 76 37 59 74 
53 84 70 73 37 69 63 0 42 14 33 34 52 58 17 
69 92 82 74 75 86 72 42 0 47 73 72 64 29 44 
53 78 60 76 31 64 64 14 47 0 27 26 46 59 30 
62 88 69 89 17 69 75 33 73 27 0 6 59 85 41 
63 86 65 90 17 68 76 34 72 26 6 0 57 84 44 
31 33 22 50 48 27 37 52 64 46 59 57 0 52 69 
60 73 70 58 82 74 59 58 29 59 85 84 52 0 66 
65 100 87 82 49 84 74 17 44 30 41 44 69 66 0 
