# rmTSP_13_3_80_euklid_101_100.mat
# n=13
# k=3
# a=80
# d="euklid"
# s=101
13
0 7446 3791 6299 6606 4186 5885 3376 3549 5140 4234 5508 2575 
7446 0 4287 5338 4234 5496 7805 6961 6407 7105 5501 5139 7290 
3791 4287 0 3433 5661 1594 4519 5136 2281 4034 4088 4006 3038 
6299 5338 3433 0 7872 3120 5983 8193 3277 2571 7477 7137 5108 
6606 4234 5661 7872 0 7252 9623 4431 7658 8442 4380 5728 7866 
4186 5496 1594 3120 7252 0 3345 6282 1344 3594 5198 4716 2403 
5885 7805 4519 5983 9623 3345 0 7936 3974 6408 6296 5002 3506 
3376 6961 5136 8193 4431 6282 7936 0 6208 7693 2755 5027 5431 
3549 6407 2281 3277 7658 1344 3974 6208 0 2712 5701 5661 1865 
5140 7105 4034 2571 8442 3594 6408 7693 2712 0 7748 7980 4344 
4234 5501 4088 7477 4380 5198 6296 2755 5701 7748 0 2323 4984 
5508 5139 4006 7137 5728 4716 5002 5027 5661 7980 2323 0 5112 
2575 7290 3038 5108 7866 2403 3506 5431 1865 4344 4984 5112 0 
