# rmTSP_10_8_40_manhattan_1_100.mat
# n=10
# k=8
# a=40
# d="manhattan"
# s=1
10
0 126 112 158 90 106 100 110 92 116 
126 0 132 106 124 136 72 92 146 100 
112 132 0 142 114 116 94 164 66 128 
158 106 142 0 112 122 140 130 178 98 
90 124 114 112 0 100 116 88 116 106 
106 136 116 122 100 0 110 108 96 74 
100 72 94 140 116 110 0 102 94 124 
110 92 164 130 88 108 102 0 156 112 
92 146 66 178 116 96 94 156 0 92 
116 100 128 98 106 74 124 112 92 0 
