# rmTSP_16_6_80_maximum_101_100.mat
# n=16
# k=6
# a=80
# d="maximum"
# s=101
16
0 7171 6868 6161 5656 6161 3737 5757 5252 5858 4949 6363 6363 6262 5353 6060 
7171 0 4545 5151 6262 7272 5656 5050 6262 4949 4747 6060 4444 5555 7070 6363 
6868 4545 0 4848 2222 6969 3838 4545 5656 4141 4242 3232 5656 4040 6767 4545 
6161 5151 4848 0 3939 2121 6969 6868 4949 5959 5050 4545 6565 5050 5353 4040 
5656 6262 2222 3939 0 5757 5353 3737 3434 2929 3838 1717 5353 3737 5959 2525 
6161 7272 6969 2121 5757 0 5757 5656 5555 4747 4545 5353 6060 6363 4848 5656 
3737 5656 3838 6969 5353 5757 0 4141 6868 4141 4141 5151 7171 4747 5050 6363 
5757 5050 4545 6868 3737 5656 4141 0 5252 1515 4949 2828 7070 4848 5252 6262 
5252 6262 5656 4949 3434 5555 6868 5252 0 4747 2929 2929 4545 4040 5959 1616 
5858 4949 4141 5959 2929 4747 4141 1515 4747 0 5050 2525 6565 4949 5353 5353 
4949 4747 4242 5050 3838 4545 4141 4949 2929 5050 0 5555 3333 3636 4444 3232 
6363 6060 3232 4545 1717 5353 5151 2828 2929 2525 5555 0 7070 5454 5858 3939 
6363 4444 5656 6565 5353 6060 7171 7070 4545 6565 3333 7070 0 5252 4747 4747 
6262 5555 4040 5050 3737 6363 4747 4848 4040 4949 3636 5454 5252 0 6161 4444 
5353 7070 6767 5353 5959 4848 5050 5252 5959 5353 4444 5858 4747 6161 0 6060 
6060 6363 4545 4040 2525 5656 6363 6262 1616 5353 3232 3939 4747 4444 6060 0 
