# rmTSP_18_3_10_euklid_101_100.mat
# n=18
# k=3
# a=10
# d="euklid"
# s=101
18
0 416 742 714 319 707 571 707 1040 452 1156 886 728 525 623 714 892 875 
416 0 505 364 440 495 303 515 647 226 795 655 416 378 303 364 505 515 
742 505 0 714 714 226 378 175 553 319 839 580 247 707 728 756 606 364 
714 364 714 0 623 763 429 707 639 515 789 875 515 364 319 143 515 505 
319 440 714 623 0 776 429 614 1040 429 1233 1035 623 303 685 685 937 763 
707 495 226 763 776 0 505 378 544 364 742 378 416 795 678 763 544 515 
571 303 378 429 429 505 0 303 655 202 920 789 202 335 553 515 623 335 
707 515 175 707 614 378 303 0 678 303 979 742 226 623 776 776 721 378 
1040 647 553 639 1040 544 655 678 0 655 364 525 515 886 623 623 247 416 
452 226 319 515 429 364 202 303 655 0 875 647 286 440 515 553 589 440 
1156 795 839 789 1233 742 920 979 364 875 0 515 827 1088 647 707 303 756 
886 655 580 875 1035 378 789 742 525 647 515 0 707 1020 678 814 463 742 
728 416 247 515 623 416 202 226 515 286 827 707 0 525 623 589 553 175 
525 378 707 364 303 795 335 623 886 440 1088 1020 525 0 544 463 789 606 
623 303 728 319 685 678 553 776 623 515 647 678 623 544 0 202 404 647 
714 364 756 143 685 763 515 776 623 553 707 814 589 463 202 0 452 580 
892 505 606 515 937 544 623 721 247 589 303 463 553 789 404 452 0 505 
875 515 364 505 763 515 335 378 416 440 756 742 175 606 647 580 505 0 
