# rmTSP_10_8_20_manhattan_101_100.mat
# n=10
# k=8
# a=20
# d="manhattan"
# s=101
10
0 4848 6767 3535 4040 6868 2929 5252 6262 4444 
4848 0 4949 3535 5050 5252 4949 5252 5252 6262 
6767 4949 0 6666 5151 5151 5252 4949 4545 8181 
3535 3535 6666 0 4949 6161 4040 6565 7373 5555 
4040 5050 5151 4949 0 4444 4545 3636 5252 5050 
6868 5252 5151 6161 4444 0 6363 7272 4848 4040 
2929 4949 5252 4040 4545 6363 0 4545 5959 3939 
5252 5252 4949 6565 3636 7272 4545 0 5858 6262 
6262 5252 4545 7373 5252 4848 5959 5858 0 6262 
4444 6262 8181 5555 5050 4040 3939 6262 6262 0 
