# rmTSP_10_4_10_euklid_101_100.mat
# n=10
# k=4
# a=10
# d="euklid"
# s=101
10
0 484 350 678 525 647 678 364 979 378 
484 0 505 821 821 1059 958 655 1035 827 
350 505 0 776 580 749 776 391 1078 553 
678 821 776 0 915 857 286 782 647 692 
525 821 580 915 0 378 795 795 909 692 
647 1059 749 857 378 0 639 833 931 598 
678 958 776 286 795 639 0 782 678 598 
364 655 391 782 795 833 782 0 1249 335 
979 1035 1078 647 909 931 678 1249 0 1125 
378 827 553 692 692 598 598 335 1125 0 
