# rmTSP_11_4_10_euklid_101_100.mat
# n=11
# k=4
# a=10
# d="euklid"
# s=101
11
0 1050 795 795 350 662 1035 378 721 1040 623 
1050 0 845 958 857 1102 614 714 1025 685 821 
795 845 0 429 892 1257 1165 606 463 1088 350 
795 958 429 0 892 1321 1351 589 802 1301 429 
350 857 892 892 0 598 814 319 898 795 655 
662 1102 1257 1321 598 0 769 789 1078 1015 1147 
1035 614 1165 1351 814 769 0 875 1097 484 1102 
378 714 606 589 319 789 875 0 721 857 404 
721 1025 463 802 898 1078 1097 721 0 1083 631 
1040 685 1088 1301 795 1015 484 857 1083 0 947 
623 821 350 429 655 1147 1102 404 631 947 0 
