# rmTSP_13_3_10_manhattan_1_100.mat
# n=13
# k=3
# a=10
# d="manhattan"
# s=1
13
0 12 14 10 17 14 10 15 20 7 13 16 13 
12 0 10 12 11 14 6 7 12 5 11 10 15 
14 10 0 6 13 4 8 5 6 7 3 8 5 
10 12 6 0 13 4 10 11 10 7 3 8 3 
17 11 13 13 0 13 7 14 13 12 12 5 14 
14 14 4 4 13 0 12 9 8 9 3 8 1 
10 6 8 10 7 12 0 9 12 5 9 8 13 
15 7 5 11 14 9 9 0 5 8 8 11 10 
20 12 6 10 13 8 12 5 0 13 7 10 9 
7 5 7 7 12 9 5 8 13 0 6 9 10 
13 11 3 3 12 3 9 8 7 6 0 7 4 
16 10 8 8 5 8 8 11 10 9 7 0 9 
13 15 5 3 14 1 13 10 9 10 4 9 0 
