# rmTSP_14_2_80_maximum_101_100.mat
# n=14
# k=2
# a=80
# d="maximum"
# s=101
14
0 404 1010 1616 3838 5151 1818 1111 4343 3434 4141 1818 1919 202 
404 0 606 1818 3434 4949 2020 1313 4141 3030 4545 2222 2323 202 
1010 606 0 1919 2828 4848 2121 1414 4040 2525 5151 2828 2929 808 
1616 1818 1919 0 2828 6767 707 505 5959 2424 5151 2828 3333 1717 
3838 3434 2828 2828 0 7575 2121 2929 5252 1313 7979 5656 5757 3636 
5151 4949 4848 6767 7575 0 6969 6262 4040 7373 7070 4242 3434 5050 
1818 2020 2121 707 2121 6969 0 808 6161 1717 5858 3535 3636 1919 
1111 1313 1414 505 2929 6262 808 0 5454 2525 5050 2727 2828 1212 
4343 4141 4040 5959 5252 4040 6161 5454 0 6565 6262 3434 2626 4242 
3434 3030 2525 2424 1313 7373 1717 2525 6565 0 7575 5252 5353 3232 
4141 4545 5151 5151 7979 7070 5858 5050 6262 7575 0 2828 3636 4343 
1818 2222 2828 2828 5656 4242 3535 2727 3434 5252 2828 0 808 2020 
1919 2323 2929 3333 5757 3434 3636 2828 2626 5353 3636 808 0 2121 
202 202 808 1717 3636 5050 1919 1212 4242 3232 4343 2020 2121 0 
