# rmTSP_17_6_80_maximum_101_100.mat
# n=17
# k=6
# a=80
# d="maximum"
# s=101
17
0 5252 3838 3636 5656 6868 2222 5353 6666 6363 4343 3030 5252 6161 6666 2525 5555 
5252 0 4242 6161 5656 6464 6464 3636 6969 5353 3232 4343 3030 6464 3636 5454 2828 
3838 4242 0 3131 4242 5454 2222 5050 5555 4949 4646 3636 4949 3838 5252 2929 5252 
3636 6161 3131 0 4949 6464 3333 6969 6161 5959 5050 3939 6868 4444 6666 2727 7171 
5656 5656 4242 4949 0 5757 5858 6464 6767 5151 6565 5858 6363 5353 6161 4949 6666 
6868 6464 5454 6464 5757 0 7373 4848 2424 6161 3939 5959 4949 6868 3939 6464 4949 
2222 6464 2222 3333 5858 7373 0 7272 6565 6868 5353 4242 7171 6060 7171 3737 7474 
5353 3636 5050 6969 6464 4848 7272 0 4141 6161 3939 3030 2828 2828 5252 6262 4444 
6666 6969 5555 6161 6767 2424 6565 4141 0 6666 3737 5050 5454 5959 5656 5555 5454 
6363 5353 4949 5959 5151 6161 6868 6161 6666 0 4646 5454 6060 6363 5858 5959 6363 
4343 3232 4646 5050 6565 3939 5353 3939 3737 4646 0 2020 3333 3636 6262 5050 3939 
3030 4343 3636 3939 5858 5959 4242 3030 5050 5454 2020 0 2929 3232 5757 4343 3232 
5252 3030 4949 6868 6363 4949 7171 2828 5454 6060 3333 2929 0 4949 3434 6161 1616 
6161 6464 3838 4444 5353 6868 6060 2828 5959 6363 3636 3232 4949 0 6666 4848 4949 
6666 3636 5252 6666 6161 3939 7171 5252 5656 5858 6262 5757 3434 6666 0 6262 4242 
2525 5454 2929 2727 4949 6464 3737 6262 5555 5959 5050 4343 6161 4848 6262 0 6464 
5555 2828 5252 7171 6666 4949 7474 4444 5454 6363 3939 3232 1616 4949 4242 6464 0 
