# rmTSP_14_4_20_manhattan_101_100.mat
# n=14
# k=4
# a=20
# d="manhattan"
# s=101
14
0 3333 1717 4444 1313 2222 2121 3333 1616 1818 2323 2323 2222 2727 
3333 0 1616 2121 4242 3737 1616 4242 2121 1717 4444 3636 3535 4040 
1717 1616 0 2929 2626 2121 2424 4040 909 2121 2828 2828 2929 2424 
4444 2121 2929 0 3535 5050 2727 3737 3232 3838 3333 5555 4242 3333 
1313 4242 2626 3535 0 2727 3030 2222 2525 2727 1212 2828 2323 1414 
2222 3737 2121 5050 2727 0 3333 2727 2020 3030 2323 1313 2828 1717 
2121 1616 2424 2727 3030 3333 0 3030 1919 1111 4242 2828 2323 4040 
3333 4242 4040 3737 2222 2727 3030 0 3737 2727 2626 2020 1717 2020 
1616 2121 909 3232 2525 2020 1919 3737 0 1818 2727 2525 2626 2525 
1818 1717 2121 3838 2727 3030 1111 2727 1818 0 3939 1919 1818 3737 
2323 4444 2828 3333 1212 2323 4242 2626 2727 3939 0 3232 3131 808 
2323 3636 2828 5555 2828 1313 2828 2020 2525 1919 3232 0 2121 2626 
2222 3535 2929 4242 2323 2828 2323 1717 2626 1818 3131 2121 0 2929 
2727 4040 2424 3333 1414 1717 4040 2020 2525 3737 808 2626 2929 0 
