# rmTSP_14_2_80_manhattan_1_100.mat
# n=14
# k=2
# a=80
# d="manhattan"
# s=1
14
0 24 44 85 68 9 67 33 45 44 66 50 13 60 
24 0 48 81 64 33 43 37 41 40 42 48 13 56 
44 48 0 129 112 45 75 17 89 88 30 14 35 104 
85 81 129 0 35 88 54 118 40 47 101 129 94 25 
68 64 112 35 0 71 49 101 23 24 84 112 77 32 
9 33 45 88 71 0 76 30 50 47 75 59 22 63 
67 43 75 54 49 76 0 64 26 61 47 75 54 29 
33 37 17 118 101 30 64 0 78 77 47 31 24 93 
45 41 89 40 23 50 26 78 0 35 61 89 54 15 
44 40 88 47 24 47 61 77 35 0 60 88 53 44 
66 42 30 101 84 75 47 47 61 60 0 28 53 76 
50 48 14 129 112 59 75 31 89 88 28 0 37 104 
13 13 35 94 77 22 54 24 54 53 53 37 0 69 
60 56 104 25 32 63 29 93 15 44 76 104 69 0 
