# rmTSP_18_8_40_euklid_101_100.mat
# n=18
# k=8
# a=40
# d="euklid"
# s=101
18
0 2864 5576 4636 4389 3948 3168 3467 3649 4508 3070 3805 4561 1581 6210 2950 4458 4644 
2864 0 5264 3797 4620 5098 2969 4407 4632 4703 2853 3957 4547 2620 6082 3651 4455 5800 
5576 5264 0 2686 6871 4342 4557 5504 4574 4575 6137 5551 6759 5619 5388 4824 6137 6167 
4636 3797 2686 0 6074 4200 3780 4932 3276 3366 5192 3650 5938 4075 5061 3579 6099 6292 
4389 4620 6871 6074 0 5209 4318 2896 5109 4416 2842 4803 4594 4741 4070 5109 4580 5024 
3948 5098 4342 4200 5209 0 4797 4471 3690 3784 4368 4466 7081 3985 4582 3707 5832 4670 
3168 2969 4557 3780 4318 4797 0 2725 3847 4130 3819 4601 3042 3227 5352 3376 4040 4235 
3467 4407 5504 4932 2896 4471 2725 0 3615 3843 3568 4625 3179 4026 4437 3342 4679 4573 
3649 4632 4574 3276 5109 3690 3847 3615 0 2097 5119 2441 5162 3335 4697 3270 5748 5399 
4508 4703 4575 3366 4416 3784 4130 3843 2097 0 4833 2616 5511 4146 2931 4246 5114 5401 
3070 2853 6137 5192 2842 4368 3819 3568 5119 4833 0 4680 5053 3462 5156 3772 4412 5362 
3805 3957 5551 3650 4803 4466 4601 4625 2441 2616 4680 0 5722 3090 5019 4189 5901 6101 
4561 4547 6759 5938 4594 7081 3042 3179 5162 5511 5053 5722 0 5011 6546 4954 4876 6124 
1581 2620 5619 4075 4741 3985 3227 4026 3335 4146 3462 3090 5011 0 6166 2996 5061 4800 
6210 6082 5388 5061 4070 4582 5352 4437 4697 2931 5156 5019 6546 6166 0 5748 5561 5934 
2950 3651 4824 3579 5109 3707 3376 3342 3270 4246 3772 4189 4954 2996 5748 0 6063 6024 
4458 4455 6137 6099 4580 5832 4040 4679 5748 5114 4412 5901 4876 5061 5561 6063 0 4688 
4644 5800 6167 6292 5024 4670 4235 4573 5399 5401 5362 6101 6124 4800 5934 6024 4688 0 
