# rmTSP_14_8_40_maximum_101_100.mat
# n=14
# k=8
# a=40
# d="maximum"
# s=101
14
0 2121 1919 1818 1313 1818 1616 2424 1616 1919 2727 2020 1919 2626 
2121 0 3333 2222 3030 3030 2828 1919 3737 3232 2929 3333 2929 2828 
1919 3333 0 3636 3131 2525 3434 3030 2323 3030 3232 3737 3737 2525 
1818 2222 3636 0 2121 2323 2020 3030 3030 3232 3333 2828 2222 2727 
1313 3030 3131 2121 0 3030 2323 3636 2222 3030 3131 2121 2222 3434 
1818 3030 2525 2323 3030 0 2222 2525 2121 2323 3737 2828 2020 3333 
1616 2828 3434 2020 2323 2222 0 2828 2828 3434 3131 3535 2020 3434 
2424 1919 3030 3030 3636 2525 2828 0 2828 2222 1212 3434 3131 3030 
1616 3737 2323 3030 2222 2121 2828 2828 0 3131 3333 3131 3131 3030 
1919 3232 3030 3232 3030 2323 3434 2222 3131 0 3434 2727 2828 3030 
2727 2929 3232 3333 3131 3737 3131 1212 3333 3434 0 3434 3636 3232 
2020 3333 3737 2828 2121 2828 3535 3434 3131 2727 3434 0 2929 3131 
1919 2929 3737 2222 2222 2020 2020 3131 3131 2828 3636 2929 0 3232 
2626 2828 2525 2727 3434 3333 3434 3030 3030 3030 3232 3131 3232 0 
