# rmTSP_14_8_10_manhattan_101_100.mat
# n=14
# k=8
# a=10
# d="manhattan"
# s=101
14
0 3636 2020 2525 2121 3030 2323 3131 2323 1919 3838 2525 1111 3333 
3636 0 3434 3535 3333 2828 2727 1919 2727 3131 2626 2323 4141 2929 
2020 3434 0 3131 2525 4040 2525 2929 2727 1919 3636 2727 1717 2121 
2525 3535 3131 0 2222 2525 2626 2222 2828 1818 1717 2626 2424 1818 
2121 3333 2525 2222 0 3131 2626 2222 3636 2222 2727 2626 2020 2626 
3030 2828 4040 2525 3131 0 3131 3131 3131 2323 2828 3535 3333 2525 
2323 2727 2525 2626 2626 3131 0 3232 1212 1818 2121 3232 2424 2020 
3131 1919 2929 2222 2222 3131 3232 0 3232 2424 2525 1212 3030 2626 
2323 2727 2727 2828 3636 3131 1212 3232 0 2020 2525 2626 2626 2020 
1919 3131 1919 1818 2222 2323 1818 2424 2020 0 2525 2424 2020 1616 
3838 2626 3636 1717 2727 2828 2121 2525 2525 2525 0 2929 3939 2121 
2525 2323 2727 2626 2626 3535 3232 1212 2626 2424 2929 0 2626 3030 
1111 4141 1717 2424 2020 3333 2424 3030 2626 2020 3939 2626 0 2626 
3333 2929 2121 1818 2626 2525 2020 2626 2020 1616 2121 3030 2626 0 
