# rmTSP_16_4_80_manhattan_101_100.mat
# n=16
# k=4
# a=80
# d="manhattan"
# s=101
16
0 13433 13534 16059 3333 14645 11817 7474 7070 11514 8888 10605 11918 6666 14443 8080 
13433 0 4545 6060 12524 5252 9292 10201 12221 1919 9999 19190 4141 11615 6464 5353 
13534 4545 0 5757 12625 3131 6969 7474 10504 5050 7272 16463 4040 8888 7373 5454 
16059 6060 5757 0 15150 7070 9898 9191 16261 5959 7171 13938 6161 11413 3030 7979 
3333 12524 12625 15150 0 13736 9898 6767 10403 10605 7979 8686 11009 4343 13534 7171 
14645 5252 3131 7070 13736 0 10100 7575 10807 5959 7373 16564 2727 11009 7272 6565 
11817 9292 6969 9898 9898 10100 0 5959 12423 8787 11413 9898 7979 5959 11514 7373 
7474 10201 7474 9191 6767 7575 5959 0 8080 9696 8080 9393 6060 6868 10807 6060 
7070 12221 10504 16261 10403 10807 12423 8080 0 12322 15150 17473 11716 13736 17877 9090 
11514 1919 5050 5959 10605 5959 8787 9696 12322 0 8484 17675 3838 10100 5555 3838 
8888 9999 7272 7171 7979 7373 11413 8080 15150 8484 0 9393 5858 5858 5555 6464 
10605 19190 16463 13938 8686 16564 9898 9393 17473 17675 9393 0 15049 8181 12726 13837 
11918 4141 4040 6161 11009 2727 7979 6060 11716 3838 5858 15049 0 9090 6363 4242 
6666 11615 8888 11413 4343 11009 5959 6868 13736 10100 5858 8181 9090 0 9797 7474 
14443 6464 7373 3030 13534 7272 11514 10807 17877 5555 5555 12726 6363 9797 0 8787 
8080 5353 5454 7979 7171 6565 7373 6060 9090 3838 6464 13837 4242 7474 8787 0 
