# rmTSP_14_8_80_manhattan_1_100.mat
# n=14
# k=8
# a=80
# d="manhattan"
# s=1
14
0 270 202 135 195 248 179 168 199 200 179 163 272 204 
270 0 202 205 179 170 259 132 219 78 241 147 120 228 
202 202 0 145 177 306 149 182 231 206 195 171 200 278 
135 205 145 0 244 285 144 179 238 145 198 180 257 275 
195 179 177 244 0 255 316 247 254 171 212 144 141 277 
248 170 306 285 255 0 235 242 225 170 233 169 210 198 
179 259 149 144 316 235 0 191 220 205 206 196 255 227 
168 132 182 179 247 242 191 0 127 130 221 177 186 114 
199 219 231 238 254 225 220 127 0 197 176 256 225 97 
200 78 206 145 171 170 205 130 197 0 181 135 146 214 
179 241 195 198 212 233 206 221 176 181 0 238 251 229 
163 147 171 180 144 169 196 177 256 135 238 0 165 233 
272 120 200 257 141 210 255 186 225 146 251 165 0 272 
204 228 278 275 277 198 227 114 97 214 229 233 272 0 
