# rmTSP_17_2_40_maximum_1_100.mat
# n=17
# k=2
# a=40
# d="maximum"
# s=1
17
0 33 31 28 29 14 3 28 26 20 12 18 12 13 32 28 32 
33 0 2 12 17 19 33 27 7 13 21 15 26 25 3 30 6 
31 2 0 10 15 20 31 29 5 11 19 13 24 23 1 32 8 
28 12 10 0 5 24 25 33 5 12 17 13 16 15 11 36 12 
29 17 15 5 0 25 26 34 10 13 18 14 17 16 16 37 16 
14 19 20 24 25 0 14 14 20 12 7 11 8 9 21 14 18 
3 33 31 25 26 14 0 28 26 20 12 18 9 10 32 28 32 
28 27 29 33 34 14 28 0 29 21 16 20 21 20 30 3 21 
26 7 5 5 10 20 26 29 0 8 14 9 19 18 6 32 8 
20 13 11 12 13 12 20 21 8 0 8 2 13 12 12 24 12 
12 21 19 17 18 7 12 16 14 8 0 6 5 4 20 19 20 
18 15 13 13 14 11 18 20 9 2 6 0 11 10 14 23 14 
12 26 24 16 17 8 9 21 19 13 5 11 0 1 25 21 25 
13 25 23 15 16 9 10 20 18 12 4 10 1 0 24 21 24 
32 3 1 11 16 21 32 30 6 12 20 14 25 24 0 33 9 
28 30 32 36 37 14 28 3 32 24 19 23 21 21 33 0 24 
32 6 8 12 16 18 32 21 8 12 20 14 25 24 9 24 0 
