# rmTSP_13_3_40_maximum_1_100.mat
# n=13
# k=3
# a=40
# d="maximum"
# s=1
13
0 23 8 23 29 35 36 21 21 22 33 35 10 
23 0 17 15 16 12 20 17 5 19 11 18 19 
8 17 0 21 22 28 31 14 14 17 28 31 5 
23 15 21 0 14 23 29 25 10 19 26 28 22 
29 16 22 14 0 24 30 11 11 25 27 29 25 
35 12 28 23 24 0 32 23 14 31 22 23 31 
36 20 31 29 30 32 0 29 19 14 10 27 26 
21 17 14 25 11 23 29 0 17 17 26 35 17 
21 5 14 10 11 14 19 17 0 17 16 18 17 
22 19 17 19 25 31 14 17 17 0 11 28 12 
33 11 28 26 27 22 10 26 16 11 0 20 23 
35 18 31 28 29 23 27 35 18 28 20 0 32 
10 19 5 22 25 31 26 17 17 12 23 32 0 
