# rmTSP_13_3_10_euklid_101_100.mat
# n=13
# k=3
# a=10
# d="euklid"
# s=101
13
0 776 1015 1134 776 1040 515 580 1045 827 226 1015 721 
776 0 515 814 857 544 416 589 857 639 795 623 286 
1015 515 0 735 979 463 525 623 714 769 1116 143 769 
1134 814 735 0 544 319 714 580 226 364 1282 776 839 
776 857 979 544 0 678 614 429 495 286 937 1000 756 
1040 544 463 319 678 0 553 525 416 416 1156 544 647 
515 416 525 714 614 553 0 226 647 505 647 544 505 
580 589 623 580 429 525 226 0 474 378 756 623 623 
1045 857 714 226 495 416 647 474 0 404 1220 714 903 
827 639 769 364 286 416 505 378 404 0 958 821 571 
226 795 1116 1282 937 1156 647 756 1220 958 0 1134 714 
1015 623 143 776 1000 544 544 623 714 821 1134 0 869 
721 286 769 839 756 647 505 623 903 571 714 869 0 
