# rmTSP_14_2_40_maximum_1_100.mat
# n=14
# k=2
# a=40
# d="maximum"
# s=1
14
0 26 15 21 35 33 34 19 1 28 27 15 21 4 
26 0 14 9 36 34 35 20 27 29 28 23 23 24 
15 14 0 6 22 20 21 6 16 15 14 12 12 13 
21 9 6 0 27 25 26 12 22 20 19 18 18 19 
35 36 22 27 0 2 19 16 36 7 8 20 14 31 
33 34 20 25 2 0 17 14 34 5 6 18 12 29 
34 35 21 26 19 17 0 15 35 22 22 21 21 30 
19 20 6 12 16 14 15 0 20 9 8 6 6 15 
1 27 16 22 36 34 35 20 0 29 28 16 22 5 
28 29 15 20 7 5 22 9 29 0 1 13 7 24 
27 28 14 19 8 6 22 8 28 1 0 12 6 23 
15 23 12 18 20 18 21 6 16 13 12 0 6 11 
21 23 12 18 14 12 21 6 22 7 6 6 0 17 
4 24 13 19 31 29 30 15 5 24 23 11 17 0 
