# rmTSP_18_6_40_euklid_1_100.mat
# n=18
# k=6
# a=40
# d="euklid"
# s=1
18
0 41 32 56 34 25 30 41 39 40 48 34 43 33 19 39 18 24 
41 0 37 44 31 34 60 45 30 26 23 52 46 38 31 18 41 40 
32 37 0 43 45 27 52 22 37 39 49 33 47 18 31 42 36 39 
56 44 43 0 61 42 63 41 49 33 45 50 46 51 42 58 50 53 
34 31 45 61 0 28 54 57 40 43 41 60 62 49 25 33 38 25 
25 34 27 42 28 0 44 40 33 34 41 46 50 37 12 41 26 16 
30 60 52 63 54 44 0 60 50 46 64 46 45 50 37 58 20 37 
41 45 22 41 57 40 60 0 50 46 51 26 45 30 41 50 47 52 
39 30 37 49 40 33 50 50 0 25 32 56 39 32 33 30 33 34 
40 26 39 33 43 34 46 46 25 0 30 47 31 38 29 34 31 39 
48 23 49 45 41 41 64 51 32 30 0 59 40 48 37 26 47 45 
34 52 33 50 60 46 46 26 56 47 59 0 40 34 41 53 39 53 
43 46 47 46 62 50 45 45 39 31 40 40 0 41 43 44 38 52 
33 38 18 51 49 37 50 30 32 38 48 34 41 0 37 36 36 44 
19 31 31 42 25 12 37 41 33 29 37 41 43 37 0 36 19 15 
39 18 42 58 33 41 58 50 30 34 26 53 44 36 36 0 42 43 
18 41 36 50 38 26 20 47 33 31 47 39 38 36 19 42 0 22 
24 40 39 53 25 16 37 52 34 39 45 53 52 44 15 43 22 0 
