# rmTSP_10_6_20_maximum_1_100.mat
# n=10
# k=6
# a=20
# d="maximum"
# s=1
10
0 15 13 15 13 15 16 13 7 14 
15 0 14 13 12 14 14 12 13 15 
13 14 0 13 11 16 15 14 12 14 
15 13 13 0 11 18 17 16 11 14 
13 12 11 11 0 11 14 11 9 10 
15 14 16 18 11 0 16 13 12 14 
16 14 15 17 14 16 0 14 11 10 
13 12 14 16 11 13 14 0 10 12 
7 13 12 11 9 12 11 10 0 7 
14 15 14 14 10 14 10 12 7 0 
