# rmTSP_11_8_20_manhattan_101_100.mat
# n=11
# k=8
# a=20
# d="manhattan"
# s=101
11
0 6969 6565 5353 6868 5555 5050 4444 4848 6363 6767 
6969 0 5656 6868 4747 5050 4343 4747 4949 3838 5454 
6565 5656 0 4040 3939 4646 6767 6767 4141 7070 3838 
5353 6868 4040 0 3939 4646 5353 7373 3333 6666 4646 
6868 4747 3939 3939 0 5151 4848 6666 2828 5151 4141 
5555 5050 4646 4646 5151 0 3939 4545 4747 6262 4646 
5050 4343 6767 5353 4848 3939 0 4646 5858 5959 7171 
4444 4747 6767 7373 6666 4545 4646 0 5050 5151 5959 
4848 4949 4141 3333 2828 4747 5858 5050 0 5555 2525 
6363 3838 7070 6666 5151 6262 5959 5151 5555 0 5656 
6767 5454 3838 4646 4141 4646 7171 5959 2525 5656 0 
