# rmTSP_19_2_40_euklid_101_100.mat
# n=19
# k=2
# a=40
# d="euklid"
# s=101
19
0 452 2695 2147 2012 869 3749 1862 2931 1568 1829 1644 3846 589 3452 3092 3362 416 2597 
452 0 2364 2020 2131 515 3298 1807 2543 1266 1414 1233 3616 319 3162 2651 2913 678 2270 
2695 2364 0 1293 2409 2495 2428 1629 589 1129 1143 2367 1491 2575 857 2533 2432 2533 101 
2147 2020 1293 0 1129 2394 3571 404 1857 1015 1629 2674 1790 2325 1629 3430 3452 1821 1216 
2012 2131 2409 1129 0 2628 4545 789 2950 1767 2443 3171 2727 2443 2720 4247 4348 1597 2325 
869 515 2495 2394 2628 0 3003 2236 2555 1501 1407 789 3859 286 3335 2270 2575 1182 2409 
3749 3298 2428 3571 4545 3003 0 3782 1862 2794 2143 2279 3636 3263 2931 931 515 3866 2460 
1862 1807 1629 404 789 2236 3782 0 2161 1054 1726 2628 2180 2123 2030 3547 3613 1501 1542 
2931 2543 589 1857 2950 2555 1862 2161 0 1446 1152 2243 1862 2695 1152 2082 1922 2844 647 
1568 1266 1129 1015 1767 1501 2794 1054 1446 0 678 1666 2367 1515 1898 2495 2581 1414 1030 
1829 1414 1143 1629 2443 1407 2143 1726 1152 678 0 1233 2607 1545 2000 1821 1906 1821 1074 
1644 1233 2367 2674 3171 789 2279 2628 2243 1666 1233 0 3839 1074 3221 1491 1821 1906 2303 
3846 3616 1491 1790 2727 3859 3636 2180 1862 2367 2607 3839 0 3880 714 3944 3771 3569 1542 
589 319 2575 2325 2443 286 3263 2123 2695 1515 1545 1074 3880 0 3395 2549 2846 931 2484 
3452 3162 857 1629 2720 3335 2931 2030 1152 1898 2000 3221 714 3395 0 3234 3057 3234 931 
3092 2651 2533 3430 4247 2270 931 3547 2082 2495 1821 1491 3944 2549 3234 0 416 3285 2527 
3362 2913 2432 3452 4348 2575 515 3613 1922 2581 1906 1821 3771 2846 3057 416 0 3518 2443 
416 678 2533 1821 1597 1182 3866 1501 2844 1414 1821 1906 3569 931 3234 3285 3518 0 2432 
2597 2270 101 1216 2325 2409 2460 1542 647 1030 1074 2303 1542 2484 931 2527 2443 2432 0 
