# rmTSP_17_8_80_euklid_101_100.mat
# n=17
# k=8
# a=80
# d="euklid"
# s=101
17
0 10135 9689 13703 12358 8112 11022 7990 12172 10906 12872 12250 11861 14102 12731 8029 9255 
10135 0 9577 9816 9738 6318 9693 7572 7084 8442 10737 8062 5465 9592 10314 6611 11459 
9689 9577 0 12646 14197 10294 6327 7959 8057 10892 12488 11972 7829 12812 9671 8337 8465 
13703 9816 12646 0 8742 7787 10104 7295 11187 7252 6279 8478 10952 4664 7229 8893 14276 
12358 9738 14197 8742 0 6420 11637 10237 14425 6025 7744 9020 11782 5915 10953 9241 10989 
8112 6318 10294 7787 6420 0 9067 5893 9416 6628 8530 9011 8046 7310 9906 6852 9433 
11022 9693 6327 10104 11637 9067 0 8630 9896 9911 10875 10896 9182 10259 9237 7449 8709 
7990 7572 7959 7295 10237 5893 8630 0 8500 7711 7448 8971 8899 8585 7045 6921 10677 
12172 7084 8057 11187 14425 9416 9896 8500 0 11417 13110 12580 5480 12433 10731 9524 12900 
10906 8442 10892 7252 6025 6628 9911 7711 11417 0 6123 7422 9569 6383 6553 5835 9959 
12872 10737 12488 6279 7744 8530 10875 7448 13110 6123 0 10169 12699 6289 5138 9367 11817 
12250 8062 11972 8478 9020 9011 10896 8971 12580 7422 10169 0 9736 7860 10181 6826 13972 
11861 5465 7829 10952 11782 8046 9182 8899 5480 9569 12699 9736 0 10274 11213 8449 11231 
14102 9592 12812 4664 5915 7310 10259 8585 12433 6383 6289 7860 10274 0 8566 9582 12768 
12731 10314 9671 7229 10953 9906 9237 7045 10731 6553 5138 10181 11213 8566 0 7941 11624 
8029 6611 8337 8893 9241 6852 7449 6921 9524 5835 9367 6826 8449 9582 7941 0 9784 
9255 11459 8465 14276 10989 9433 8709 10677 12900 9959 11817 13972 11231 12768 11624 9784 0 
