# rmTSP_11_6_20_maximum_101_100.mat
# n=11
# k=6
# a=20
# d="maximum"
# s=101
11
0 1616 1616 1717 1414 1010 1212 808 1010 808 1313 
1616 0 1515 1515 1818 1717 606 1212 1515 808 1313 
1616 1515 0 1818 1313 1212 1212 1111 1313 909 808 
1717 1515 1818 0 1515 1414 1111 1515 1212 1111 1212 
1414 1818 1313 1515 0 1313 1515 1515 1212 1212 1616 
1010 1717 1212 1414 1313 0 1414 1414 808 1111 808 
1212 606 1212 1111 1515 1414 0 909 1212 505 1111 
808 1212 1111 1515 1515 1414 909 0 1212 404 909 
1010 1515 1313 1212 1212 808 1212 1212 0 909 1010 
808 808 909 1111 1212 1111 505 404 909 0 1010 
1313 1313 808 1212 1616 808 1111 909 1010 1010 0 
