# rmTSP_14_3_20_manhattan_1_100.mat
# n=14
# k=3
# a=20
# d="manhattan"
# s=1
14
0 19 41 26 16 26 20 27 16 21 19 34 8 36 
19 0 26 7 21 9 3 20 9 8 10 15 13 19 
41 26 0 27 41 21 27 26 35 24 36 23 39 25 
26 7 27 0 14 8 8 13 10 9 11 8 18 12 
16 21 41 14 0 20 22 15 20 17 25 22 10 24 
26 9 21 8 20 0 10 11 14 5 17 12 18 10 
20 3 27 8 22 10 0 21 8 11 9 14 12 20 
27 20 26 13 15 11 21 0 19 12 24 17 19 9 
16 9 35 10 20 14 8 19 0 13 5 18 14 20 
21 8 24 9 17 5 11 12 13 0 18 13 15 15 
19 10 36 11 25 17 9 24 5 18 0 19 19 23 
34 15 23 8 22 12 14 17 18 13 19 0 26 12 
8 13 39 18 10 18 12 19 14 15 19 26 0 28 
36 19 25 12 24 10 20 9 20 15 23 12 28 0 
