# rmTSP_15_2_80_manhattan_101_100.mat
# n=15
# k=2
# a=80
# d="manhattan"
# s=101
15
0 6868 2222 2929 8484 6363 8181 8484 8383 5252 6464 7171 7272 9797 6161 
6868 0 7878 9595 3636 6161 6565 3232 6767 3434 4848 1717 5656 8181 4545 
2222 7878 0 1717 9494 4141 5959 9494 6161 6262 4242 8181 5050 7575 3939 
2929 9595 1717 0 11211 3434 6464 11211 5454 7979 5555 9898 5757 7272 5252 
8484 3636 9494 11211 0 7777 4747 404 8383 3232 5656 1919 5454 4545 5959 
6363 6161 4141 3434 7777 0 3030 7777 2020 4545 2121 6464 2323 3838 1818 
8181 6565 5959 6464 4747 3030 0 4747 3636 3131 1717 4848 909 1616 2020 
8484 3232 9494 11211 404 7777 4747 0 8383 3232 5656 1515 5454 4949 5959 
8383 6767 6161 5454 8383 2020 3636 8383 0 5151 2727 7070 2929 4444 2424 
5252 3434 6262 7979 3232 4545 3131 3232 5151 0 2424 1919 2222 4747 2727 
6464 4848 4242 5555 5656 2121 1717 5656 2727 2424 0 4343 808 3333 303 
7171 1717 8181 9898 1919 6464 4848 1515 7070 1919 4343 0 4141 6464 4646 
7272 5656 5050 5757 5454 2323 909 5454 2929 2222 808 4141 0 2525 1111 
9797 8181 7575 7272 4545 3838 1616 4949 4444 4747 3333 6464 2525 0 3636 
6161 4545 3939 5252 5959 1818 2020 5959 2424 2727 303 4646 1111 3636 0 
