# rmTSP_13_4_20_manhattan_101_100.mat
# n=13
# k=4
# a=20
# d="manhattan"
# s=101
13
0 505 1818 1010 2121 1414 2626 3131 1414 2525 2020 4141 2525 
505 0 1919 707 1616 1111 2727 2828 1515 2828 1515 4242 2424 
1818 1919 0 2424 2929 2828 1414 3131 1010 2121 2828 2727 2525 
1010 707 2424 0 1919 1616 3232 3333 2020 2525 1818 4747 2929 
2121 1616 2929 1919 0 2121 3333 3030 2121 3434 707 4444 2828 
1414 1111 2828 1616 2121 0 3636 2323 2222 3737 2020 3737 3131 
2626 2727 1414 3232 3333 3636 0 2323 2020 1313 3232 1515 1313 
3131 2828 3131 3333 3030 2323 2323 0 3333 3030 2929 1414 1818 
1414 1515 1010 2020 2121 2222 2020 3333 0 2525 2020 2929 2929 
2525 2828 2121 2525 3434 3737 1313 3030 2525 0 3333 2626 2222 
2020 1515 2828 1818 707 2020 3232 2929 2020 3333 0 4343 2727 
4141 4242 2727 4747 4444 3737 1515 1414 2929 2626 4343 0 2626 
2525 2424 2525 2929 2828 3131 1313 1818 2929 2222 2727 2626 0 
