# rmTSP_14_3_40_manhattan_1_100.mat
# n=14
# k=3
# a=40
# d="manhattan"
# s=1
14
0 48 48 38 35 35 52 52 27 52 47 79 63 55 
48 0 70 48 27 63 40 80 51 42 51 77 63 41 
48 70 0 24 57 21 58 48 55 74 73 37 53 59 
38 48 24 0 49 17 50 40 47 66 65 55 45 51 
35 27 57 49 0 60 17 55 24 17 24 52 38 20 
35 63 21 17 60 0 61 45 58 77 76 52 56 62 
52 40 58 50 17 61 0 40 25 16 25 37 23 3 
52 80 48 40 55 45 40 0 37 40 35 35 17 39 
27 51 55 47 24 58 25 37 0 25 20 52 36 28 
52 42 74 66 17 77 16 40 25 0 9 37 23 17 
47 51 73 65 24 76 25 35 20 9 0 36 20 26 
79 77 37 55 52 52 37 35 52 37 36 0 18 36 
63 63 53 45 38 56 23 17 36 23 20 18 0 22 
55 41 59 51 20 62 3 39 28 17 26 36 22 0 
