# rmTSP_14_6_20_euklid_101_100.mat
# n=14
# k=6
# a=20
# d="euklid"
# s=101
14
0 2070 1010 2274 1613 1289 2759 1584 1629 1943 1982 1873 1997 1857 
2070 0 2587 1723 2305 2632 2657 2377 2661 1660 1481 2040 2150 1801 
1010 2587 0 2131 1266 802 2751 1186 1355 2428 2314 1964 1849 2428 
2274 1723 2131 0 2055 2204 2894 1977 2140 2224 2231 1650 1862 2396 
1613 2305 1266 2055 0 1518 2601 1675 2310 2804 2080 2215 2015 2541 
1289 2632 802 2204 1518 0 3018 1535 1632 2319 2555 2201 1812 2912 
2759 2657 2751 2894 2601 3018 0 2338 2853 2403 2505 2267 1625 2420 
1584 2377 1186 1977 1675 1535 2338 0 915 2276 1669 2227 1770 2356 
1629 2661 1355 2140 2310 1632 2853 915 0 2185 2201 2227 2038 2449 
1943 1660 2428 2224 2804 2319 2403 2276 2185 0 2283 1761 1542 2119 
1982 1481 2314 2231 2080 2555 2505 1669 2201 2283 0 2678 2441 1966 
1873 2040 1964 1650 2215 2201 2267 2227 2227 1761 2678 0 1366 1732 
1997 2150 1849 1862 2015 1812 1625 1770 2038 1542 2441 1366 0 2426 
1857 1801 2428 2396 2541 2912 2420 2356 2449 2119 1966 1732 2426 0 
