# rmTSP_10_3_10_manhattan_101_100.mat
# n=10
# k=3
# a=10
# d="manhattan"
# s=101
10
0 909 808 1010 707 808 1717 404 1010 1616 
909 0 303 909 808 101 808 707 909 909 
808 303 0 1212 909 404 909 606 1010 808 
1010 909 1212 0 707 808 909 606 606 1818 
707 808 909 707 0 707 1212 707 505 1515 
808 101 404 808 707 0 909 606 808 1010 
1717 808 909 909 1212 909 0 1515 707 909 
404 707 606 606 707 606 1515 0 808 1414 
1010 909 1010 606 505 808 707 808 0 1212 
1616 909 808 1818 1515 1010 909 1414 1212 0 
