# rmTSP_13_8_80_maximum_101_100.mat
# n=13
# k=8
# a=80
# d="maximum"
# s=101
13
0 4747 3939 2828 4747 5959 4444 4444 4747 4343 4848 5454 4545 
4747 0 5454 7575 2626 6767 5454 6363 4545 2929 5252 4848 5959 
3939 5454 0 4343 5454 5454 5151 5858 5454 5050 5959 7474 6969 
2828 7575 4343 0 7575 5050 7272 5353 7575 7171 7676 6060 7171 
4747 2626 5454 7575 0 6767 3434 6363 3030 4242 4848 7272 6767 
5959 6767 5454 5050 6767 0 6464 6262 6969 6363 6868 6969 6464 
4444 5454 5151 7272 3434 6464 0 6060 6262 3131 3535 6161 5656 
4444 6363 5858 5353 6363 6262 6060 0 7070 5959 7070 4545 5959 
4747 4545 5454 7575 3030 6969 6262 7070 0 5252 7272 4747 6767 
4343 2929 5050 7171 4242 6363 3131 5959 5252 0 3131 4747 4545 
4848 5252 5959 7676 4848 6868 3535 7070 7272 3131 0 6161 5656 
5454 4848 7474 6060 7272 6969 6161 4545 4747 4747 6161 0 4141 
4545 5959 6969 7171 6767 6464 5656 5959 6767 4545 5656 4141 0 
