# rmTSP_16_6_40_manhattan_1_100.mat
# n=16
# k=6
# a=40
# d="manhattan"
# s=1
16
0 103 94 62 97 93 134 60 66 120 98 59 63 84 50 109 
103 0 77 75 74 74 73 103 71 79 113 50 100 79 87 52 
94 77 0 68 79 69 66 106 112 94 130 77 101 120 94 115 
62 75 68 0 87 53 106 88 72 92 82 47 69 86 50 93 
97 74 79 87 0 68 67 79 105 35 101 82 144 73 127 112 
93 74 69 53 68 0 105 125 119 93 79 72 120 57 85 96 
134 73 66 106 67 105 0 106 106 52 110 93 117 96 120 71 
60 103 106 88 79 125 106 0 48 94 116 73 85 98 76 109 
66 71 112 72 105 119 106 48 0 92 104 47 39 92 44 71 
120 79 94 92 35 93 52 94 92 0 102 85 125 82 120 93 
98 113 130 82 101 79 110 116 104 102 0 87 117 76 98 83 
59 50 77 47 82 72 93 73 47 85 87 0 62 55 45 52 
63 100 101 69 144 120 117 85 39 125 117 62 0 109 35 74 
84 79 120 86 73 57 96 98 92 82 76 55 109 0 74 69 
50 87 94 50 127 85 120 76 44 120 98 45 35 74 0 67 
109 52 115 93 112 96 71 109 71 93 83 52 74 69 67 0 
