# rmTSP_15_8_80_maximum_101_100.mat
# n=15
# k=8
# a=80
# d="maximum"
# s=101
15
0 7070 6868 4545 4949 5858 6161 7070 6161 7575 5757 3636 2929 6060 6868 
7070 0 4949 3939 5959 3232 5252 5555 7373 6565 5151 7474 6565 6565 5656 
6868 4949 0 6464 5757 5050 5050 7676 7575 5959 5353 7676 6363 6767 5656 
4545 3939 6464 0 6060 4545 6767 6969 7474 6565 5252 6464 4040 6060 7070 
4949 5959 5757 6060 0 4747 5050 5959 3535 4040 4141 4040 4949 5151 5757 
5858 3232 5050 4545 4747 0 5353 5757 5454 4949 3838 5555 5353 4949 4141 
6161 5252 5050 6767 5050 5353 0 2626 4141 5252 2323 5656 5858 5858 3939 
7070 5555 7676 6969 5959 5757 2626 0 4343 7777 4949 6565 7373 5454 3838 
6161 7373 7575 7474 3535 5454 4141 4343 0 5858 4242 5050 7878 5656 4646 
7575 6565 5959 6565 4040 4949 5252 7777 5858 0 4343 6060 5454 6464 5959 
5757 5151 5353 5252 4141 3838 2323 4949 4242 4343 0 4747 4747 4646 4040 
3636 7474 7676 6464 4040 5555 5656 6565 5050 6060 4747 0 5454 5555 6363 
2929 6565 6363 4040 4949 5353 5858 7373 7878 5454 4747 5454 0 6464 7474 
6060 6565 6767 6060 5151 4949 5858 5454 5656 6464 4646 5555 6464 0 5454 
6868 5656 5656 7070 5757 4141 3939 3838 4646 5959 4040 6363 7474 5454 0 
