# rmTSP_11_3_20_manhattan_1_100.mat
# n=11
# k=3
# a=20
# d="manhattan"
# s=1
11
0 25 15 11 23 28 13 20 12 5 13 
25 0 24 36 20 17 22 17 35 28 18 
15 24 0 26 18 17 20 9 27 20 10 
11 36 26 0 30 39 14 31 5 12 20 
23 20 18 30 0 35 24 27 31 28 10 
28 17 17 39 35 0 25 8 38 31 25 
13 22 20 14 24 25 0 17 13 16 14 
20 17 9 31 27 8 17 0 30 23 17 
12 35 27 5 31 38 13 30 0 7 21 
5 28 20 12 28 31 16 23 7 0 18 
13 18 10 20 10 25 14 17 21 18 0 
