# rmTSP_17_8_10_manhattan_1_100.mat
# n=17
# k=8
# a=10
# d="manhattan"
# s=1
17
0 23 23 21 25 32 28 15 11 37 32 30 18 30 32 31 28 
23 0 30 12 20 31 33 26 30 40 21 37 35 25 31 18 21 
23 30 0 24 30 29 21 22 16 18 27 25 21 15 23 26 23 
21 12 24 0 22 27 29 22 28 30 21 33 31 21 29 26 23 
25 20 30 22 0 27 25 28 30 36 25 39 39 33 33 34 29 
32 31 29 27 27 0 20 19 31 21 12 20 28 26 22 27 22 
28 33 21 29 25 20 0 25 33 19 22 20 24 28 32 35 30 
15 26 22 22 28 19 25 0 18 28 19 17 15 23 25 24 21 
11 30 16 28 30 31 33 18 0 28 31 29 21 23 27 28 25 
37 40 18 30 36 21 19 28 28 0 19 21 29 21 23 32 27 
32 21 27 21 25 12 22 19 31 19 0 22 32 20 24 25 20 
30 37 25 33 39 20 20 17 29 21 22 0 22 30 36 25 18 
18 35 21 31 39 28 24 15 21 29 32 22 0 32 22 25 22 
30 25 15 21 33 26 28 23 23 21 20 30 32 0 24 25 24 
32 31 23 29 33 22 32 25 27 23 24 36 22 24 0 23 24 
31 18 26 26 34 27 35 24 28 32 25 25 25 25 23 0 13 
28 21 23 23 29 22 30 21 25 27 20 18 22 24 24 13 0 
