# rmTSP_19_3_20_euklid_101_100.mat
# n=19
# k=3
# a=20
# d="euklid"
# s=101
19
0 1129 1355 1460 1464 789 814 1050 920 1059 1515 1074 833 886 833 1555 1106 869 789 
1129 0 647 2338 1681 1597 1464 226 1890 1015 1237 1471 1865 958 1555 1278 1832 1940 623 
1355 647 0 2279 1505 1951 1542 857 1945 1610 678 1418 2119 814 1428 1432 2010 2161 1165 
1460 2338 2279 0 1216 1974 1890 2305 1518 2451 1953 1050 1147 1491 1374 2000 974 1074 2199 
1464 1681 1505 1216 0 2238 2048 1708 2023 2217 1129 416 1647 814 1545 1054 1116 1672 1860 
789 1597 1951 1974 2238 0 833 1474 915 995 2227 1835 1035 1660 1282 2217 1632 1054 1030 
814 1464 1542 1890 2048 833 0 1460 589 1403 1720 1720 1418 1377 678 2272 1854 1389 1160 
1050 226 857 2305 1708 1474 1460 0 1860 821 1403 1460 1738 1015 1591 1233 1726 1824 463 
920 1890 1945 1518 2023 915 589 1860 0 1741 1964 1684 1156 1545 662 2420 1675 1074 1545 
1059 1015 1610 2451 2217 995 1403 821 1741 0 2107 1865 1532 1574 1778 1752 1790 1629 463 
1515 1237 678 1953 1129 2227 1720 1403 1964 2107 0 1186 2150 728 1328 1505 1930 2164 1647 
1074 1471 1418 1050 416 1835 1720 1460 1684 1865 1186 0 1249 623 1282 1010 789 1282 1532 
833 1865 2119 1147 1647 1035 1418 1738 1156 1532 2150 1249 0 1460 1340 1821 728 143 1460 
886 958 814 1491 814 1660 1377 1015 1545 1574 728 623 1460 0 1035 1078 1249 1495 1152 
833 1555 1428 1374 1545 1282 678 1591 662 1778 1328 1282 1340 1035 0 2053 1578 1286 1432 
1555 1278 1432 2000 1054 2217 2272 1233 2420 1752 1505 1010 1821 1078 2053 0 1313 1919 1505 
1106 1832 2010 974 1116 1632 1854 1726 1675 1790 1930 789 728 1249 1578 1313 0 795 1632 
869 1940 2161 1074 1672 1054 1389 1824 1074 1629 2164 1282 143 1495 1286 1919 795 0 1542 
789 623 1165 2199 1860 1030 1160 463 1545 463 1647 1532 1460 1152 1432 1505 1632 1542 0 
