# rmTSP_15_8_40_manhattan_101_100.mat
# n=15
# k=8
# a=40
# d="manhattan"
# s=101
15
0 16362 15251 13534 12423 14544 13130 9898 12524 15251 15857 11514 14443 9494 11918 
16362 0 8989 9898 9797 8888 8484 9696 10504 9595 6767 11918 10201 12120 11716 
15251 8989 0 13231 6464 8181 9999 12221 7777 5252 8686 8383 8888 10807 5959 
13534 9898 13231 0 9191 12322 9292 9898 9494 9797 8787 14544 9999 6666 11918 
12423 9797 6464 9191 0 11413 9999 10605 7575 7676 9898 9797 7474 10403 9797 
14544 8888 8181 12322 11413 0 13130 7474 9090 8989 7777 9090 15251 8484 11110 
13130 8484 9999 9292 9999 13130 0 11110 8282 11211 8181 12120 7373 12322 9898 
9898 9696 12221 9898 10605 7474 11110 0 10302 9393 9999 8080 11615 7676 14746 
12524 10504 7777 9494 7575 9090 8282 10302 0 9191 5959 9494 11615 9696 8080 
15251 9595 5252 9797 7676 8989 11211 9393 9191 0 8282 7575 7474 8383 10201 
15857 6767 8686 8787 9898 7777 8181 9999 5959 8282 0 11009 12322 9595 9797 
11514 11918 8383 14544 9797 9090 12120 8080 9494 7575 11009 0 9797 9090 9292 
14443 10201 8888 9999 7474 15251 7373 11615 11615 7474 12322 9797 0 8989 9191 
9494 12120 10807 6666 10403 8484 12322 7676 9696 8383 9595 9090 8989 0 8282 
11918 11716 5959 11918 9797 11110 9898 14746 8080 10201 9797 9292 9191 8282 0 
