# rmTSP_14_6_10_manhattan_101_100.mat
# n=14
# k=6
# a=10
# d="manhattan"
# s=101
14
0 1616 1818 1212 2020 1515 2121 2323 2121 1717 2020 2121 2828 1919 
1616 0 2222 1616 1414 1919 2525 2323 1919 1515 2020 2121 2222 2121 
1818 2222 0 2626 2222 1313 1111 1919 1313 3131 2222 1515 2626 1919 
1212 1616 2626 0 2222 1515 1717 1717 1717 505 2222 1919 2020 1515 
2020 1414 2222 2222 0 2323 2525 1919 2727 2727 1414 2929 3232 2929 
1515 1919 1313 1515 2323 0 1414 1010 1010 2020 2121 1010 1717 1616 
2121 2525 1111 1717 2525 1414 0 1414 1616 2222 2323 1818 2929 1616 
2323 2323 1919 1717 1919 1010 1414 0 1414 2222 1313 1212 2323 2222 
2121 1919 1313 1717 2727 1010 1616 1414 0 2222 2323 404 1515 1212 
1717 1515 3131 505 2727 2020 2222 2222 2222 0 2323 2424 1717 2020 
2020 2020 2222 2222 1414 2121 2323 1313 2323 2323 0 2323 2626 3535 
2121 2121 1515 1919 2929 1010 1818 1212 404 2424 2323 0 1515 1414 
2828 2222 2626 2020 3232 1717 2929 2323 1515 1717 2626 1515 0 2323 
1919 2121 1919 1515 2929 1616 1616 2222 1212 2020 3535 1414 2323 0 
