# rmTSP_11_8_80_euklid_101_100.mat
# n=11
# k=8
# a=80
# d="euklid"
# s=101
11
0 5108 10584 8988 2887 10260 11813 8905 6814 9508 9820 
5108 0 10128 9665 6277 11307 11304 8969 6737 9084 5948 
10584 10128 0 9564 11692 10066 5624 11114 10730 11043 7822 
8988 9665 9564 0 9969 11870 11048 9004 8010 8415 10642 
2887 6277 11692 9969 0 9404 12426 8850 7820 8936 10820 
10260 11307 10066 11870 9404 0 10004 10558 11626 10443 11552 
11813 11304 5624 11048 12426 10004 0 9752 10050 9645 8680 
8905 8969 11114 9004 8850 10558 9752 0 7157 4314 10310 
6814 6737 10730 8010 7820 11626 10050 7157 0 6413 8190 
9508 9084 11043 8415 8936 10443 9645 4314 6413 0 9521 
9820 5948 7822 10642 10820 11552 8680 10310 8190 9521 0 
