# rmTSP_20_4_40_euklid_1_100.mat
# n=20
# k=4
# a=40
# d="euklid"
# s=1
20
0 9 38 28 8 23 40 39 21 28 17 32 37 40 31 36 31 36 18 34 
9 0 34 29 15 25 37 35 13 30 13 28 39 40 27 36 24 37 23 30 
38 34 0 24 37 37 26 28 33 30 35 34 31 22 26 26 24 36 34 20 
28 29 24 0 22 30 36 39 35 9 33 32 20 14 33 24 36 35 21 32 
8 15 37 22 0 25 42 41 27 23 23 31 32 35 33 33 34 34 16 35 
23 25 37 30 25 0 25 26 35 32 19 49 32 40 18 31 38 37 12 29 
40 37 26 36 42 25 0 9 40 41 31 53 35 38 11 29 34 38 31 19 
39 35 28 39 41 26 9 0 37 44 29 51 37 41 10 29 30 34 33 14 
21 13 33 35 27 35 40 37 0 37 19 25 47 44 31 42 16 42 34 30 
28 30 30 9 23 32 41 44 37 0 34 35 28 21 37 33 41 43 22 39 
17 13 35 33 23 19 31 29 19 34 0 39 43 44 20 39 28 42 22 30 
32 28 34 32 31 49 53 51 25 35 39 0 45 37 46 41 26 41 43 39 
37 39 31 20 32 32 35 37 47 28 43 45 0 18 35 12 43 24 26 30 
40 40 22 14 35 40 38 41 44 21 44 37 18 0 38 21 39 34 32 32 
31 27 26 33 33 18 11 10 31 37 20 46 35 38 0 29 28 35 24 17 
36 36 26 24 33 31 29 29 42 33 39 41 12 21 29 0 35 15 28 21 
31 24 24 36 34 38 34 30 16 41 28 26 43 39 28 35 0 34 38 20 
36 37 36 35 34 37 38 34 42 43 42 41 24 34 35 15 34 0 34 24 
18 23 34 21 16 12 31 33 34 22 22 43 26 32 24 28 38 34 0 31 
34 30 20 32 35 29 19 14 30 39 30 39 30 32 17 21 20 24 31 0 
