# rmTSP_18_3_80_euklid_101_100.mat
# n=18
# k=3
# a=80
# d="euklid"
# s=101
18
0 3409 7649 3676 5380 2824 5811 4563 5809 6470 5678 7202 6201 4828 8196 2760 7028 4618 
3409 0 7212 6695 3000 3871 5455 4731 4212 6143 3920 8987 3721 6725 8129 4755 5099 5944 
7649 7212 0 7450 5436 5088 2736 5570 8724 2020 7868 5492 7245 4949 1216 10369 3766 7424 
3676 6695 7450 0 7766 3609 6030 5790 8263 6645 8008 4833 8644 2710 7456 5478 8412 4524 
5380 3000 5436 7766 0 4625 4790 3672 6243 4229 5607 8313 4651 6826 6575 7382 3598 7562 
2824 3871 5088 3609 4625 0 3060 4281 5519 4391 5008 5718 5277 2977 5537 5447 4919 3518 
5811 5455 2736 6030 4790 3060 0 5513 6215 3291 5402 6069 5122 4016 3186 8368 2910 4857 
4563 4731 5570 5790 3672 4281 5513 0 8475 3615 7941 5692 7533 5124 6372 6855 6094 7765 
5809 4212 8724 8263 6243 5519 6215 8475 0 8582 909 11176 2281 8273 9376 6403 5881 4935 
6470 6143 2020 6645 4229 4391 3291 3615 8582 0 7795 4895 7172 4509 2915 9179 4127 7462 
5678 3920 7868 8008 5607 5008 5402 7941 909 7795 0 10584 1555 7749 8538 6658 4984 4757 
7202 8987 5492 4833 8313 5718 6069 5692 11176 4895 10584 0 10606 3120 5098 9655 8427 7830 
6201 3721 7245 8644 4651 5277 5122 7533 2281 7172 1555 10606 0 8027 8062 7466 3909 5841 
4828 6725 4949 2710 6826 2977 4016 5124 8273 4509 7749 3120 8027 0 4799 7332 6688 4727 
8196 8129 1216 7456 6575 5537 3186 6372 9376 2915 8538 5098 8062 4799 0 10928 4738 7505 
2760 4755 10369 5478 7382 5447 8368 6855 6403 9179 6658 9655 7466 7332 10928 0 9295 6019 
7028 5099 3766 8412 3598 4919 2910 6094 5881 4127 4984 8427 3909 6688 4738 9295 0 6824 
4618 5944 7424 4524 7562 3518 4857 7765 4935 7462 4757 7830 5841 4727 7505 6019 6824 0 
