# rmTSP_17_3_40_manhattan_1_100.mat
# n=17
# k=3
# a=40
# d="manhattan"
# s=1
17
0 72 54 64 54 19 46 75 51 67 89 16 45 39 15 31 58 
72 0 50 52 90 73 26 63 21 65 21 68 31 33 67 41 24 
54 50 0 26 66 65 42 87 39 79 43 52 73 37 65 37 26 
64 52 26 0 40 65 42 61 35 57 31 60 67 31 59 33 28 
54 90 66 40 0 39 80 31 73 29 69 38 59 61 39 55 66 
19 73 65 65 39 0 53 56 52 48 90 13 46 40 10 32 59 
46 26 42 42 80 53 0 85 9 77 43 58 51 19 43 29 16 
75 63 87 61 31 56 85 0 76 8 44 59 34 78 60 76 75 
51 21 39 35 73 52 9 76 0 68 38 51 42 12 46 22 13 
67 65 79 57 29 48 77 8 68 0 44 51 34 70 52 68 67 
89 21 43 31 69 90 43 44 38 44 0 85 44 50 84 58 31 
16 68 52 60 38 13 58 59 51 51 85 0 41 39 15 29 54 
45 31 73 67 59 46 51 34 42 34 44 41 0 44 40 42 47 
39 33 37 31 61 40 19 78 12 70 50 39 44 0 34 10 19 
15 67 65 59 39 10 43 60 46 52 84 15 40 34 0 28 53 
31 41 37 33 55 32 29 76 22 68 58 29 42 10 28 0 27 
58 24 26 28 66 59 16 75 13 67 31 54 47 19 53 27 0 
