# rmTSP_11_3_10_euklid_101_100.mat
# n=11
# k=3
# a=10
# d="euklid"
# s=101
11
0 463 845 685 821 463 606 416 580 707 378 
463 0 1045 303 647 429 839 515 742 515 776 
845 1045 0 1059 821 1015 589 1015 416 735 571 
685 303 1059 0 429 463 845 598 839 440 937 
821 647 821 429 0 598 655 707 776 416 915 
463 429 1015 463 598 0 580 143 857 714 735 
606 839 589 845 655 580 0 544 678 789 515 
416 515 1015 598 707 143 544 0 869 808 678 
580 742 416 839 776 857 678 869 0 515 416 
707 515 735 440 416 714 789 808 515 0 789 
378 776 571 937 915 735 515 678 416 789 0 
