# rmTSP_11_4_40_manhattan_1_100.mat
# n=11
# k=4
# a=40
# d="manhattan"
# s=1
11
0 34 88 78 46 61 51 63 51 86 63 
34 0 64 56 72 77 75 61 77 62 63 
88 64 0 26 58 53 87 39 69 12 69 
78 56 26 0 64 39 77 37 83 20 45 
46 72 58 64 0 59 53 29 35 62 81 
61 77 53 39 59 0 46 58 58 47 32 
51 75 87 77 53 46 0 54 74 85 46 
63 61 39 37 29 58 54 0 62 37 80 
51 77 69 83 35 58 74 62 0 81 86 
86 62 12 20 62 47 85 37 81 0 65 
63 63 69 45 81 32 46 80 86 65 0 
