# rmTSP_10_3_10_maximum_101_100.mat
# n=10
# k=3
# a=10
# d="maximum"
# s=101
10
0 606 404 606 505 606 707 505 303 202 
606 0 404 303 505 505 606 808 707 808 
404 404 0 505 101 202 303 404 606 505 
606 303 505 0 606 707 808 808 404 808 
505 505 101 606 0 202 202 303 707 606 
606 505 202 707 202 0 303 505 808 707 
707 606 303 808 202 303 0 303 909 808 
505 808 404 808 303 505 303 0 707 606 
303 707 606 404 707 808 909 707 0 505 
202 808 505 808 606 707 808 606 505 0 
