# rmTSP_19_4_40_euklid_101_100.mat
# n=19
# k=4
# a=40
# d="euklid"
# s=101
19
0 2867 1732 3377 2292 4473 4197 3649 3230 4110 4194 3316 2632 4391 2762 3555 1653 3478 3858 
2867 0 4546 4577 2786 5330 5579 4590 3230 4335 5669 4181 4697 6035 3365 4883 3814 4942 4522 
1732 4546 0 3481 3305 4570 4011 3973 4291 4622 4068 3551 2252 4053 3776 3931 2152 3602 4484 
3377 4577 3481 0 2565 3615 4293 4156 3794 3611 3956 3301 2336 3120 3672 3234 4705 3795 4656 
2292 2786 3305 2565 0 2773 3191 2386 1478 2201 3078 2111 2227 3284 1687 2871 3290 2529 2657 
4473 5330 4570 3615 2773 0 1525 1690 2835 1328 1860 1787 2595 2247 3370 3956 4947 2327 2788 
4197 5579 4011 4293 3191 1525 0 1229 3142 2327 1389 2067 2424 2409 3397 4063 4195 1843 2478 
3649 4590 3973 4156 2386 1690 1229 0 2010 1865 1625 1908 2499 2775 2409 3594 3679 1481 1478 
3230 3230 4291 3794 1478 2835 3142 2010 0 2345 2851 2783 3037 3500 1083 2875 3632 2215 1571 
4110 4335 4622 3611 2201 1328 2327 1865 2345 0 2821 1332 3015 3279 3162 4274 4784 2889 2876 
4194 5669 4068 3956 3078 1860 1389 1625 2851 2821 0 2846 2150 1450 2821 2950 4184 958 2053 
3316 4181 3551 3301 2111 1787 2067 1908 2783 1332 2846 0 2345 3248 3285 4315 4007 2835 3189 
2632 4697 2252 2336 2227 2595 2424 2499 3037 3015 2150 2345 0 1898 2746 2653 3215 1951 3146 
4391 6035 4053 3120 3284 2247 2409 2775 3500 3279 1450 3248 1898 0 3347 2666 4744 1932 3202 
2762 3365 3776 3672 1687 3370 3397 2409 1083 3162 2821 3285 2746 3347 0 2067 3003 1964 1687 
3555 4883 3931 3234 2871 3956 4063 3594 2875 4274 2950 4315 2653 2666 2067 0 3887 2371 3030 
1653 3814 2152 4705 3290 4947 4195 3679 3632 4784 4184 4007 3215 4744 3003 3887 0 3395 3637 
3478 4942 3602 3795 2529 2327 1843 1481 2215 2889 958 2835 1951 1932 1964 2371 3395 0 1453 
3858 4522 4484 4656 2657 2788 2478 1478 1571 2876 2053 3189 3146 3202 1687 3030 3637 1453 0 
