# rmTSP_10_2_20_euklid_101_100.mat
# n=10
# k=2
# a=20
# d="euklid"
# s=101
10
0 814 714 1435 286 1278 1293 1518 589 1744 
814 0 226 1054 678 1374 1111 1854 1374 2131 
714 226 0 903 515 1152 915 1629 1229 1906 
1435 1054 903 0 1152 769 319 1355 1726 1629 
286 678 515 1152 0 1030 1010 1348 714 1597 
1278 1374 1152 769 1030 0 452 589 1286 869 
1293 1111 915 319 1010 452 0 1040 1491 1317 
1518 1854 1629 1355 1348 589 1040 0 1278 286 
589 1374 1229 1726 714 1286 1491 1278 0 1428 
1744 2131 1906 1629 1597 869 1317 286 1428 0 
