# rmTSP_14_2_20_euklid_1_100.mat
# n=14
# k=2
# a=20
# d="euklid"
# s=1
14
0 8 14 15 8 17 19 16 16 3 11 7 10 10 
8 0 17 7 9 18 20 12 9 11 11 6 4 10 
14 17 0 19 8 4 7 13 20 12 7 11 15 8 
15 7 19 0 12 19 19 9 2 17 13 9 5 12 
8 9 8 12 0 9 12 9 13 7 3 3 7 2 
17 18 4 19 9 0 3 11 19 15 7 12 15 8 
19 20 7 19 12 3 0 10 19 18 9 14 16 10 
16 12 13 9 9 11 10 0 9 16 7 9 8 7 
16 9 20 2 13 19 19 9 0 18 14 11 7 13 
3 11 12 17 7 15 18 16 18 0 10 8 12 9 
11 11 7 13 3 7 9 7 14 10 0 5 8 1 
7 6 11 9 3 12 14 9 11 8 5 0 4 4 
10 4 15 5 7 15 16 8 7 12 8 4 0 7 
10 10 8 12 2 8 10 7 13 9 1 4 7 0 
