# rmTSP_15_2_80_maximum_1_100.mat
# n=15
# k=2
# a=80
# d="maximum"
# s=1
15
0 54 39 55 20 46 52 46 55 56 45 44 23 51 59 
54 0 21 21 34 59 38 52 24 59 9 61 32 54 30 
39 21 0 16 19 44 17 37 16 38 29 46 17 33 20 
55 21 16 0 35 60 17 53 3 38 29 62 33 38 9 
20 34 19 35 0 30 32 30 35 40 27 28 7 35 39 
46 59 44 60 30 0 57 7 60 22 57 2 27 22 64 
52 38 17 17 32 57 0 50 14 35 46 59 30 35 8 
46 52 37 53 30 7 50 0 53 15 57 9 23 15 57 
55 24 16 3 35 60 14 53 0 38 32 62 33 38 6 
56 59 38 38 40 22 35 15 38 0 67 24 33 5 42 
45 9 29 29 27 57 46 57 32 67 0 55 34 62 38 
44 61 46 62 28 2 59 9 62 24 55 0 29 24 66 
23 32 17 33 7 27 30 23 33 33 34 29 0 28 37 
51 54 33 38 35 22 35 15 38 5 62 24 28 0 42 
59 30 20 9 39 64 8 57 6 42 38 66 37 42 0 
