# rmTSP_10_2_10_manhattan_101_100.mat
# n=10
# k=2
# a=10
# d="manhattan"
# s=101
10
0 707 202 707 606 909 303 707 505 1010 
707 0 505 404 303 202 606 606 808 707 
202 505 0 505 606 707 303 707 505 1010 
707 404 505 0 707 404 606 808 808 1111 
606 303 606 707 0 303 505 505 707 404 
909 202 707 404 303 0 808 808 1010 707 
303 606 303 606 505 808 0 404 202 707 
707 606 707 808 505 808 404 0 202 303 
505 808 505 808 707 1010 202 202 0 505 
1010 707 1010 1111 404 707 707 303 505 0 
