# rmTSP_10_4_40_maximum_1_100.mat
# n=10
# k=4
# a=40
# d="maximum"
# s=1
10
0 6 23 14 23 10 14 7 22 21 
6 0 20 10 28 13 14 12 20 26 
23 20 0 18 25 25 18 19 17 23 
14 10 18 0 25 21 11 18 17 28 
23 28 25 25 0 23 25 16 33 11 
10 13 25 21 23 0 21 9 29 27 
14 14 18 11 25 21 0 16 11 28 
7 12 19 18 16 9 16 0 24 24 
22 20 17 17 33 29 11 24 0 36 
21 26 23 28 11 27 28 24 36 0 
