# rmTSP_10_3_10_euklid_101_100.mat
# n=10
# k=3
# a=10
# d="euklid"
# s=101
10
0 678 378 416 728 1030 1249 742 606 589 
678 0 544 452 707 647 742 678 678 364 
378 544 0 416 937 1097 1233 903 623 515 
416 452 416 0 614 789 1116 814 814 614 
728 707 937 614 0 452 909 553 947 795 
1030 647 1097 789 452 0 614 685 1088 845 
1249 742 1233 1116 909 614 0 678 974 776 
742 678 903 814 553 685 678 0 553 515 
606 678 623 814 947 1088 974 553 0 319 
589 364 515 614 795 845 776 515 319 0 
