# rmTSP_12_8_10_manhattan_101_100.mat
# n=12
# k=8
# a=10
# d="manhattan"
# s=101
12
0 2323 2121 2020 2424 3636 3333 3232 2828 3030 2323 2323 
2323 0 3030 2323 3131 3535 3434 3131 3535 2727 4040 2626 
2121 3030 0 2727 909 2121 1818 2323 2727 3535 2020 2020 
2020 2323 2727 0 2626 2828 2727 3030 3030 3232 2929 2525 
2424 3131 909 2626 0 2020 1313 3030 2020 3636 2727 2525 
3636 3535 2121 2828 2020 0 1919 3636 2828 3434 2727 3333 
3333 3434 1818 2727 1313 1919 0 3737 1919 3535 2626 3434 
3232 3131 2323 3030 3030 3636 3737 0 4242 2626 2323 1717 
2828 3535 2727 3030 2020 2828 1919 4242 0 3434 2929 3131 
3030 2727 3535 3232 3636 3434 3535 2626 3434 0 2727 2323 
2323 4040 2020 2929 2727 2727 2626 2323 2929 2727 0 2626 
2323 2626 2020 2525 2525 3333 3434 1717 3131 2323 2626 0 
