# rmTSP_10_3_80_maximum_101_100.mat
# n=10
# k=3
# a=80
# d="maximum"
# s=101
10
0 5656 6767 6868 2020 3737 1212 5555 3030 1414 
5656 0 5757 5858 3636 5757 6464 7070 5050 6060 
6767 5757 0 4646 4949 5555 6161 6868 6767 6262 
6868 5858 4646 0 5050 3333 6262 4141 6868 6363 
2020 3636 4949 5050 0 3434 2828 4747 2727 2424 
3737 5757 5555 3333 3434 0 4949 4646 3535 5151 
1212 6464 6161 6262 2828 4949 0 6363 4242 404 
5555 7070 6868 4141 4747 4646 6363 0 5252 6464 
3030 5050 6767 6868 2727 3535 4242 5252 0 4444 
1414 6060 6262 6363 2424 5151 404 6464 4444 0 
