# rmTSP_12_2_20_maximum_1_100.mat
# n=12
# k=2
# a=20
# d="maximum"
# s=1
12
0 10 9 10 2 3 4 4 15 10 15 8 
10 0 12 13 8 11 12 8 18 3 18 12 
9 12 0 5 9 6 5 5 6 9 6 4 
10 13 5 0 10 7 6 6 9 13 5 2 
2 8 9 10 0 3 4 4 15 8 15 8 
3 11 6 7 3 0 1 3 12 11 12 5 
4 12 5 6 4 1 0 4 11 12 11 4 
4 8 5 6 4 3 4 0 11 8 11 4 
15 18 6 9 15 12 11 11 0 15 6 8 
10 3 9 13 8 11 12 8 15 0 15 12 
15 18 6 5 15 12 11 11 6 15 0 7 
8 12 4 2 8 5 4 4 8 12 7 0 
