# rmTSP_10_3_80_euklid_1_100.mat
# n=10
# k=3
# a=80
# d="euklid"
# s=1
10
0 41 55 32 14 58 46 32 22 31 
41 0 53 69 52 59 43 69 59 67 
55 53 0 63 68 45 36 58 71 73 
32 69 63 0 29 58 67 11 21 17 
14 52 68 29 0 67 58 32 12 24 
58 59 45 58 67 0 71 60 64 61 
46 43 36 67 58 71 0 60 66 74 
32 69 58 11 32 60 60 0 28 27 
22 59 71 21 12 64 66 28 0 12 
31 67 73 17 24 61 74 27 12 0 
