# rmTSP_14_8_20_manhattan_101_100.mat
# n=14
# k=8
# a=20
# d="manhattan"
# s=101
14
0 7373 6666 4242 5252 4444 2626 6666 4747 4949 3838 6969 4444 5353 
7373 0 5757 4343 6161 6363 5959 3737 7070 5656 7373 4242 6767 7070 
6666 5757 0 5050 6868 6868 5050 4646 5353 8181 3636 7171 8484 5959 
4242 4343 5050 0 4242 4646 5050 3232 4747 6161 4040 7373 7070 5353 
5252 6161 6868 4242 0 3030 6262 3838 3939 4949 4444 7575 5454 3333 
4444 6363 6868 4646 3030 0 5252 4242 2727 4949 3232 6161 4848 5353 
2626 5959 5050 5050 6262 5252 0 5252 6363 4949 4848 5959 5050 6363 
6666 3737 4646 3232 3838 4242 5252 0 4545 6565 5858 6969 7070 5555 
4747 7070 5353 4747 3939 2727 6363 4545 0 5454 3333 6666 5353 4646 
4949 5656 8181 6161 4949 4949 4949 6565 5454 0 6565 4646 3131 6464 
3838 7373 3636 4040 4444 3232 4848 5858 3333 6565 0 7575 6666 4747 
6969 4242 7171 7373 7575 6161 5959 6969 6666 4646 7575 0 4343 8686 
4444 6767 8484 7070 5454 4848 5050 7070 5353 3131 6666 4343 0 7373 
5353 7070 5959 5353 3333 5353 6363 5555 4646 6464 4747 8686 7373 0 
