# rmTSP_13_4_80_manhattan_101_100.mat
# n=13
# k=4
# a=80
# d="manhattan"
# s=101
13
0 13332 11009 11615 11110 10100 6868 15453 14342 9898 12019 14948 19089 
13332 0 8989 11817 10302 18584 12726 12019 12120 10100 15251 12120 15453 
11009 8989 0 11110 3737 17877 6363 6464 10201 8989 8282 9797 11514 
11615 11817 11110 0 7373 8181 9191 11514 4545 4343 9292 13231 7474 
11110 10302 3737 7373 0 14140 5252 5959 6666 5252 5757 9696 9393 
10100 18584 17877 8181 14140 0 13130 13837 7676 8888 11413 15554 11211 
6868 12726 6363 9191 5252 13130 0 9595 10504 7474 6161 10706 13231 
15453 12019 6464 11514 5959 13837 9595 0 6969 7171 3434 3737 6060 
14342 12120 10201 4545 6666 7676 10504 6969 0 4444 6969 8686 4747 
9898 10100 8989 4343 5252 8888 7474 7171 4444 0 5353 8888 9191 
12019 15251 8282 9292 5757 11413 6161 3434 6969 5353 0 6161 7676 
14948 12120 9797 13231 9696 15554 10706 3737 8686 8888 6161 0 7575 
19089 15453 11514 7474 9393 11211 13231 6060 4747 9191 7676 7575 0 
