# rmTSP_19_2_40_euklid_1_100.mat
# n=19
# k=2
# a=40
# d="euklid"
# s=1
19
0 16 12 22 20 17 6 26 23 7 23 2 16 7 11 11 14 12 13 
16 0 28 7 33 3 19 29 25 14 14 18 20 19 27 14 29 23 23 
12 28 0 34 18 29 10 31 29 17 34 10 20 11 3 21 9 16 14 
22 7 34 0 36 5 26 29 25 18 10 24 27 26 33 16 34 26 30 
20 33 18 36 0 32 24 18 18 19 31 18 35 25 21 20 9 10 31 
17 3 29 5 32 0 21 27 23 13 11 19 23 21 28 13 29 22 25 
6 19 10 26 24 21 0 32 29 13 29 7 11 1 8 17 16 18 7 
26 29 31 29 18 27 32 0 4 20 20 25 41 33 33 17 24 15 39 
23 25 29 25 18 23 29 4 0 17 16 22 38 30 31 13 23 13 36 
7 14 17 18 19 13 13 20 17 0 17 7 21 14 17 4 16 9 20 
23 14 34 10 31 11 29 20 16 17 0 24 33 29 34 13 31 22 35 
2 18 10 24 18 19 7 25 22 7 24 0 17 8 10 11 12 11 14 
16 20 20 27 35 23 11 41 38 21 33 17 0 10 17 25 27 28 6 
7 19 11 26 25 21 1 33 30 14 29 8 10 0 8 18 17 19 6 
11 27 3 33 21 28 8 33 31 17 34 10 17 8 0 21 12 18 11 
11 14 21 16 20 13 17 17 13 4 13 11 25 18 21 0 18 10 24 
14 29 9 34 9 29 16 24 23 16 31 12 27 17 12 18 0 10 22 
12 23 16 26 10 22 18 15 13 9 22 11 28 19 18 10 10 0 25 
13 23 14 30 31 25 7 39 36 20 35 14 6 6 11 24 22 25 0 
