# rmTSP_13_4_40_maximum_101_100.mat
# n=13
# k=4
# a=40
# d="maximum"
# s=101
13
0 2727 3131 3535 606 1818 2121 2727 1414 3434 2828 2626 1212 
2727 0 2323 2929 2727 3737 3333 1515 2727 2424 2626 3838 3636 
3131 2323 0 2323 2525 1616 2020 1717 3232 2020 909 1515 2222 
3535 2929 2323 0 2929 1818 2424 1414 3636 1818 2121 2222 2929 
606 2727 2525 2929 0 1212 1919 2121 808 2828 2222 2020 1818 
1818 3737 1616 1818 1212 0 1111 3131 1919 3434 1616 1515 2222 
2121 3333 2020 2424 1919 1111 0 2424 2222 2323 2727 2424 2727 
2727 1515 1717 1414 2121 3131 2424 0 2828 1515 2020 3232 3030 
1414 2727 3232 3636 808 1919 2222 2828 0 3535 2929 2727 2626 
3434 2424 2020 1818 2828 3434 2323 1515 3535 0 2323 3535 3333 
2828 2626 909 2121 2222 1616 2727 2020 2929 2323 0 1212 1919 
2626 3838 1515 2222 2020 1515 2424 3232 2727 3535 1212 0 1717 
1212 3636 2222 2929 1818 2222 2727 3030 2626 3333 1919 1717 0 
