# rmTSP_10_3_40_maximum_101_100.mat
# n=10
# k=3
# a=40
# d="maximum"
# s=101
10
0 2020 2929 2424 2828 2222 2929 3030 606 1212 
2020 0 1919 1414 1717 2323 2424 1313 1717 1717 
2929 1919 0 3232 1313 1515 3535 2929 3535 3535 
2424 1414 3232 0 3131 2727 2222 2727 2121 1212 
2828 1717 1313 3131 0 1414 3434 2525 3434 3434 
2222 2323 1515 2727 1414 0 2020 3333 2626 2323 
2929 2424 3535 2222 3434 2020 0 3030 3333 3030 
3030 1313 2929 2727 2525 3333 3030 0 3030 3030 
606 1717 3535 2121 3434 2626 3333 3030 0 909 
1212 1717 3535 1212 3434 2323 3030 3030 909 0 
