# rmTSP_10_6_80_manhattan_101_100.mat
# n=10
# k=6
# a=80
# d="manhattan"
# s=101
10
0 15352 13534 15958 19796 16463 19089 28684 21210 12928 
15352 0 16766 18382 9696 18685 13837 20604 13130 14948 
13534 16766 0 23634 20402 15857 20503 26664 24442 13938 
15958 18382 23634 0 9898 16867 16463 13130 11918 11918 
19796 9696 20402 9898 0 19695 14847 13736 10706 12322 
16463 18685 15857 16867 19695 0 23230 19089 13635 13231 
19089 13837 20503 16463 14847 23230 0 14645 11413 17877 
28684 20604 26664 13130 13736 19089 14645 0 10706 20806 
21210 13130 24442 11918 10706 13635 11413 10706 0 13736 
12928 14948 13938 11918 12322 13231 17877 20806 13736 0 
