# rmTSP_14_8_40_maximum_1_100.mat
# n=14
# k=8
# a=40
# d="maximum"
# s=1
14
0 29 33 28 28 31 24 27 22 32 18 25 22 31 
29 0 36 32 32 33 21 33 30 32 21 29 26 32 
33 36 0 30 30 36 28 34 33 28 35 37 29 37 
28 32 30 0 21 17 19 28 16 27 27 23 15 23 
28 32 30 21 0 23 13 29 19 29 27 17 13 28 
31 33 36 17 23 0 28 29 19 36 22 26 20 24 
24 21 28 19 13 28 0 24 25 23 14 21 21 26 
27 33 34 28 29 29 24 0 25 37 26 20 23 23 
22 30 33 16 19 19 25 25 0 33 23 25 20 25 
32 32 28 27 29 36 23 37 33 0 25 30 29 21 
18 21 35 27 27 22 14 26 23 25 0 24 24 14 
25 29 37 23 17 26 21 20 25 30 24 0 26 26 
22 26 29 15 13 20 21 23 20 29 24 26 0 26 
31 32 37 23 28 24 26 23 25 21 14 26 26 0 
