# rmTSP_15_8_40_euklid_101_100.mat
# n=15
# k=8
# a=40
# d="euklid"
# s=101
15
0 4441 3811 4848 4560 3095 5634 4680 5271 6271 3401 5175 5268 4560 6224 
4441 0 3345 3532 3980 3697 2451 4973 4781 5384 3252 5302 3668 3421 5731 
3811 3345 0 4831 2638 3606 4694 5431 4593 6384 3013 4862 4299 5828 7165 
4848 3532 4831 0 4083 3690 4264 3663 3886 5143 2906 3990 3110 4125 4916 
4560 3980 2638 4083 0 4034 4685 4229 3953 5626 3588 3679 3446 6163 6217 
3095 3697 3606 3690 4034 0 4843 3017 3871 4884 2102 3878 4312 4781 4896 
5634 2451 4694 4264 4685 4843 0 5451 6006 5286 4979 6219 4127 4419 5202 
4680 4973 5431 3663 4229 3017 5451 0 3491 3619 3975 2781 4768 5546 3245 
5271 4781 4593 3886 3953 3871 6006 3491 0 4267 3528 1574 5622 6290 5562 
6271 5384 6384 5143 5626 4884 5286 3619 4267 0 5553 3830 6363 5976 2511 
3401 3252 3013 2906 3588 2102 4979 3975 3528 5553 0 3772 3571 4419 5902 
5175 5302 4862 3990 3679 3878 6219 2781 1574 3830 3772 0 5357 6465 4934 
5268 3668 4299 3110 3446 4312 4127 4768 5622 6363 3571 5357 0 4801 5991 
4560 3421 5828 4125 6163 4781 4419 5546 6290 5976 4419 6465 4801 0 5503 
6224 5731 7165 4916 6217 4896 5202 3245 5562 2511 5902 4934 5991 5503 0 
