# rmTSP_11_6_20_euklid_1_100.mat
# n=11
# k=6
# a=20
# d="euklid"
# s=1
11
0 28 21 23 21 25 27 21 24 31 27 
28 0 25 18 27 21 25 18 26 19 21 
21 25 0 16 18 20 14 26 24 21 19 
23 18 16 0 20 19 13 13 17 11 17 
21 27 18 20 0 12 27 24 15 21 19 
25 21 20 19 12 0 27 22 20 20 16 
27 25 14 13 27 27 0 23 28 20 24 
21 18 26 13 24 22 23 0 21 20 24 
24 26 24 17 15 20 28 21 0 18 17 
31 19 21 11 21 20 20 20 18 0 21 
27 21 19 17 19 16 24 24 17 21 0 
