# rmTSP_10_3_80_maximum_1_100.mat
# n=10
# k=3
# a=80
# d="maximum"
# s=1
10
0 18 71 35 14 63 35 65 67 61 
18 0 66 21 24 58 31 60 62 56 
71 66 0 53 63 40 74 42 45 31 
35 21 53 0 33 37 29 39 43 35 
14 24 63 33 0 55 33 57 59 53 
63 58 40 37 55 0 66 33 36 13 
35 31 74 29 33 66 0 68 70 64 
65 60 42 39 57 33 68 0 9 46 
67 62 45 43 59 36 70 9 0 49 
61 56 31 35 53 13 64 46 49 0 
