# rmTSP_20_6_80_euklid_1_100.mat
# n=20
# k=6
# a=80
# d="euklid"
# s=1
20
0 75 36 95 75 97 77 85 99 46 90 56 48 84 64 89 72 42 56 41 
75 0 76 99 57 101 97 92 117 107 101 72 90 58 96 117 89 92 76 89 
36 76 0 92 72 80 55 58 69 59 78 31 68 82 44 71 86 54 52 50 
95 99 92 0 76 99 83 83 110 87 74 95 88 89 108 87 80 118 102 77 
75 57 72 76 0 57 62 61 94 90 100 68 94 16 71 89 60 78 93 90 
97 101 80 99 57 0 35 39 81 95 116 66 113 58 61 88 86 86 106 114 
77 97 55 83 62 35 0 26 63 72 96 47 94 70 47 69 85 75 85 86 
85 92 58 83 61 39 26 0 52 88 81 47 103 69 49 61 88 89 90 92 
99 117 69 110 94 81 63 52 0 110 85 75 131 103 53 44 117 105 114 101 
46 107 59 87 90 95 72 88 110 0 101 71 43 100 78 94 73 57 70 53 
90 101 78 74 100 116 96 81 85 101 0 86 100 112 95 64 98 122 100 74 
56 72 31 95 68 66 47 47 75 71 86 0 75 74 51 84 91 65 49 72 
48 90 68 88 94 113 94 103 131 43 100 75 0 102 101 117 80 73 51 52 
84 58 82 89 16 58 70 69 103 100 112 74 102 0 78 101 65 82 100 103 
64 96 44 108 71 61 47 49 53 78 95 51 101 78 0 59 84 57 92 86 
89 117 71 87 89 88 69 61 44 94 64 84 117 101 59 0 92 103 117 86 
72 89 86 80 60 86 85 88 117 73 98 91 80 65 84 92 0 77 108 88 
42 92 54 118 78 86 75 89 105 57 122 65 73 82 57 103 77 0 78 78 
56 76 52 102 93 106 85 90 114 70 100 49 51 100 92 117 108 78 0 60 
41 89 50 77 90 114 86 92 101 53 74 72 52 103 86 86 88 78 60 0 
