# rmTSP_20_4_80_euklid_101_100.mat
# n=20
# k=4
# a=80
# d="euklid"
# s=101
20
0 4116 7817 3455 2294 6185 7855 9619 9997 4829 7016 6750 4807 8046 6242 6063 9194 4046 4556 6192 
4116 0 6960 1650 4832 4415 7290 9021 8373 6773 5177 7425 2668 5677 5675 6622 8147 4396 3611 6594 
7817 6960 0 7002 6208 7605 6136 2367 3080 5371 3226 4955 7726 6996 7637 6251 4393 4411 8453 4593 
3455 1650 7002 0 4032 4043 8123 8868 8342 5919 5388 7450 3357 6962 4731 6949 7712 4303 4034 6631 
2294 4832 6208 4032 0 6713 7682 7702 8381 3310 5715 5988 5959 8384 6394 6036 7967 3382 6025 5501 
6185 4415 7605 4043 6713 0 8079 9489 8705 6664 7217 7062 3268 6609 2171 6686 6273 5143 3823 6244 
7855 7290 6136 8123 7682 8079 0 8194 8761 7399 7345 3872 6442 3704 8966 2883 8378 4799 6555 3797 
9619 9021 2367 8868 7702 9489 8194 0 2581 6531 4574 6671 9975 9253 9192 8310 4914 6511 10705 6498 
9997 8373 3080 8342 8381 8705 8761 2581 0 7683 3819 7807 9454 8757 8718 9093 4465 7017 10426 7390 
4829 6773 5371 5919 3310 6664 7399 6531 7683 0 6511 4226 7008 8839 5661 5300 6043 3281 6995 3974 
7016 5177 3226 5388 5715 7217 7345 4574 3819 6511 0 7056 6901 6896 7685 7568 6097 4957 7893 6432 
6750 7425 4955 7450 5988 7062 3872 6671 7807 4226 7056 0 6695 6341 6968 2215 6171 3235 6649 886 
4807 2668 7726 3357 5959 3268 6442 9975 9454 7008 6901 6695 0 4699 4941 5461 8159 4409 1325 5890 
8046 5677 6996 6962 8384 6609 3704 9253 8757 8839 6896 6341 4699 0 8251 5124 8536 5630 5305 5783 
6242 5675 7637 4731 6394 2171 8966 9192 8718 5661 7685 6968 4941 8251 0 7093 5651 5311 5188 6254 
6063 6622 6251 6949 6036 6686 2883 8310 9093 5300 7568 2215 5461 5124 7093 0 7627 3262 5187 2085 
9194 8147 4393 7712 7967 6273 8378 4914 4465 6043 6097 6171 8159 8536 5651 7627 0 5993 8837 5738 
4046 4396 4411 4303 3382 5143 4799 6511 7017 3281 4957 3235 4409 5630 5311 3262 5993 0 4639 2492 
4556 3611 8453 4034 6025 3823 6555 10705 10426 6995 7893 6649 1325 5305 5188 5187 8837 4639 0 5930 
6192 6594 4593 6631 5501 6244 3797 6498 7390 3974 6432 886 5890 5783 6254 2085 5738 2492 5930 0 
