# rmTSP_14_8_10_euklid_101_100.mat
# n=14
# k=8
# a=10
# d="euklid"
# s=101
14
0 1293 756 915 1450 1195 782 1010 795 1178 714 1120 1129 1220 
1293 0 1332 979 1355 1478 1195 1088 1332 728 1116 776 1015 1471 
756 1332 0 903 1237 1392 808 1309 1125 1293 1134 1147 875 1059 
915 979 903 0 1377 1421 1134 1160 1212 1000 1116 1199 920 969 
1450 1355 1237 1377 0 1106 1450 1195 1690 1385 1212 1625 1208 1414 
1195 1478 1392 1421 1106 0 1134 1253 1125 1186 1160 1607 1403 1450 
782 1195 808 1134 1450 1134 0 1325 857 958 1178 931 1111 1340 
1010 1088 1309 1160 1195 1253 1325 0 1414 1363 515 1138 1035 1152 
795 1332 1125 1212 1690 1125 857 1414 0 1143 1125 1191 1249 1532 
1178 728 1293 1000 1385 1186 958 1363 1143 0 1229 1102 1351 1616 
714 1116 1134 1116 1212 1160 1178 515 1125 1229 0 1102 1138 1309 
1120 776 1147 1199 1625 1607 931 1138 1191 1102 1102 0 947 1381 
1129 1015 875 920 1208 1403 1111 1035 1249 1351 1138 947 0 776 
1220 1471 1059 969 1414 1450 1340 1152 1532 1616 1309 1381 776 0 
