# rmTSP_12_3_20_manhattan_101_100.mat
# n=12
# k=3
# a=20
# d="manhattan"
# s=101
12
0 2020 2828 909 606 2323 3131 3232 2525 404 2929 1515 
2020 0 1818 2727 2222 707 1919 2626 1515 2424 1515 2121 
2828 1818 0 2929 3030 2525 2929 3636 303 2626 2525 3939 
909 2727 2929 0 505 3030 3838 3535 2828 707 3636 2222 
606 2222 3030 505 0 2525 3333 3030 2727 1010 3131 1717 
2323 707 2525 3030 2525 0 1616 2121 2222 2727 1010 1414 
3131 1919 2929 3838 3333 1616 0 909 2626 3535 808 2424 
3232 2626 3636 3535 3030 2121 909 0 3333 3636 1111 1919 
2525 1515 303 2828 2727 2222 2626 3333 0 2525 2222 3636 
404 2424 2626 707 1010 2727 3535 3636 2525 0 3333 1919 
2929 1515 2525 3636 3131 1010 808 1111 2222 3333 0 1818 
1515 2121 3939 2222 1717 1414 2424 1919 3636 1919 1818 0 
