# rmTSP_14_3_80_manhattan_101_100.mat
# n=14
# k=3
# a=80
# d="manhattan"
# s=101
14
0 10706 6262 6767 10908 5555 6060 6161 4040 6767 9393 14746 3535 11009 
10706 0 11918 8585 15958 10201 7474 16059 10302 13837 3333 8484 8585 11413 
6262 11918 0 9191 10100 10605 11110 4141 3838 3939 10605 8888 4949 5151 
6767 8585 9191 0 7373 4242 2323 9090 5555 8080 7272 8787 10302 13534 
10908 15958 10100 7373 0 5757 9696 7979 9696 6161 14645 8080 14443 10403 
5555 10201 10605 4242 5757 0 3939 10504 6767 9494 8888 13029 9090 14948 
6060 7474 11110 2323 9696 3939 0 11009 7272 9999 4949 10504 9595 15453 
6161 16059 4141 9090 7979 10504 11009 0 5757 3030 14746 11009 7474 7272 
4040 10302 3838 5555 9696 6767 7272 5757 0 3535 8989 10706 4747 8181 
6767 13837 3939 8080 6161 9494 9999 3030 3535 0 12524 7979 8282 5454 
9393 3333 10605 7272 14645 8888 4949 14746 8989 12524 0 9595 7272 14544 
14746 8484 8888 8787 8080 13029 10504 11009 10706 7979 9595 0 13837 6363 
3535 8585 4949 10302 14443 9090 9595 7474 4747 8282 7272 13837 0 10100 
11009 11413 5151 13534 10403 14948 15453 7272 8181 5454 14544 6363 10100 0 
