# rmTSP_20_3_40_manhattan_101_100.mat
# n=20
# k=3
# a=40
# d="manhattan"
# s=101
20
0 4848 4848 2626 5757 4444 8484 5656 4343 1717 707 4242 4848 5151 4040 5353 2626 3838 4949 6060 
4848 0 6666 5050 4545 1010 5050 5050 4747 5555 5353 6060 7070 4545 3434 4747 2222 5050 2323 5454 
4848 6666 0 2424 5959 7474 6666 2020 2525 3737 4949 6262 1616 5353 3636 4949 6262 1616 8383 4444 
2626 5050 2424 0 5151 5858 7878 3232 3737 2525 2525 5050 2424 3939 2020 4545 4242 2020 6767 5454 
5757 4545 5959 5151 0 4747 3131 3939 4040 6464 6262 3737 6363 1212 3131 1010 6565 4343 3838 1515 
4444 1010 7474 5858 4747 0 5252 5454 5555 5151 4949 5050 7878 4747 3838 4949 1818 5858 1313 5656 
8484 5050 6666 7878 3131 5252 0 4848 4141 9191 8989 6464 5454 3939 5858 3333 7070 5858 4343 2424 
5656 5050 2020 3232 3939 5454 4848 0 2121 4343 5757 4444 2626 3333 1616 2929 7070 1818 6363 2424 
4343 4747 2525 3737 4040 5555 4141 2121 0 5050 4848 6565 2323 4040 3131 3232 5757 1717 6464 2525 
1717 5555 3737 2525 6464 5151 9191 4343 5050 0 2020 2727 4545 5252 3333 5858 4141 3333 5656 6767 
707 5353 4949 2525 6262 4949 8989 5757 4848 2020 0 4545 4949 5252 4141 5656 3131 3939 5454 6565 
4242 6060 6262 5050 3737 5050 6464 4444 6565 2727 4545 0 7070 2525 3434 3333 6666 5656 3737 4040 
4848 7070 1616 2424 6363 7878 5454 2626 2323 4545 4949 7070 0 5757 4040 5353 6262 2020 8787 4848 
5151 4545 5353 3939 1212 4747 3939 3333 4040 5252 5252 2525 5757 0 1919 808 6565 3737 3838 1515 
4040 3434 3636 2020 3131 3838 5858 1616 3131 3333 4141 3434 4040 1919 0 2525 5454 2222 4747 3434 
5353 4747 4949 4545 1010 4949 3333 2929 3232 5858 5656 3333 5353 808 2525 0 6767 3333 4040 909 
2626 2222 6262 4242 6565 1818 7070 7070 5757 4141 3131 6666 6262 6565 5454 6767 0 5252 2929 7474 
3838 5050 1616 2020 4343 5858 5858 1818 1717 3333 3939 5656 2020 3737 2222 3333 5252 0 6767 3434 
4949 2323 8383 6767 3838 1313 4343 6363 6464 5656 5454 3737 8787 3838 4747 4040 2929 6767 0 4747 
6060 5454 4444 5454 1515 5656 2424 2424 2525 6767 6565 4040 4848 1515 3434 909 7474 3434 4747 0 
