# rmTSP_10_2_40_euklid_101_100.mat
# n=10
# k=2
# a=40
# d="euklid"
# s=101
10
0 1355 958 1446 678 1152 2936 1629 3030 2499 
1355 0 958 931 678 1597 1764 903 1714 1212 
958 958 0 505 678 639 2082 1720 2607 1767 
1446 931 505 0 1010 931 1597 1821 2349 1359 
678 678 678 1010 0 1216 2325 1129 2367 1843 
1152 1597 639 931 1216 0 2484 2325 3223 2290 
2936 1764 2082 1597 2325 2484 0 2443 1693 647 
1629 903 1720 1821 1129 2325 2443 0 1666 1807 
3030 1714 2607 2349 2367 3223 1693 1666 0 1212 
2499 1212 1767 1359 1843 2290 647 1807 1212 0 
