# rmTSP_17_8_40_euklid_1_100.mat
# n=17
# k=8
# a=40
# d="euklid"
# s=1
17
0 40 47 44 39 42 44 38 35 37 44 51 42 44 43 41 40 
40 0 35 37 52 40 44 51 41 49 52 55 40 54 57 22 45 
47 35 0 42 30 52 54 51 50 52 46 60 38 56 59 35 33 
44 37 42 0 51 29 35 49 46 44 40 58 43 58 50 41 27 
39 52 30 51 0 58 58 44 49 48 41 59 43 48 45 49 35 
42 40 52 29 58 0 42 52 33 38 52 49 46 57 51 41 33 
44 44 54 35 58 42 0 60 48 40 41 56 41 54 51 39 44 
38 51 51 49 44 52 60 0 35 33 39 37 45 30 44 61 48 
35 41 50 46 49 33 48 35 0 23 42 23 34 29 37 44 42 
37 49 52 44 48 38 40 33 23 0 33 23 33 28 40 51 40 
44 52 46 40 41 52 41 39 42 33 0 43 25 37 39 55 35 
51 55 60 58 59 49 56 37 23 23 43 0 37 24 48 61 54 
42 40 38 43 43 46 41 45 34 33 25 37 0 39 48 43 36 
44 54 56 58 48 57 54 30 29 28 37 24 39 0 34 58 55 
43 57 59 50 45 51 51 44 37 40 39 48 48 34 0 56 46 
41 22 35 41 49 41 39 61 44 51 55 61 43 58 56 0 44 
40 45 33 27 35 33 44 48 42 40 35 54 36 55 46 44 0 
