# rmTSP_20_2_40_maximum_101_100.mat
# n=20
# k=2
# a=40
# d="maximum"
# s=101
20
0 1313 1010 1818 1111 1313 2020 1616 1616 606 1414 606 1212 1717 1717 2020 1111 2121 909 1818 
1313 0 808 3131 2424 101 3333 1515 2929 707 2121 707 1111 3030 2424 1313 2424 3434 808 1717 
1010 808 0 2323 1616 808 2929 707 2121 505 2424 808 1414 2222 2727 1010 1616 2626 101 909 
1818 3131 2323 0 707 3131 2626 1616 707 2424 2121 2424 3030 1111 2424 2525 707 1010 2323 1414 
1111 2424 1616 707 0 2424 1919 1616 1414 1717 1414 1717 2323 606 1717 2020 202 1717 1616 1818 
1313 101 808 3131 2424 0 3333 1515 2929 707 2020 707 1010 3030 2323 1414 2424 3434 808 1717 
2020 3333 2929 2626 1919 3333 0 3535 3333 2626 2121 2626 3232 1515 1616 3939 2121 3636 2828 3737 
1616 1515 707 1616 1616 1515 3535 0 1414 1111 3030 1414 2020 2020 3333 909 1414 1919 707 202 
1616 2929 2121 707 1414 2929 3333 1414 0 2222 2828 2222 2828 1818 3131 2323 1212 505 2121 1212 
606 707 505 2424 1717 707 2626 1111 2222 0 1919 303 909 2323 2222 1515 1717 2727 404 1313 
1414 2121 2424 2121 1414 2020 2121 3030 2828 1919 0 1616 1111 1818 505 3434 1616 3131 2323 3232 
606 707 808 2424 1717 707 2626 1414 2222 303 1616 0 606 2323 1919 1818 1717 2727 707 1616 
1212 1111 1414 3030 2323 1010 3232 2020 2828 909 1111 606 0 2929 1616 2424 2323 3333 1313 2222 
1717 3030 2222 1111 606 3030 1515 2020 1818 2323 1818 2323 2929 0 1313 2424 606 2121 2222 2222 
1717 2424 2727 2424 1717 2323 1616 3333 3131 2222 505 1919 1616 1313 0 3737 1919 3434 2626 3535 
2020 1313 1010 2525 2020 1414 3939 909 2323 1515 3434 1818 2424 2424 3737 0 1818 2828 1111 1111 
1111 2424 1616 707 202 2424 2121 1414 1212 1717 1616 1717 2323 606 1919 1818 0 1515 1616 1616 
2121 3434 2626 1010 1717 3434 3636 1919 505 2727 3131 2727 3333 2121 3434 2828 1515 0 2626 1717 
909 808 101 2323 1616 808 2828 707 2121 404 2323 707 1313 2222 2626 1111 1616 2626 0 909 
1818 1717 909 1414 1818 1717 3737 202 1212 1313 3232 1616 2222 2222 3535 1111 1616 1717 909 0 
