# rmTSP_11_3_80_maximum_101_100.mat
# n=11
# k=3
# a=80
# d="maximum"
# s=101
11
0 5151 6565 7272 2727 7272 7272 4848 4545 2020 6565 
5151 0 3939 7979 3434 7979 7979 6161 5252 3131 7272 
6565 3939 0 4646 4242 4141 4040 3434 6060 4545 6262 
7272 7979 4646 0 4545 3131 1818 4646 2727 5757 3838 
2727 3434 4242 4545 0 5858 4545 7373 4848 3838 6565 
7272 7979 4141 3131 5858 0 3434 3030 2727 5757 2121 
7272 7979 4040 1818 4545 3434 0 4949 3232 5757 4141 
4848 6161 3434 4646 7373 3030 4949 0 2626 3535 2828 
4545 5252 6060 2727 4848 2727 3232 2626 0 3030 2020 
2020 3131 4545 5757 3838 5757 5757 3535 3030 0 5050 
6565 7272 6262 3838 6565 2121 4141 2828 2020 5050 0 
