# rmTSP_13_3_80_manhattan_1_100.mat
# n=13
# k=3
# a=80
# d="manhattan"
# s=1
13
0 116 117 148 61 101 142 84 79 106 24 118 81 
116 0 91 52 83 107 70 80 71 102 96 28 85 
117 91 0 51 56 28 51 73 98 31 97 119 66 
148 52 51 0 87 67 24 84 93 62 128 68 73 
61 83 56 87 0 62 81 39 68 65 51 111 52 
101 107 28 67 62 0 67 101 70 5 113 135 38 
142 70 51 24 81 67 0 60 87 62 122 70 67 
84 80 73 84 39 101 60 0 95 104 64 80 91 
79 71 98 93 68 70 87 95 0 67 101 99 32 
106 102 31 62 65 5 62 104 67 0 116 130 35 
24 96 97 128 51 113 122 64 101 116 0 98 103 
118 28 119 68 111 135 70 80 99 130 98 0 113 
81 85 66 73 52 38 67 91 32 35 103 113 0 
