# rmTSP_12_2_40_euklid_1_100.mat
# n=12
# k=2
# a=40
# d="euklid"
# s=1
12
0 38 32 26 43 43 37 14 47 31 29 29 
38 0 13 24 13 5 22 27 15 8 30 19 
32 13 0 29 26 17 32 18 28 15 36 6 
26 24 29 0 21 27 11 26 26 16 7 32 
43 13 26 21 0 12 13 35 5 13 25 32 
43 5 17 27 12 0 23 32 12 12 33 23 
37 22 32 11 13 23 0 34 17 17 13 36 
14 27 18 26 35 32 34 0 39 22 31 15 
47 15 28 26 5 12 17 39 0 17 30 34 
31 8 15 16 13 12 17 22 17 0 23 20 
29 30 36 7 25 33 13 31 30 23 0 38 
29 19 6 32 32 23 36 15 34 20 38 0 
