# rmTSP_11_2_20_maximum_101_100.mat
# n=11
# k=2
# a=20
# d="maximum"
# s=101
11
0 1010 505 202 1818 1212 1414 808 1111 101 1717 
1010 0 1111 808 1111 505 707 707 202 1010 707 
505 1111 0 303 1919 1212 1010 404 1212 606 1818 
202 808 303 0 1616 1010 1212 606 909 303 1515 
1818 1111 1919 1616 0 1616 1818 1515 1313 1818 1414 
1212 505 1212 1010 1616 0 202 808 303 1313 606 
1414 707 1010 1212 1818 202 0 606 505 1515 808 
808 707 404 606 1515 808 606 0 808 909 1414 
1111 202 1212 909 1313 303 505 808 0 1111 606 
101 1010 606 303 1818 1313 1515 909 1111 0 1717 
1717 707 1818 1515 1414 606 808 1414 606 1717 0 
