# rmTSP_16_3_10_euklid_101_100.mat
# n=16
# k=3
# a=10
# d="euklid"
# s=101
16
0 1015 474 814 920 378 886 886 495 303 623 685 1220 1134 714 463 
1015 0 920 892 143 1005 756 821 814 756 598 505 416 735 735 728 
474 920 0 580 814 202 525 614 143 525 808 515 958 769 515 721 
814 892 580 0 869 763 319 1030 463 685 814 416 931 953 175 795 
920 143 814 869 0 886 714 685 721 685 580 463 416 647 707 685 
378 1005 202 763 886 0 721 614 319 525 833 655 1078 869 685 721 
886 756 525 319 714 721 0 795 416 756 875 364 678 647 303 880 
886 821 614 1030 685 614 795 0 647 869 1015 763 735 416 920 1000 
495 814 143 463 721 319 416 647 0 463 714 378 869 742 378 647 
303 756 525 685 685 525 756 869 463 0 335 463 1015 1035 544 202 
623 598 808 814 580 833 875 1015 714 335 0 515 958 1116 655 175 
685 505 515 416 463 655 364 763 378 463 515 0 639 728 247 544 
1220 416 958 931 416 1078 678 735 869 1015 958 639 0 452 821 1054 
1134 735 769 953 647 869 647 416 742 1035 1116 728 452 0 869 1147 
714 735 515 175 707 685 303 920 378 544 655 247 821 869 0 647 
463 728 721 795 685 721 880 1000 647 202 175 544 1054 1147 647 0 
