# rmTSP_18_6_40_manhattan_101_100.mat
# n=18
# k=6
# a=40
# d="manhattan"
# s=101
18
0 6161 10201 7070 6565 12120 11009 8282 5353 10302 11110 12221 9494 6767 8686 7777 10201 8181 
6161 0 7676 7171 4040 9191 5252 9999 2424 6969 5757 7878 5353 4848 6969 6464 4444 9090 
10201 7676 0 8181 7272 2727 7070 6969 7676 3737 9393 3030 5959 3434 5757 6666 5858 7070 
7070 7171 8181 0 5959 10504 7171 8282 6969 9090 8686 5959 7070 6161 8282 6767 9999 7575 
6565 4040 7272 5959 0 9595 4848 9191 5252 7373 5757 6464 3333 5656 4141 8282 6060 5050 
12120 9191 2727 10504 9595 0 7979 6262 10201 4444 11312 5555 6868 5959 8080 6565 5959 8181 
11009 5252 7070 7171 4848 7979 0 8989 6868 6363 6161 4444 3333 7474 3939 8686 3030 5656 
8282 9999 6969 8282 9191 6262 8989 0 9191 4848 14948 8989 9494 7777 10302 6969 8787 7171 
5353 2424 7676 6969 5252 10201 6868 9191 0 6363 7373 8080 6767 4848 7373 7474 6060 9292 
10302 6969 3737 9090 7373 4444 6363 4848 6363 0 10504 5555 5050 4141 7676 6161 5959 8989 
11110 5757 9393 8686 5757 11312 6161 14948 7373 10504 0 6363 5454 7979 6464 10807 8383 10403 
12221 7878 3030 5959 6464 5555 4444 8989 8080 5555 6363 0 4545 5454 5353 7878 6666 7070 
9494 5353 5959 7070 3333 6868 3333 9494 6767 5050 5454 4545 0 5151 4444 6565 5353 6363 
6767 4848 3434 6161 5656 5959 7474 7777 4848 4141 7979 5454 5151 0 6161 4444 7070 8080 
8686 6969 5757 8282 4141 8080 3939 10302 7373 7676 6464 5353 4444 6161 0 9393 5555 4747 
7777 6464 6666 6767 8282 6565 8686 6969 7474 6161 10807 7878 6565 4444 9393 0 8484 9292 
10201 4444 5858 9999 6060 5959 3030 8787 6060 5959 8383 6666 5353 7070 5555 8484 0 6262 
8181 9090 7070 7575 5050 8181 5656 7171 9292 8989 10403 7070 6363 8080 4747 9292 6262 0 
