# rmTSP_10_2_40_maximum_1_100.mat
# n=10
# k=2
# a=40
# d="maximum"
# s=1
10
0 8 7 34 18 24 25 17 36 35 
8 0 9 26 16 22 17 9 28 27 
7 9 0 30 25 31 21 13 32 34 
34 26 30 0 28 31 14 17 20 29 
18 16 25 28 0 6 19 24 30 29 
24 22 31 31 6 0 22 30 33 32 
25 17 21 14 19 22 0 18 11 15 
17 9 13 17 24 30 18 0 24 33 
36 28 32 20 30 33 11 24 0 9 
35 27 34 29 29 32 15 33 9 0 
