# rmTSP_13_8_10_manhattan_101_100.mat
# n=13
# k=8
# a=10
# d="manhattan"
# s=101
13
0 2222 2020 2222 3131 2323 3131 2424 3333 3636 2121 3333 2121 
2222 0 1818 1616 2727 2323 2727 2222 1919 2626 2929 2525 1717 
2020 1818 0 1818 3333 2323 3333 3232 3131 3232 3131 3333 1515 
2222 1616 1818 0 2525 2323 3131 3434 2323 2424 2323 2323 1919 
3131 2727 3333 2525 0 1616 2424 2525 1212 2323 2828 2424 3232 
2323 2323 2323 2323 1616 0 3636 1919 2222 2727 3232 2828 2424 
3131 2727 3333 3131 2424 3636 0 3535 1616 2121 2424 2626 2020 
2424 2222 3232 3434 2525 1919 3535 0 2929 3030 3333 3939 3333 
3333 1919 3131 2323 1212 2222 1616 2929 0 2525 2828 1818 2626 
3636 2626 3232 2424 2323 2727 2121 3030 2525 0 2727 2929 2525 
2121 2929 3131 2323 2828 3232 2424 3333 2828 2727 0 1616 2424 
3333 2525 3333 2323 2424 2828 2626 3939 1818 2929 1616 0 2424 
2121 1717 1515 1919 3232 2424 2020 3333 2626 2525 2424 2424 0 
