# rmTSP_19_3_40_euklid_101_100.mat
# n=19
# k=3
# a=40
# d="euklid"
# s=101
19
0 3412 2819 2950 2846 763 2495 3594 3700 4524 814 3055 4644 2875 4394 4366 3083 2519 3120 
3412 0 1635 2325 1860 3843 4248 2002 3246 3131 3760 2133 2734 2396 3285 2334 1488 3523 1156 
2819 1635 0 1078 2053 3171 3871 3290 3290 3980 2889 3155 3839 3302 3484 1824 1522 3085 2358 
2950 2325 1078 0 1832 3040 3336 3649 2651 3753 2747 3455 3794 3592 2864 1552 1374 2443 2772 
2846 1860 2053 1832 0 2905 2599 2094 1464 2055 2922 1887 2143 2060 1798 2409 714 1790 1471 
763 3843 3171 3040 2905 0 1898 3903 3459 4486 515 3335 4725 3147 4220 4515 3227 2092 3468 
2495 4248 3871 3336 2599 1898 0 3841 2272 3490 2183 3315 3989 3178 3108 4538 3159 1000 3605 
3594 2002 3290 3649 2094 3903 3841 0 3043 2157 4081 614 1767 937 3215 3897 2403 3446 937 
3700 3246 3290 2651 1464 3459 2272 3043 0 1773 3547 2837 2299 2958 839 3078 1922 1512 2744 
4524 3131 3980 3753 2055 4486 3490 2157 1773 0 4665 2252 742 2470 1619 3742 2495 2976 2351 
814 3760 2889 2747 2922 515 2183 4081 3547 4665 0 3548 4876 3400 4266 4266 3138 2197 3541 
3055 2133 3155 3455 1887 3335 3315 614 2837 2252 3548 0 2053 364 3165 3945 2310 3005 995 
4644 2734 3839 3794 2143 4725 3989 1767 2299 742 4876 2053 0 2343 2067 3618 2445 3425 2015 
2875 2396 3302 3592 2060 3147 3178 937 2958 2470 3400 364 2343 0 3363 4200 2527 2972 1293 
4394 3285 3484 2864 1798 4220 3108 3215 839 1619 4266 3165 2067 3363 0 2842 2043 2314 2922 
4366 2334 1824 1552 2409 4515 4538 3897 3078 3742 4266 3945 3618 4200 2842 0 1741 3558 3065 
3083 1488 1522 1374 714 3227 3159 2403 1922 2495 3138 2310 2445 2527 2043 1741 0 2272 1597 
2519 3523 3085 2443 1790 2092 1000 3446 1512 2976 2197 3005 3425 2972 2314 3558 2272 0 3040 
3120 1156 2358 2772 1471 3468 3605 937 2744 2351 3541 995 2015 1293 2922 3065 1597 3040 0 
