# rmTSP_10_2_20_maximum_101_100.mat
# n=10
# k=2
# a=20
# d="maximum"
# s=101
10
0 808 1515 505 707 808 1414 1212 1414 1515 
808 0 707 303 101 1212 909 1313 606 1313 
1515 707 0 1010 808 1919 808 1212 101 1212 
505 303 1010 0 202 909 909 1111 909 1111 
707 101 808 202 0 1111 808 1212 707 1212 
808 1212 1919 909 1111 0 1818 1616 1818 1919 
1414 909 808 909 808 1818 0 404 707 404 
1212 1313 1212 1111 1212 1616 404 0 1111 303 
1414 606 101 909 707 1818 707 1111 0 1111 
1515 1313 1212 1111 1212 1919 404 303 1111 0 
