# rmTSP_17_2_20_euklid_101_100.mat
# n=17
# k=2
# a=20
# d="euklid"
# s=101
17
0 714 639 1182 1015 1693 1374 1518 1672 226 958 639 714 505 101 544 1906 
714 0 1317 1092 789 1501 1216 1088 1578 814 1428 1152 1278 1129 647 303 1879 
639 1317 0 1328 1313 1821 1528 1857 1720 707 589 404 319 226 678 1074 1862 
1182 1092 1328 0 319 515 202 647 505 1407 953 931 1054 1116 1088 857 789 
1015 789 1313 319 0 728 429 544 789 1229 1074 953 1092 1088 915 589 1092 
1693 1501 1821 515 728 0 319 614 226 1916 1374 1418 1528 1616 1597 1317 505 
1374 1216 1528 202 429 319 0 544 364 1597 1129 1129 1249 1317 1278 1010 678 
1518 1088 1857 647 544 614 544 0 808 1717 1578 1491 1629 1632 1418 1015 1116 
1672 1578 1720 505 789 226 364 808 0 1898 1229 1317 1414 1528 1581 1359 319 
226 814 707 1407 1229 1916 1597 1717 1898 0 1129 814 863 639 319 714 2131 
958 1428 589 953 1074 1374 1129 1578 1229 1129 0 319 286 505 931 1129 1317 
639 1152 404 931 953 1418 1129 1491 1317 814 319 0 143 226 614 863 1471 
714 1278 319 1054 1092 1528 1249 1629 1414 863 286 143 0 226 707 995 1545 
505 1129 226 1116 1088 1616 1317 1632 1528 639 505 226 226 0 515 869 1693 
101 647 678 1088 915 1597 1278 1418 1581 319 931 614 707 515 0 452 1821 
544 303 1074 857 589 1317 1010 1015 1359 714 1129 863 995 869 452 0 1644 
1906 1879 1862 789 1092 505 678 1116 319 2131 1317 1471 1545 1693 1821 1644 0 
