# rmTSP_15_4_80_manhattan_1_100.mat
# n=15
# k=4
# a=80
# d="manhattan"
# s=1
15
0 70 215 101 90 112 128 102 116 17 152 126 41 176 169 
70 0 165 107 96 182 142 108 114 73 158 172 65 140 119 
215 165 0 146 205 199 147 153 117 224 107 129 174 39 54 
101 107 146 0 59 111 77 23 47 90 163 101 102 135 100 
90 96 205 59 0 122 78 70 106 73 218 136 91 190 159 
112 182 199 111 122 0 132 126 130 109 118 78 121 160 169 
128 142 147 77 78 132 0 56 58 119 170 88 117 142 93 
102 108 153 23 70 126 56 0 36 93 176 116 103 148 99 
116 114 117 47 106 130 58 36 0 125 140 106 89 112 63 
17 73 224 90 73 109 119 93 125 0 167 117 50 185 178 
152 158 107 163 218 118 170 176 140 167 0 122 127 90 79 
126 172 129 101 136 78 88 116 106 117 122 0 115 98 113 
41 65 174 102 91 121 117 103 89 50 127 115 0 135 128 
176 140 39 135 190 160 142 148 112 185 90 98 135 0 63 
169 119 54 100 159 169 93 99 63 178 79 113 128 63 0 
