# rmTSP_17_4_10_euklid_101_100.mat
# n=17
# k=4
# a=10
# d="euklid"
# s=101
17
0 839 670 735 839 995 562 1156 827 1020 931 795 614 1035 1336 1083 429 
839 0 839 769 1097 795 670 319 742 875 769 416 958 769 655 742 707 
670 839 0 226 763 1035 875 1083 1120 845 839 553 544 735 1241 920 742 
735 769 226 0 769 857 915 1000 1078 631 808 562 452 655 1204 714 721 
839 1097 763 769 0 958 769 1325 833 953 515 1035 714 606 1293 969 598 
995 795 1035 857 958 0 979 958 769 391 857 1025 728 821 1204 319 692 
562 670 875 915 769 979 0 915 429 1129 589 749 937 821 915 1059 391 
1156 319 1083 1000 1325 958 915 0 926 1045 915 598 1237 880 495 857 995 
827 742 1120 1078 833 769 429 926 0 1045 589 984 1020 833 926 926 463 
1020 875 845 631 953 391 1129 1045 1045 0 942 958 562 789 1321 267 821 
931 769 839 808 515 857 589 915 589 942 0 802 926 319 795 821 598 
795 416 553 562 1035 1025 749 598 984 958 802 0 898 735 802 898 795 
614 958 544 452 714 728 937 1237 1020 562 926 898 0 869 1464 742 598 
1035 769 735 655 606 821 821 880 833 789 319 735 869 0 833 670 749 
1336 655 1241 1204 1293 1204 915 495 926 1321 795 802 1464 833 0 1106 1111 
1083 742 920 714 969 319 1059 857 926 267 821 898 742 670 1106 0 814 
429 707 742 721 598 692 391 995 463 821 598 795 598 749 1111 814 0 
