# rmTSP_17_8_80_euklid_1_100.mat
# n=17
# k=8
# a=80
# d="euklid"
# s=1
17
0 65 33 103 59 76 75 99 82 95 53 99 75 63 89 104 73 
65 0 78 98 86 79 77 102 73 102 71 112 97 67 72 93 46 
33 78 0 110 80 70 71 111 94 89 79 107 96 69 89 117 79 
103 98 110 0 98 103 104 76 77 102 98 76 138 90 75 77 110 
59 86 80 98 0 120 84 89 96 97 58 96 84 85 112 90 107 
76 79 70 103 120 0 108 116 62 130 93 122 118 61 55 117 49 
75 77 71 104 84 108 0 113 117 50 107 92 105 92 115 95 104 
99 102 111 76 89 116 113 0 87 107 78 55 116 88 106 56 115 
82 73 94 77 96 62 117 87 0 136 63 113 105 60 48 87 56 
95 102 89 102 97 130 50 107 136 0 118 80 126 118 127 109 133 
53 71 79 98 58 93 107 78 63 118 0 103 71 76 87 94 78 
99 112 107 76 96 122 92 55 113 80 103 0 123 99 122 68 131 
75 97 96 138 84 118 105 116 105 126 71 123 0 111 134 113 104 
63 67 69 90 85 61 92 88 60 118 76 99 111 0 70 80 56 
89 72 89 75 112 55 115 106 48 127 87 122 134 70 0 110 59 
104 93 117 77 90 117 95 56 87 109 94 68 113 80 110 0 107 
73 46 79 110 107 49 104 115 56 133 78 131 104 56 59 107 0 
