# rmTSP_14_2_40_manhattan_1_100.mat
# n=14
# k=2
# a=40
# d="manhattan"
# s=1
14
0 8 33 18 12 26 36 32 17 33 47 58 41 42 
8 0 41 26 6 34 28 24 9 41 39 50 49 34 
33 41 0 15 35 9 41 51 36 6 32 29 8 41 
18 26 15 0 20 8 26 36 21 15 31 42 23 26 
12 6 35 20 0 28 24 20 5 35 35 46 43 30 
26 34 9 8 28 0 34 44 29 7 27 38 15 34 
36 28 41 26 24 34 0 10 19 41 11 22 49 6 
32 24 51 36 20 44 10 0 15 51 19 28 59 10 
17 9 36 21 5 29 19 15 0 36 30 41 44 25 
33 41 6 15 35 7 41 51 36 0 32 35 8 41 
47 39 32 31 35 27 11 19 30 32 0 11 40 9 
58 50 29 42 46 38 22 28 41 35 11 0 33 18 
41 49 8 23 43 15 49 59 44 8 40 33 0 49 
42 34 41 26 30 34 6 10 25 41 9 18 49 0 
