# rmTSP_19_8_80_maximum_101_100.mat
# n=19
# k=8
# a=80
# d="maximum"
# s=101
19
0 7373 6767 7070 3838 4343 6363 6969 5959 4343 6262 3030 4646 6262 6161 7070 6464 6969 5858 
7373 0 5050 4747 5656 6868 6969 5454 7979 5656 7171 5858 6464 4646 3939 4545 6565 5959 7474 
6767 5050 0 6161 5050 6565 6868 6262 7373 5757 6565 3737 6161 4646 5959 3434 6464 5757 6868 
7070 4747 6161 0 5353 6565 5050 5656 7676 5454 6868 6262 6464 2626 5656 6060 4242 3232 7171 
3838 5656 5050 5353 0 3939 4646 4949 5656 3939 5858 2828 4848 4444 5757 5353 3535 5252 3737 
4343 6868 6565 6565 3939 0 5858 5757 3131 3535 3333 3030 3030 5656 3333 6565 3434 5454 4242 
6363 6969 6868 5050 4646 5858 0 6060 6969 5151 6161 5555 5757 4949 3939 5353 4848 6262 6464 
6969 5454 6262 5656 4949 5757 6060 0 4949 6464 6363 6767 6969 4848 5050 6666 5656 7171 5757 
5959 7979 7373 7676 5656 3131 6969 4949 0 6161 5959 6060 2525 6767 5050 7676 3939 6262 6464 
4343 5656 5757 5454 3939 3535 5151 6464 6161 0 5454 3333 5353 6363 5353 4040 5252 6666 5959 
6262 7171 6565 6868 5858 3333 6161 6363 5959 5454 0 4141 4646 6262 4141 6868 3434 6767 6161 
3030 5858 3737 6262 2828 3030 5555 6767 6060 3333 4141 0 4242 6363 4141 4444 6262 6767 5959 
4646 6464 6161 6464 4848 3030 5757 6969 2525 5353 4646 4242 0 5252 4545 6161 6464 6969 5656 
6262 4646 4646 2626 4444 5656 4949 4848 6767 6363 6262 6363 5252 0 5555 6565 4141 3535 6262 
6161 3939 5959 5656 5757 3333 3939 5050 5050 5353 4141 4141 4545 5555 0 4545 5454 6868 6060 
7070 4545 3434 6060 5353 6565 5353 6666 7676 4040 6868 4444 6161 6565 4545 0 3737 4040 7171 
6464 6565 6464 4242 3535 3434 4848 5656 3939 5252 3434 6262 6464 4141 5454 3737 0 5353 5050 
6969 5959 5757 3232 5252 5454 6262 7171 6262 6666 6767 6767 6969 3535 6868 4040 5353 0 6464 
5858 7474 6868 7171 3737 4242 6464 5757 6464 5959 6161 5959 5656 6262 6060 7171 5050 6464 0 
