# rmTSP_14_4_40_manhattan_101_100.mat
# n=14
# k=4
# a=40
# d="manhattan"
# s=101
14
0 1717 6666 6060 4242 5959 11514 9393 5454 4545 8787 8080 5656 6262 
1717 0 5353 4949 4545 5252 9797 8888 4545 4444 7070 6969 5151 4747 
6666 5353 0 3434 9898 7575 6464 6161 6262 3333 4747 7676 3434 5858 
6060 4949 3434 0 9292 6969 6262 9191 3030 5151 2929 5050 5454 5252 
4242 4545 9898 9292 0 3333 8080 7171 7474 8383 8585 4646 8686 4040 
5959 5252 7575 6969 3333 0 7373 6262 5353 6464 6262 4141 6767 2121 
11514 9797 6464 6262 8080 7373 0 3737 8686 7373 4141 3636 6262 5252 
9393 8888 6161 9191 7171 6262 3737 0 11615 4848 7070 7373 3737 4747 
5454 4545 6262 3030 7474 5353 8686 11615 0 7171 5353 5252 7878 6868 
4545 4444 3333 5151 8383 6464 7373 4848 7171 0 6464 8585 1313 5353 
8787 7070 4747 2929 8585 6262 4141 7070 5353 6464 0 4343 5959 4545 
8080 6969 7676 5050 4646 4141 3636 7373 5252 8585 4343 0 8888 3232 
5656 5151 3434 5454 8686 6767 6262 3737 7878 1313 5959 8888 0 5656 
6262 4747 5858 5252 4040 2121 5252 4747 6868 5353 4545 3232 5656 0 
