# rmTSP_10_8_20_euklid_1_100.mat
# n=10
# k=8
# a=20
# d="euklid"
# s=1
10
0 24 26 23 27 17 24 20 18 18 
24 0 14 13 9 20 17 18 20 24 
26 14 0 21 21 20 19 22 26 18 
23 13 21 0 11 20 26 15 19 30 
27 9 21 11 0 25 24 19 20 31 
17 20 20 20 25 0 21 20 18 19 
24 17 19 26 24 21 0 27 26 18 
20 18 22 15 19 20 27 0 18 28 
18 20 26 19 20 18 26 18 0 27 
18 24 18 30 31 19 18 28 27 0 
