# rmTSP_17_2_10_euklid_101_100.mat
# n=17
# k=2
# a=10
# d="euklid"
# s=101
17
0 614 571 647 571 544 678 286 452 143 505 589 416 505 416 833 101 
614 0 544 515 364 571 202 505 226 735 589 226 769 429 286 226 515 
571 544 0 101 808 931 735 286 606 589 101 714 953 814 303 728 505 
647 515 101 0 814 958 714 364 614 678 202 707 1010 833 319 678 571 
571 364 808 814 0 226 226 639 202 714 814 143 505 101 505 452 505 
544 571 931 958 226 0 452 707 364 678 915 364 319 143 639 678 515 
678 202 735 714 226 452 0 647 226 814 769 101 714 319 452 226 589 
286 505 286 364 639 707 647 0 452 319 226 589 678 614 226 728 226 
452 226 606 614 202 364 226 452 0 589 614 143 544 226 303 404 364 
143 735 589 678 714 678 814 319 589 0 505 728 505 647 505 958 226 
505 589 101 202 814 915 769 226 614 505 0 735 903 808 319 789 452 
589 226 714 707 143 364 101 589 143 728 735 0 614 226 416 319 505 
416 769 953 1010 505 319 714 678 544 505 903 614 0 404 714 931 452 
505 429 814 833 101 143 319 614 226 647 808 226 404 0 515 544 452 
416 286 303 319 505 639 452 226 303 505 319 416 714 515 0 505 319 
833 226 728 678 452 678 226 728 404 958 789 319 931 544 505 0 735 
101 515 505 571 505 515 589 226 364 226 452 505 452 452 319 735 0 
