# rmTSP_16_4_80_euklid_101_100.mat
# n=16
# k=4
# a=80
# d="euklid"
# s=101
16
0 4249 7710 5149 5052 5477 2492 4524 5288 8077 5289 5587 7126 7446 2453 2405 
4249 0 6267 8409 6541 8131 6320 7596 5775 6345 2875 4382 9036 7150 6481 5714 
7710 6267 0 9742 6469 7722 8854 7749 3265 8153 7374 7147 8992 8247 9638 7932 
5149 8409 9742 0 7376 3513 2788 4596 6753 9968 8137 8683 3412 6397 5446 5056 
5052 6541 6469 7376 0 7125 5944 6402 4394 7268 8659 4854 8099 9443 5710 6123 
5477 8131 7722 3513 7125 0 4186 2340 4835 10838 7950 9312 4583 6932 6163 4254 
2492 6320 8854 2788 5944 4186 0 3900 5943 9006 6588 7030 5444 6935 2887 2917 
4524 7596 7749 4596 6402 2340 3900 0 4803 11202 7941 9087 6549 8454 4727 2674 
5288 5775 3265 6753 4394 4835 5943 4803 0 8024 6858 6405 6616 7194 6918 5308 
8077 6345 8153 9968 7268 10838 9006 11202 8024 0 7513 3149 9057 7431 9928 10151 
5289 2875 7374 8137 8659 7950 6588 7941 6858 7513 0 6453 8500 5633 7551 6232 
5587 4382 7147 8683 4854 9312 7030 9087 6405 3149 6453 0 8776 7898 7268 7739 
7126 9036 8992 3412 8099 4583 5444 6549 6616 9057 8500 8776 0 4599 8214 7377 
7446 7150 8247 6397 9443 6932 6935 8454 7194 7431 5633 7898 4599 0 9444 8199 
2453 6481 9638 5446 5710 6163 2887 4727 6918 9928 7551 7268 8214 9444 0 2894 
2405 5714 7932 5056 6123 4254 2917 2674 5308 10151 6232 7739 7377 8199 2894 0 
