# rmTSP_16_6_80_euklid_1_100.mat
# n=16
# k=6
# a=80
# d="euklid"
# s=1
16
0 86 104 106 101 45 101 92 97 50 65 72 103 82 79 39 
86 0 64 68 86 65 73 55 110 66 79 45 73 90 56 78 
104 64 0 54 52 89 32 50 87 85 85 91 45 73 75 98 
106 68 54 0 44 97 63 28 65 65 85 72 45 88 58 86 
101 86 52 44 0 89 47 38 68 72 88 90 53 59 68 87 
45 65 89 97 89 0 86 74 109 60 85 63 90 64 76 51 
101 73 32 63 47 86 0 53 94 84 82 93 68 52 69 96 
92 55 50 28 38 74 53 0 75 57 83 60 47 67 51 73 
97 110 87 65 68 109 94 75 0 72 92 103 68 100 93 79 
50 66 85 65 72 60 84 57 72 0 53 39 79 80 41 33 
65 79 85 85 88 85 82 83 92 53 0 71 96 95 48 75 
72 45 91 72 90 63 93 60 103 39 71 0 89 94 41 56 
103 73 45 45 53 90 68 47 68 79 96 89 0 90 85 92 
82 90 73 88 59 64 52 67 100 80 95 94 90 0 81 78 
79 56 75 58 68 76 69 51 93 41 48 41 85 81 0 69 
39 78 98 86 87 51 96 73 79 33 75 56 92 78 69 0 
