# rmTSP_17_4_80_maximum_101_100.mat
# n=17
# k=4
# a=80
# d="maximum"
# s=101
17
0 7070 5656 7171 6464 4949 4949 5151 5555 2727 5454 4747 4242 6262 5454 4747 4949 
7070 0 6969 5454 4242 6262 6767 4646 6868 4343 6161 2626 7373 3535 3434 4848 6363 
5656 6969 0 4949 5757 2222 6565 6767 4242 4949 6363 4747 5050 3434 3535 7171 4040 
7171 5454 4949 0 4242 4747 6868 4545 6666 4848 1717 3030 7474 5555 3535 5656 6464 
6464 4242 5757 4242 0 5050 6161 5858 5959 4444 5454 4444 6767 2323 2222 4242 5757 
4949 6262 2222 4747 5050 0 6363 6565 2020 4242 6161 4545 2828 3737 2929 6464 2424 
4949 6767 6565 6868 6161 6363 0 5858 5454 6464 5151 4848 6666 7171 5151 5656 6565 
5151 4646 6767 4545 5858 6565 5858 0 5959 6666 3737 2121 6868 7373 5353 5858 6767 
5555 6868 4242 6666 5959 2020 5454 5959 0 4949 5252 4949 3434 5757 4949 7070 3737 
2727 4343 4949 4848 4444 4242 6464 6666 4949 0 6262 4646 4343 3535 2727 4848 4242 
5454 6161 6363 1717 5454 6161 5151 3737 5252 6262 0 3737 6464 6969 4949 6363 6363 
4747 2626 4747 3030 4444 4545 4848 2121 4949 4646 3737 0 5050 5353 3333 4848 4747 
4242 7373 5050 7474 6767 2828 6666 6868 3434 4343 6464 5050 0 6565 5757 3636 3131 
6262 3535 3434 5555 2323 3737 7171 7373 5757 3535 6969 5353 6565 0 2020 4040 5555 
5454 3434 3535 3535 2222 2929 5151 5353 4949 2727 4949 3333 5757 2020 0 3636 4747 
4747 4848 7171 5656 4242 6464 5656 5858 7070 4848 6363 4848 3636 4040 3636 0 6464 
4949 6363 4040 6464 5757 2424 6565 6767 3737 4242 6363 4747 3131 5555 4747 6464 0 
