# rmTSP_11_6_40_manhattan_1_100.mat
# n=11
# k=6
# a=40
# d="manhattan"
# s=1
11
0 48 68 99 84 55 41 74 36 78 78 
48 0 66 105 82 61 33 82 66 76 46 
68 66 0 71 106 93 67 36 78 98 90 
99 105 71 0 71 102 118 59 85 69 99 
84 82 106 71 0 95 101 90 84 54 82 
55 61 93 102 95 0 72 95 37 71 71 
41 33 67 118 101 72 0 67 73 103 49 
74 82 36 59 90 95 67 0 74 82 76 
36 66 78 85 84 37 73 74 0 68 74 
78 76 98 69 54 71 103 82 68 0 84 
78 46 90 99 82 71 49 76 74 84 0 
