# rmTSP_18_3_40_maximum_1_100.mat
# n=18
# k=3
# a=40
# d="maximum"
# s=1
18
0 20 16 21 26 15 15 21 19 18 12 21 22 14 21 23 16 18 
20 0 21 29 33 18 21 24 36 25 25 28 28 21 23 33 9 25 
16 21 0 25 12 24 19 12 32 21 25 7 26 4 8 29 23 10 
21 29 25 0 30 31 12 31 29 13 32 24 7 23 30 8 30 29 
26 33 12 30 0 36 30 18 34 32 37 12 37 12 19 38 35 8 
15 18 24 31 36 0 25 18 31 28 22 31 32 24 26 33 9 28 
15 21 19 12 30 25 0 31 17 9 20 18 9 23 22 14 18 29 
21 24 12 31 18 18 31 0 37 33 28 13 38 8 20 39 17 10 
19 36 32 29 34 31 17 37 0 26 11 31 26 30 37 31 32 33 
18 25 21 13 32 28 9 33 26 0 29 20 12 25 17 17 27 31 
12 25 25 32 37 22 20 28 11 29 0 32 29 25 27 34 21 29 
21 28 7 24 12 31 18 13 31 20 32 0 25 7 7 28 30 11 
22 28 26 7 37 32 9 38 26 12 29 25 0 30 29 5 27 36 
14 21 4 23 12 24 23 8 30 25 25 7 30 0 12 31 23 6 
21 23 8 30 19 26 22 20 37 17 27 7 29 12 0 34 25 18 
23 33 29 8 38 33 14 39 31 17 34 28 5 31 34 0 32 37 
16 9 23 30 35 9 18 17 32 27 21 30 27 23 25 32 0 27 
18 25 10 29 8 28 29 10 33 31 29 11 36 6 18 37 27 0 
