# rmTSP_19_3_10_euklid_101_100.mat
# n=19
# k=3
# a=10
# d="euklid"
# s=101
19
0 101 839 662 378 440 655 364 580 440 286 869 515 378 303 553 247 226 553 
101 0 857 742 463 515 647 429 571 515 364 886 544 303 378 598 335 319 598 
839 857 0 821 931 553 707 821 495 937 647 505 863 995 915 335 920 869 776 
662 742 821 0 678 452 647 742 937 756 440 647 953 1035 714 544 647 474 886 
378 463 931 678 0 416 947 175 678 101 378 1059 378 606 101 623 143 335 378 
440 515 553 452 416 0 678 378 515 452 175 678 544 735 429 226 416 378 463 
655 647 707 647 947 678 0 920 814 1015 589 378 1059 880 909 589 845 662 1040 
364 429 821 742 175 378 920 0 515 143 364 1015 226 525 143 544 226 404 226 
580 571 495 937 678 515 814 515 0 655 544 839 463 580 623 440 662 714 440 
440 515 937 756 101 452 1015 143 655 0 440 1111 303 614 143 647 226 429 303 
286 364 647 440 378 175 589 364 544 440 0 685 553 623 364 319 319 226 515 
869 886 505 647 1059 678 378 1015 839 1111 685 0 1143 1116 1045 515 1000 839 1078 
515 544 863 953 378 544 1059 226 463 303 553 1143 0 515 335 655 429 614 143 
378 303 995 1035 606 735 880 525 580 614 623 1116 515 0 505 795 515 598 623 
303 378 915 714 101 429 909 143 623 143 364 1045 335 505 0 614 101 319 364 
553 598 335 544 623 226 589 544 440 647 319 515 655 795 614 0 606 544 571 
247 335 920 647 143 416 845 226 662 226 319 1000 429 515 101 606 0 226 452 
226 319 869 474 335 378 662 404 714 429 226 839 614 598 319 544 226 0 614 
553 598 776 886 378 463 1040 226 440 303 515 1078 143 623 364 571 452 614 0 
