# rmTSP_11_2_20_euklid_1_100.mat
# n=11
# k=2
# a=20
# d="euklid"
# s=1
11
0 13 7 11 17 5 16 17 12 2 15 
13 0 10 3 13 9 17 8 7 14 13 
7 10 0 9 19 8 21 17 6 6 18 
11 3 9 0 11 6 15 8 8 12 11 
17 13 19 11 0 12 6 7 19 19 3 
5 9 8 6 12 0 13 12 10 7 11 
16 17 21 15 6 13 0 13 22 18 4 
17 8 17 8 7 12 13 0 15 19 9 
12 7 6 8 19 10 22 15 0 12 19 
2 14 6 12 19 7 18 19 12 0 17 
15 13 18 11 3 11 4 9 19 17 0 
