# rmTSP_12_4_80_euklid_101_100.mat
# n=12
# k=4
# a=80
# d="euklid"
# s=101
12
0 4225 5155 7028 4715 3008 7555 6229 4833 2638 7016 7000 
4225 0 7218 6549 7274 5414 8611 5088 6858 4058 8679 6795 
5155 7218 0 6131 3809 4299 6835 8562 2712 6455 4723 6196 
7028 6549 6131 0 6161 6277 6501 5504 8091 6692 4135 3496 
4715 7274 3809 6161 0 2171 8764 6537 5280 6588 3868 7666 
3008 5414 4299 6277 2171 0 8765 5470 4839 5181 5361 7534 
7555 8611 6835 6501 8764 8765 0 10203 8046 6096 7236 3376 
6229 5088 8562 5504 6537 5470 10203 0 9478 6450 7237 7797 
4833 6858 2712 8091 5280 4839 8046 9478 0 6450 7290 7738 
2638 4058 6455 6692 6588 5181 6096 6450 6450 0 7667 5779 
7016 8679 4723 4135 3868 5361 7236 7237 7290 7667 0 5849 
7000 6795 6196 3496 7666 7534 3376 7797 7738 5779 5849 0 
