# rmTSP_10_4_80_euklid_101_100.mat
# n=10
# k=4
# a=80
# d="euklid"
# s=101
10
0 7921 10008 8516 7501 8898 9037 7736 9014 6681 
7921 0 6705 6254 6208 7301 4004 8516 10375 7631 
10008 6705 0 3324 6088 4418 6181 5322 5953 5422 
8516 6254 3324 0 7242 6267 5821 5851 5361 5292 
7501 6208 6088 7242 0 2599 5676 4306 7825 6639 
8898 7301 4418 6267 2599 0 6115 3013 6220 6276 
9037 4004 6181 5821 5676 6115 0 7115 9003 8887 
7736 8516 5322 5851 4306 3013 7115 0 3751 5755 
9014 10375 5953 5361 7825 6220 9003 3751 0 6175 
6681 7631 5422 5292 6639 6276 8887 5755 6175 0 
