# rmTSP_15_4_40_manhattan_101_100.mat
# n=15
# k=4
# a=40
# d="manhattan"
# s=101
15
0 4141 4545 5555 4747 6262 5050 5656 4242 2020 1919 3939 5252 5252 2525 
4141 0 5454 2222 4444 6363 8585 3737 7777 6161 3434 3030 6161 1515 5252 
4545 5454 0 4242 8484 10807 7373 7979 7979 6565 3232 3232 2727 6767 3434 
5555 2222 4242 0 6262 8585 9191 4545 8989 7575 3636 3636 5959 2929 4848 
4747 4444 8484 6262 0 2525 8181 6969 7373 4343 5252 5656 9191 5151 6262 
6262 6363 10807 8585 2525 0 6060 5252 5252 5858 7575 7575 11514 5656 8585 
5050 8585 7373 9191 8181 6060 0 6666 2020 4242 5555 6767 6868 8484 6363 
5656 3737 7979 4545 6969 5252 6666 0 6666 7070 5959 5555 8686 3232 6969 
4242 7777 7979 8989 7373 5252 2020 6666 0 3030 5353 7373 7272 7676 5555 
2020 6161 6565 7575 4343 5858 4242 7070 3030 0 3939 5959 5858 7272 3131 
1919 3434 3232 3636 5252 7575 5555 5959 5353 3939 0 2424 3939 4747 2626 
3939 3030 3232 3636 5656 7575 6767 5555 7373 5959 2424 0 3939 4343 5050 
5252 6161 2727 5959 9191 11514 6868 8686 7272 5858 3939 3939 0 7474 4343 
5252 1515 6767 2929 5151 5656 8484 3232 7676 7272 4747 4343 7474 0 6767 
2525 5252 3434 4848 6262 8585 6363 6969 5555 3131 2626 5050 4343 6767 0 
