# rmTSP_10_6_40_manhattan_1_100.mat
# n=10
# k=6
# a=40
# d="manhattan"
# s=1
10
0 41 115 114 97 83 28 53 104 55 
41 0 118 103 106 86 59 70 119 60 
115 118 0 67 58 114 123 116 47 72 
114 103 67 0 55 73 106 87 90 77 
97 106 58 55 0 78 83 62 103 82 
83 86 114 73 78 0 63 70 129 44 
28 59 123 106 83 63 0 61 104 53 
53 70 116 87 62 70 61 0 145 78 
104 119 47 90 103 129 104 145 0 85 
55 60 72 77 82 44 53 78 85 0 
