# rmTSP_15_2_80_manhattan_1_100.mat
# n=15
# k=2
# a=80
# d="manhattan"
# s=1
15
0 28 22 61 92 74 45 33 73 41 19 60 62 89 103 
28 0 36 81 82 64 23 23 63 69 47 74 34 79 93 
22 36 0 83 114 96 55 55 95 47 15 82 70 111 125 
61 81 83 0 35 17 98 84 86 36 68 7 115 40 54 
92 82 114 35 0 18 63 59 51 67 99 32 80 5 19 
74 64 96 17 18 0 81 67 69 49 81 14 98 23 37 
45 23 55 98 63 81 0 14 40 86 64 91 17 58 70 
33 23 55 84 59 67 14 0 40 72 50 77 31 56 70 
73 63 95 86 51 69 40 40 0 74 80 79 29 46 32 
41 69 47 36 67 49 86 72 74 0 32 35 103 64 78 
19 47 15 68 99 81 64 50 80 32 0 67 81 96 110 
60 74 82 7 32 14 91 77 79 35 67 0 108 33 47 
62 34 70 115 80 98 17 31 29 103 81 108 0 75 61 
89 79 111 40 5 23 58 56 46 64 96 33 75 0 14 
103 93 125 54 19 37 70 70 32 78 110 47 61 14 0 
