# rmTSP_20_3_80_euklid_1_100.mat
# n=20
# k=3
# a=80
# d="euklid"
# s=1
20
0 59 61 39 59 60 29 36 50 39 15 39 51 37 43 63 44 61 55 47 
59 0 52 79 34 48 40 88 39 79 49 78 41 59 69 22 57 35 7 77 
61 52 0 50 23 52 45 68 67 98 64 76 62 31 90 70 47 36 54 55 
39 79 50 0 60 66 49 20 73 74 53 48 70 24 78 90 43 66 78 29 
59 34 23 60 0 34 44 76 48 90 58 70 44 42 87 51 39 15 39 56 
60 48 52 66 34 0 60 78 30 81 60 52 22 58 93 50 24 21 52 47 
29 40 45 49 44 60 0 55 53 61 25 64 54 31 46 52 52 51 36 61 
36 88 68 20 76 78 55 0 79 64 51 46 77 39 70 96 55 81 86 41 
50 39 67 73 48 30 53 79 0 59 44 50 9 65 72 30 39 38 40 60 
39 79 98 74 90 81 61 64 59 0 36 50 64 76 41 72 71 88 74 75 
15 49 64 53 58 60 25 51 44 36 0 48 47 45 34 51 50 60 45 58 
39 78 76 48 70 52 64 46 50 50 48 0 47 58 77 77 34 65 78 31 
51 41 62 70 44 22 54 77 9 64 47 47 0 62 77 35 33 33 43 54 
37 59 31 24 42 58 31 39 65 76 45 58 62 0 70 74 42 51 59 41 
43 69 90 78 87 93 46 70 72 41 34 77 77 70 0 69 84 90 63 90 
63 22 70 90 51 50 52 96 30 72 51 77 35 74 69 0 62 45 21 83 
44 57 47 43 39 24 52 55 39 71 50 34 33 42 84 62 0 34 59 23 
61 35 36 66 15 21 51 81 38 88 60 65 33 51 90 45 34 0 40 55 
55 7 54 78 39 52 36 86 40 74 45 78 43 59 63 21 59 40 0 78 
47 77 55 29 56 47 61 41 60 75 58 31 54 41 90 83 23 55 78 0 
