# rmTSP_16_2_10_euklid_101_100.mat
# n=16
# k=2
# a=10
# d="euklid"
# s=101
16
0 226 589 452 202 515 769 769 226 639 814 416 226 647 614 735 
226 0 647 303 226 416 789 614 143 505 857 606 202 728 589 728 
589 647 0 515 429 404 202 639 505 515 226 416 789 101 226 226 
452 303 515 0 286 143 589 319 226 202 678 678 505 614 364 505 
202 226 429 286 0 319 589 589 101 452 647 416 364 505 416 544 
515 416 404 143 319 0 452 286 303 143 544 647 614 505 226 364 
769 789 202 589 589 452 0 606 647 515 101 614 953 226 226 101 
769 614 639 319 589 286 606 0 544 143 707 931 814 735 416 505 
226 143 505 226 101 303 647 544 0 416 714 515 319 589 452 589 
639 505 515 202 452 143 515 143 416 0 614 789 707 614 303 416 
814 857 226 678 647 544 101 707 714 614 0 606 1010 202 319 202 
416 606 416 678 416 647 614 931 515 789 606 0 639 404 589 639 
226 202 789 505 364 614 953 814 319 707 1010 639 0 857 769 903 
647 728 101 614 505 505 226 735 589 614 202 404 857 0 319 286 
614 589 226 364 416 226 226 416 452 303 319 589 769 319 0 143 
735 728 226 505 544 364 101 505 589 416 202 639 903 286 143 0 
