# rmTSP_16_3_80_euklid_1_100.mat
# n=16
# k=3
# a=80
# d="euklid"
# s=1
16
0 79 57 68 49 101 17 54 75 33 63 46 63 78 61 67 
79 0 50 24 57 68 74 50 13 55 72 51 62 29 68 12 
57 50 0 46 40 90 58 69 48 30 91 62 61 70 43 44 
68 24 46 0 36 50 59 41 12 41 63 52 38 32 48 20 
49 57 40 36 0 62 38 51 47 21 70 61 23 62 18 48 
101 68 90 50 62 0 86 65 57 78 76 90 42 60 67 67 
17 74 58 59 38 86 0 45 68 29 55 47 48 71 51 62 
54 50 69 41 51 65 45 0 46 49 24 29 50 32 69 40 
75 13 48 12 47 57 68 46 0 49 69 53 50 29 57 14 
33 55 30 41 21 78 29 49 49 0 68 48 42 62 33 44 
63 72 91 63 70 76 55 24 69 68 0 42 65 49 87 63 
46 51 62 52 61 90 47 29 53 48 42 0 69 43 78 41 
63 62 61 38 23 42 48 50 50 42 65 69 0 61 31 55 
78 29 70 32 62 60 71 32 29 62 49 43 61 0 77 27 
61 68 43 48 18 67 51 69 57 33 87 78 31 77 0 61 
67 12 44 20 48 67 62 40 14 44 63 41 55 27 61 0 
