# rmTSP_16_4_40_euklid_101_100.mat
# n=16
# k=4
# a=40
# d="euklid"
# s=101
16
0 4576 3484 3465 1930 4011 2766 3126 4029 2152 1943 3383 4618 3171 2525 3467 
4576 0 2553 2535 4354 3210 1945 4200 3425 4071 4654 2640 4551 1650 3597 1439 
3484 2553 0 463 3663 2384 1927 2853 3124 2559 2759 1505 2738 1767 1410 2428 
3465 2535 463 0 3431 2762 2012 3062 3389 2314 2890 1675 3139 1908 1435 2256 
1930 4354 3663 3431 0 4635 3022 3635 5138 1548 3370 4016 5708 3447 3093 3025 
4011 3210 2384 2762 4635 0 2261 1871 3443 3955 3497 2953 2910 2082 3060 3521 
2766 1945 1927 2012 3022 2261 0 2676 2837 2781 3013 2015 3767 474 2354 1464 
3126 4200 2853 3062 3635 1871 2676 0 4504 3033 3033 3694 3789 2821 2894 3893 
4029 3425 3124 3389 5138 3443 2837 4504 0 4660 3243 1793 2810 2647 3171 3509 
2152 4071 2559 2314 1548 3955 2781 3033 4660 0 2563 3213 4585 3080 1887 2989 
1943 4654 2759 2890 3370 3497 3013 3033 3243 2563 0 2539 2953 3191 1522 3938 
3383 2640 1505 1675 4016 2953 2015 3694 1793 3213 2539 0 2529 1835 1699 2474 
4618 4551 2738 3139 5708 2910 3767 3789 2810 4585 2953 2529 0 3547 2781 4745 
3171 1650 1767 1908 3447 2082 474 2821 2647 3080 3191 1835 3547 0 2430 1532 
2525 3597 1410 1435 3093 3060 2354 2894 3171 1887 1522 1699 2781 2430 0 2974 
3467 1439 2428 2256 3025 3521 1464 3893 3509 2989 3938 2474 4745 1532 2974 0 
