# rmTSP_12_2_80_euklid_101_100.mat
# n=12
# k=2
# a=80
# d="euklid"
# s=101
12
0 515 1088 3506 6161 1898 3786 4280 2082 4990 2634 416 
515 0 714 3839 6081 2401 3802 4791 2169 5226 3133 101 
1088 714 0 4545 6642 2757 4445 5150 2858 5938 3686 789 
3506 3839 4545 0 4650 3260 2466 3996 2143 1744 2121 3757 
6161 6081 6642 4650 0 7177 2499 8585 4172 3616 6512 6073 
1898 2401 2757 3260 7177 0 4679 2401 3077 4997 1359 2308 
3786 3802 4445 2466 2499 4679 0 6191 1720 2343 4071 3774 
4280 4791 5150 3996 8585 2401 6191 0 4928 5566 2147 4695 
2082 2169 2858 2143 4172 3077 1720 4928 0 3155 2794 2123 
4990 5226 5938 1744 3616 4997 2343 5566 3155 0 3850 5160 
2634 3133 3686 2121 6512 1359 4071 2147 2794 3850 0 3032 
416 101 789 3757 6073 2308 3774 4695 2123 5160 3032 0 
