# rmTSP_10_8_10_euklid_101_100.mat
# n=10
# k=8
# a=10
# d="euklid"
# s=101
10
0 969 1282 1525 1552 880 1366 1134 1653 1143 
969 0 1111 1377 1414 1229 1005 782 1450 1152 
1282 1111 0 1233 1045 1199 1457 1216 1225 1191 
1525 1377 1233 0 1253 1603 1305 1435 1152 1518 
1552 1414 1045 1253 0 1204 1045 990 714 808 
880 1229 1199 1603 1204 0 1305 1237 1597 833 
1366 1005 1457 1305 1045 1305 0 789 1199 875 
1134 782 1216 1435 990 1237 789 0 947 728 
1653 1450 1225 1152 714 1597 1199 947 0 1040 
1143 1152 1191 1518 808 833 875 728 1040 0 
