# rmTSP_14_3_80_maximum_101_100.mat
# n=14
# k=3
# a=80
# d="maximum"
# s=101
14
0 909 4040 3131 4444 4444 2929 2929 2929 4848 4545 1414 2727 5353 
909 0 4949 4040 4646 5353 2020 3838 3838 5050 5454 2323 2929 6262 
4040 4949 0 2424 4949 3333 3535 4545 1313 5353 5151 2626 3636 1313 
3131 4040 2424 0 2525 1313 3131 2727 3131 2929 3333 1717 4646 2727 
4444 4646 4949 2525 0 3131 3636 2525 3636 2424 3232 3131 7171 4343 
4444 5353 3333 1313 3131 0 3939 4040 2020 4242 4646 3030 5555 2727 
2929 2020 3535 3131 3636 3939 0 5858 2424 6060 6464 1818 4949 4848 
2929 3838 4545 2727 2525 4040 5858 0 5858 2929 3333 4040 4646 5454 
2929 3838 1313 3131 3636 2020 2424 5858 0 6060 6464 1818 4949 2424 
4848 5050 5353 2929 2424 4242 6060 2929 6060 0 3939 4242 7575 5656 
4545 5454 5151 3333 3232 4646 6464 3333 6464 3939 0 4646 7171 6060 
1414 2323 2626 1717 3131 3030 1818 4040 1818 4242 4646 0 4040 3939 
2727 2929 3636 4646 7171 5555 4949 4646 4949 7575 7171 4040 0 4646 
5353 6262 1313 2727 4343 2727 4848 5454 2424 5656 6060 3939 4646 0 
