# rmTSP_20_2_20_euklid_101_100.mat
# n=20
# k=2
# a=20
# d="euklid"
# s=101
20
0 678 735 515 1491 1457 1355 714 808 1220 1129 303 429 1542 1278 931 1374 647 1040 1657 
678 0 143 953 2082 1528 1940 416 1266 1898 1790 857 303 2147 1528 319 1629 1317 1528 2285 
735 143 0 931 2072 1418 1930 303 1233 1951 1862 869 416 2143 1446 404 1545 1355 1644 2290 
515 953 931 0 1143 1000 1000 728 319 1212 1249 226 833 1216 769 1266 863 614 1428 1374 
1491 2082 2072 1143 0 1518 143 1862 869 903 1182 1233 1906 101 1116 2384 1111 931 1829 303 
1457 1528 1418 1000 1518 0 1414 1116 903 2045 2169 1216 1597 1619 404 1821 416 1542 2428 1821 
1355 1940 1930 1000 143 1414 0 1720 728 869 1129 1092 1767 226 1010 2243 1015 814 1744 416 
714 416 303 728 1862 1116 1720 0 1000 1862 1821 735 571 1940 1152 707 1249 1249 1726 2102 
808 1266 1233 319 869 903 728 1000 0 1152 1266 505 1152 953 571 1581 647 647 1597 1129 
1220 1898 1951 1212 903 2045 869 1862 1152 0 303 1129 1629 863 1672 2131 1717 614 1030 814 
1129 1790 1862 1249 1182 2169 1129 1821 1266 303 0 1116 1501 1152 1821 1989 1879 639 735 1116 
303 857 869 226 1233 1216 1092 735 505 1129 1116 0 678 1293 995 1152 1088 515 1216 1428 
429 303 416 833 1906 1597 1767 571 1152 1629 1501 678 0 1961 1518 505 1619 1074 1229 2082 
1542 2147 2143 1216 101 1619 226 1940 953 863 1152 1293 1961 0 1216 2445 1212 958 1821 202 
1278 1528 1446 769 1116 404 1010 1152 571 1672 1821 995 1518 1216 0 1843 101 1216 2161 1418 
931 319 404 1266 2384 1821 2243 707 1581 2131 1989 1152 505 2445 1843 0 1943 1578 1619 2575 
1374 1629 1545 863 1111 416 1015 1249 647 1717 1879 1088 1619 1212 101 1943 0 1286 2243 1414 
647 1317 1355 614 931 1542 814 1249 647 614 639 515 1074 958 1216 1578 1286 0 995 1040 
1040 1528 1644 1428 1829 2428 1744 1726 1597 1030 735 1216 1229 1821 2161 1619 2243 995 0 1821 
1657 2285 2290 1374 303 1821 416 2102 1129 814 1116 1428 2082 202 1418 2575 1414 1040 1821 0 
