# rmTSP_11_8_40_manhattan_101_100.mat
# n=11
# k=8
# a=40
# d="manhattan"
# s=101
11
0 16766 13332 13534 8787 10403 10908 12322 6161 8484 6363 
16766 0 17170 14342 18281 9797 11716 7070 16867 13332 15049 
13332 17170 0 11514 12423 14241 8282 16564 7777 14140 19695 
13534 14342 11514 0 12827 14847 11716 13736 10403 7878 15857 
8787 18281 12423 12827 0 9494 8787 18281 7474 10201 8888 
10403 9797 14241 14847 9494 0 7171 9797 10302 11211 8888 
10908 11716 8282 11716 8787 7171 0 12120 7575 10504 11615 
12322 7070 16564 13736 18281 9797 12120 0 13433 10706 13231 
6161 16867 7777 10403 7474 10302 7575 13433 0 7777 12524 
8484 13332 14140 7878 10201 11211 10504 10706 7777 0 9797 
6363 15049 19695 15857 8888 8888 11615 13231 12524 9797 0 
