# rmTSP_11_8_80_maximum_1_100.mat
# n=11
# k=8
# a=80
# d="maximum"
# s=1
11
0 59 61 68 61 41 65 64 59 44 63 
59 0 71 54 74 44 73 62 43 57 62 
61 71 0 63 74 52 64 44 63 76 49 
68 54 63 0 53 58 40 59 50 70 64 
61 74 74 53 0 55 52 53 66 79 75 
41 44 52 58 55 0 57 50 51 63 55 
65 73 64 40 52 57 0 46 65 78 65 
64 62 44 59 53 50 46 0 54 67 38 
59 43 63 50 66 51 65 54 0 63 37 
44 57 76 70 79 63 78 67 63 0 67 
63 62 49 64 75 55 65 38 37 67 0 
