# rmTSP_20_4_10_euklid_101_100.mat
# n=20
# k=4
# a=10
# d="euklid"
# s=101
20
0 404 1083 463 580 931 391 1204 995 845 247 821 440 839 769 639 869 898 474 1134 
404 0 776 463 647 735 267 937 707 553 378 589 525 544 429 495 655 631 378 845 
1083 776 0 1116 1152 833 869 416 534 391 920 802 1040 378 814 942 692 685 707 226 
463 463 1116 0 958 1000 655 1359 1134 920 631 995 782 958 580 839 814 979 525 1233 
580 647 1152 958 0 869 429 1092 915 863 463 562 319 857 1015 416 1174 958 863 1092 
931 735 833 1000 869 0 821 984 1010 463 789 463 655 845 984 505 1216 1152 851 776 
391 267 869 655 429 821 0 909 655 647 303 544 429 553 614 440 763 606 525 886 
1204 937 416 1359 1092 984 909 0 391 589 1000 795 1083 416 1030 979 892 678 937 286 
995 707 534 1134 915 1010 655 391 0 614 839 707 958 247 749 839 678 319 802 525 
845 553 391 920 863 463 647 589 614 0 670 474 707 416 742 589 821 763 589 378 
247 378 920 631 463 789 303 1000 839 670 0 655 303 678 795 515 845 814 429 937 
821 589 802 995 562 463 544 795 707 474 655 0 525 631 845 247 1088 863 833 714 
440 525 1040 782 319 655 429 1083 958 707 303 525 0 821 942 335 1102 1000 678 1005 
839 544 378 958 857 845 553 416 247 416 678 631 821 0 647 735 562 378 580 416 
769 429 814 580 1015 984 614 1030 749 742 795 845 942 647 0 821 553 580 623 947 
639 495 942 839 416 505 440 979 839 589 515 247 335 735 821 0 1097 920 769 892 
869 655 692 814 1174 1216 763 892 678 821 845 1088 1102 562 553 1097 0 463 534 869 
898 631 685 979 958 1152 606 678 319 763 814 863 1000 378 580 920 463 0 721 763 
474 378 707 525 863 851 525 937 802 589 429 833 678 580 623 769 534 721 0 821 
1134 845 226 1233 1092 776 886 286 525 378 937 714 1005 416 947 892 869 763 821 0 
