# rmTSP_12_6_80_manhattan_101_100.mat
# n=12
# k=6
# a=80
# d="manhattan"
# s=101
12
0 13635 15453 27977 19796 11817 22220 11918 11211 13130 17877 21008 
13635 0 14544 15958 12625 8888 16463 16463 11514 9797 5252 17473 
15453 14544 0 22422 18887 12120 13029 14443 22220 18281 14544 13635 
27977 15958 22422 0 13029 17978 12221 22321 17372 22725 18584 14039 
19796 12625 18887 13029 0 12221 18584 12120 18887 14746 16059 16362 
11817 8888 12120 17978 12221 0 21311 8383 10706 14443 12928 21715 
22220 16463 13029 12221 18584 21311 0 22422 24745 22422 16059 4444 
11918 16463 14443 22321 12120 8383 22422 0 17271 21008 19089 21008 
11211 11514 22220 17372 18887 10706 24745 17271 0 13433 14948 28179 
13130 9797 18281 22725 14746 14443 22422 21008 13433 0 12019 22826 
17877 5252 14544 18584 16059 12928 16059 19089 14948 12019 0 16463 
21008 17473 13635 14039 16362 21715 4444 21008 28179 22826 16463 0 
