# rmTSP_14_2_20_manhattan_1_100.mat
# n=14
# k=2
# a=20
# d="manhattan"
# s=1
14
0 21 22 16 15 11 7 5 24 25 16 10 19 23 
21 0 3 21 14 16 28 18 5 6 15 11 14 10 
22 3 0 18 15 15 29 19 2 3 12 12 17 7 
16 21 18 0 31 5 17 11 16 15 6 26 35 13 
15 14 15 31 0 26 16 20 17 18 25 5 4 20 
11 16 15 5 26 0 14 6 17 18 9 21 30 16 
7 28 29 17 16 14 0 10 31 32 23 17 20 30 
5 18 19 11 20 6 10 0 21 22 13 15 24 20 
24 5 2 16 17 17 31 21 0 1 10 14 19 5 
25 6 3 15 18 18 32 22 1 0 9 15 20 4 
16 15 12 6 25 9 23 13 10 9 0 20 29 7 
10 11 12 26 5 21 17 15 14 15 20 0 9 15 
19 14 17 35 4 30 20 24 19 20 29 9 0 24 
23 10 7 13 20 16 30 20 5 4 7 15 24 0 
