# rmTSP_11_6_80_euklid_1_100.mat
# n=11
# k=6
# a=80
# d="euklid"
# s=1
11
0 105 80 105 57 108 113 98 106 114 64 
105 0 69 72 78 81 76 61 105 79 99 
80 69 0 86 58 72 70 88 71 73 53 
105 72 86 0 99 61 37 97 83 57 96 
57 78 58 99 0 93 105 95 82 110 81 
108 81 72 61 93 0 53 115 86 48 97 
113 76 70 37 105 53 0 102 75 36 85 
98 61 88 97 95 115 102 0 130 94 87 
106 105 71 83 82 86 75 130 0 98 91 
114 79 73 57 110 48 36 94 98 0 82 
64 99 53 96 81 97 85 87 91 82 0 
