# rmTSP_13_4_10_euklid_101_100.mat
# n=13
# k=4
# a=10
# d="euklid"
# s=101
13
0 892 1010 1020 931 463 474 525 553 795 1152 1152 589 
892 0 553 515 631 580 623 721 937 429 534 378 553 
1010 553 0 892 692 875 685 1092 1270 845 623 655 845 
1020 515 892 0 814 851 869 692 869 378 769 639 534 
931 631 692 814 0 845 484 979 942 898 335 505 909 
463 580 875 851 845 0 484 429 631 562 953 875 484 
474 623 685 869 484 484 0 692 700 756 714 769 655 
525 721 1092 692 979 429 692 0 391 440 1102 1005 335 
553 937 1270 869 942 631 700 391 0 756 1152 1116 655 
795 429 845 378 898 562 756 440 756 0 892 742 247 
1152 534 623 769 335 953 714 1102 1152 892 0 247 979 
1152 378 655 639 505 875 769 1005 1116 742 247 0 880 
589 553 845 534 909 484 655 335 655 247 979 880 0 
