# rmTSP_16_2_20_manhattan_1_100.mat
# n=16
# k=2
# a=20
# d="manhattan"
# s=1
16
0 17 14 20 9 25 16 19 26 20 9 19 21 21 7 13 
17 0 3 15 8 8 7 10 9 11 14 22 4 4 16 10 
14 3 0 16 5 11 6 9 12 10 11 23 7 7 17 11 
20 15 16 0 13 15 22 25 16 26 17 7 11 19 15 7 
9 8 5 13 0 16 9 12 17 13 6 20 12 12 14 8 
25 8 11 15 16 0 13 12 1 11 22 22 4 4 20 12 
16 7 6 22 9 13 0 3 14 4 9 29 11 9 23 17 
19 10 9 25 12 12 3 0 13 3 10 32 14 8 26 20 
26 9 12 16 17 1 14 13 0 10 23 23 5 5 21 13 
20 11 10 26 13 11 4 3 10 0 13 33 15 7 27 21 
9 14 11 17 6 22 9 10 23 13 0 22 18 18 16 10 
19 22 23 7 20 22 29 32 23 33 22 0 18 26 14 12 
21 4 7 11 12 4 11 14 5 15 18 18 0 8 16 8 
21 4 7 19 12 4 9 8 5 7 18 26 8 0 20 14 
7 16 17 15 14 20 23 26 21 27 16 14 16 20 0 8 
13 10 11 7 8 12 17 20 13 21 10 12 8 14 8 0 
