# rmTSP_11_4_80_manhattan_1_100.mat
# n=11
# k=4
# a=80
# d="manhattan"
# s=1
11
0 105 178 194 70 206 82 178 97 108 79 
105 0 107 93 77 155 135 119 130 101 98 
178 107 0 110 108 48 124 38 105 78 123 
194 93 110 0 128 86 162 146 179 96 127 
70 77 108 128 0 136 58 144 53 38 51 
206 155 48 86 136 0 130 82 133 98 131 
82 135 124 162 58 130 0 162 39 88 39 
178 119 38 146 144 82 162 0 143 116 161 
97 130 105 179 53 133 39 143 0 83 76 
108 101 78 96 38 98 88 116 83 0 81 
79 98 123 127 51 131 39 161 76 81 0 
