# rmTSP_16_4_80_manhattan_1_100.mat
# n=16
# k=4
# a=80
# d="manhattan"
# s=1
16
0 54 57 67 104 48 73 93 59 79 139 93 51 114 142 45 
54 0 57 71 120 92 93 137 113 61 105 59 49 162 158 93 
57 57 0 60 63 105 64 90 102 72 82 56 88 123 101 78 
67 71 60 0 121 103 70 72 82 124 84 60 44 137 143 90 
104 120 63 121 0 132 109 127 95 123 105 117 149 100 62 93 
48 92 105 103 132 0 115 115 75 77 187 141 77 98 170 39 
73 93 64 70 109 115 0 72 122 120 90 110 98 85 101 88 
93 137 90 72 127 115 72 0 88 162 92 90 112 123 119 116 
59 113 102 82 95 75 122 88 0 138 146 100 92 111 131 62 
79 61 72 124 123 77 120 162 138 0 136 102 102 123 161 88 
139 105 82 84 105 187 90 92 146 136 0 60 112 159 89 160 
93 59 56 60 117 141 110 90 100 102 60 0 86 179 129 114 
51 49 88 44 149 77 98 112 92 102 112 86 0 165 187 96 
114 162 123 137 100 98 85 123 111 123 159 179 165 0 132 69 
142 158 101 143 62 170 101 119 131 161 89 129 187 132 0 135 
45 93 78 90 93 39 88 116 62 88 160 114 96 69 135 0 
