# rmTSP_13_4_20_euklid_1_100.mat
# n=13
# k=4
# a=20
# d="euklid"
# s=1
13
0 8 12 19 15 21 16 21 14 24 20 20 14 
8 0 15 17 18 18 10 19 10 23 16 18 15 
12 15 0 13 12 16 17 14 15 15 18 18 7 
19 17 13 0 20 6 12 13 13 8 6 21 7 
15 18 12 20 0 19 19 13 14 21 23 12 17 
21 18 16 6 19 0 10 12 11 10 7 19 12 
16 10 17 12 19 10 0 14 5 17 9 16 15 
21 19 14 13 13 12 14 0 12 12 16 10 15 
14 10 15 13 14 11 5 12 0 17 12 13 14 
24 23 15 8 21 10 17 12 17 0 12 21 11 
20 16 18 6 23 7 9 16 12 12 0 22 13 
20 18 18 21 12 19 16 10 13 21 22 0 21 
14 15 7 7 17 12 15 15 14 11 13 21 0 
