# rmTSP_10_4_80_maximum_101_100.mat
# n=10
# k=4
# a=80
# d="maximum"
# s=101
10
0 6363 4242 6363 5050 4646 6464 4040 3838 2222 
6363 0 6565 6969 6969 5252 6363 7474 6262 6262 
4242 6565 0 6565 2424 2626 3434 4141 5555 4141 
6363 6969 6565 0 6969 5252 6666 7474 6060 5151 
5050 6969 2424 6969 0 1717 2323 2424 4949 4949 
4646 5252 2626 5252 1717 0 4040 4141 4545 4545 
6464 6363 3434 6666 2323 4040 0 3636 6363 6363 
4040 7474 4141 7474 2424 4141 3636 0 3636 4444 
3838 6262 5555 6060 4949 4545 6363 3636 0 3737 
2222 6262 4141 5151 4949 4545 6363 4444 3737 0 
