# rmTSP_16_8_40_manhattan_101_100.mat
# n=16
# k=8
# a=40
# d="manhattan"
# s=101
16
0 8484 10100 13332 13433 8383 11211 11211 11615 11615 10807 8585 9595 12322 5252 13635 
8484 0 10302 12120 12827 8787 10807 16059 8181 9191 12625 10807 11211 12120 9292 16463 
10100 10302 0 6868 7575 8585 13433 12625 9191 13231 11817 11615 8181 12120 10100 12625 
13332 12120 6868 0 11413 10807 13635 11009 11817 12827 18281 10403 7979 12928 10302 14847 
13433 12827 7575 11413 0 10302 8888 10100 12726 14544 9898 8686 7272 8383 11009 9292 
8383 8787 8585 10807 10302 0 8080 11716 12726 12928 9494 11716 9090 8989 5353 15958 
11211 10807 13433 13635 8888 8080 0 13736 18584 13938 8686 10908 7272 12221 8181 15958 
11211 16059 12625 11009 10100 11716 13736 0 17170 12322 11716 7676 8282 6767 7979 9898 
11615 8181 9191 11817 12726 12726 18584 17170 0 12928 15958 12322 14140 14645 14847 11312 
11615 9191 13231 12827 14544 12928 13938 12322 12928 0 11312 9292 12928 9999 11817 12120 
10807 12625 11817 18281 9898 9494 8686 11716 15958 11312 0 12120 10706 9797 9393 10504 
8585 10807 11615 10403 8686 11716 10908 7676 12322 9292 12120 0 8282 7575 9797 7272 
9595 11211 8181 7979 7272 9090 7272 8282 14140 12928 10706 8282 0 11615 5353 11918 
12322 12120 12120 12928 8383 8989 12221 6767 14645 9999 9797 7575 11615 0 10100 9393 
5252 9292 10100 10302 11009 5353 8181 7979 14847 11817 9393 9797 5353 10100 0 15049 
13635 16463 12625 14847 9292 15958 15958 9898 11312 12120 10504 7272 11918 9393 15049 0 
