# rmTSP_13_6_20_manhattan_1_100.mat
# n=13
# k=6
# a=20
# d="manhattan"
# s=1
13
0 35 44 69 42 54 57 31 47 44 35 49 36 
35 0 33 50 21 55 52 22 46 11 42 36 51 
44 33 0 57 36 50 45 53 37 30 45 33 54 
69 50 57 0 39 73 50 44 44 39 54 46 43 
42 21 36 39 0 56 53 25 59 16 41 51 54 
54 55 50 73 56 0 37 53 67 54 23 51 40 
57 52 45 50 53 37 0 42 66 45 48 52 31 
31 22 53 44 25 53 42 0 52 23 34 48 39 
47 46 37 44 59 67 66 52 0 45 44 16 43 
44 11 30 39 16 54 45 23 45 0 41 35 50 
35 42 45 54 41 23 48 34 44 41 0 40 23 
49 36 33 46 51 51 52 48 16 35 40 0 43 
36 51 54 43 54 40 31 39 43 50 23 43 0 
