# rmTSP_17_8_80_maximum_1_100.mat
# n=17
# k=8
# a=80
# d="maximum"
# s=1
17
0 45 37 41 55 23 60 51 54 49 22 47 65 55 49 53 41 
45 0 54 51 50 59 55 50 52 52 59 50 70 43 41 50 56 
37 54 0 57 71 29 76 43 56 59 29 56 63 64 61 62 35 
41 51 57 0 45 49 55 48 57 56 32 50 62 58 55 59 38 
55 50 71 45 0 59 59 57 67 57 63 65 62 59 56 65 52 
23 59 29 49 59 0 64 49 61 64 29 57 52 64 63 67 34 
60 55 76 55 59 64 0 62 52 65 50 67 39 72 42 70 57 
51 50 43 48 57 49 62 0 57 58 38 59 59 67 47 65 45 
54 52 56 57 67 61 52 57 0 61 43 50 72 68 55 56 58 
49 52 59 56 57 64 65 58 61 0 69 55 75 72 43 61 73 
22 59 29 32 63 29 50 38 43 69 0 68 52 76 35 74 28 
47 50 56 50 65 57 67 59 50 55 68 0 68 48 70 33 54 
65 70 63 62 62 52 39 59 72 75 52 68 0 72 74 78 44 
55 43 64 58 59 64 72 67 68 72 76 48 72 0 63 52 58 
49 41 61 55 56 63 42 47 55 43 35 70 74 63 0 70 60 
53 50 62 59 65 67 70 65 56 61 74 33 78 52 70 0 64 
41 56 35 38 52 34 57 45 58 73 28 54 44 58 60 64 0 
