# rmTSP_10_4_20_euklid_101_100.mat
# n=10
# k=4
# a=20
# d="euklid"
# s=101
10
0 1045 1293 2015 1812 1741 1355 827 1956 1693 
1045 0 1860 2541 2384 2386 598 1629 2377 1377 
1293 1860 0 1635 1505 2468 1895 1793 1522 1930 
2015 2541 1635 0 769 1908 2299 2121 440 2038 
1812 2384 1505 769 0 1681 2190 2102 580 1705 
1741 2386 2468 1908 1681 0 2418 1532 1995 2272 
1355 598 1895 2299 2190 2418 0 1924 2087 974 
827 1629 1793 2121 2102 1532 1924 0 2227 2334 
1956 2377 1522 440 580 1995 2087 2227 0 1696 
1693 1377 1930 2038 1705 2272 974 2334 1696 0 
