# rmTSP_10_4_20_maximum_1_100.mat
# n=10
# k=4
# a=20
# d="maximum"
# s=1
10
0 9 8 16 10 7 12 10 11 15 
9 0 9 7 5 8 9 8 12 9 
8 9 0 15 12 15 18 12 13 18 
16 7 15 0 9 15 4 15 19 12 
10 5 12 9 0 13 10 6 13 10 
7 8 15 15 13 0 11 13 14 13 
12 9 18 4 10 11 0 11 15 12 
10 8 12 15 6 13 11 0 13 14 
11 12 13 19 13 14 15 13 0 18 
15 9 18 12 10 13 12 14 18 0 
