# rmTSP_12_3_20_euklid_1_100.mat
# n=12
# k=3
# a=20
# d="euklid"
# s=1
12
0 10 2 10 22 17 13 11 18 17 6 9 
10 0 9 8 19 10 16 13 14 16 12 11 
2 9 0 10 21 16 12 10 17 16 7 8 
10 8 10 0 14 10 14 12 12 10 7 11 
22 19 21 14 0 11 17 15 8 6 20 18 
17 10 16 10 11 0 16 13 7 12 17 13 
13 16 12 14 17 16 0 3 12 11 15 6 
11 13 10 12 15 13 3 0 10 10 13 4 
18 14 17 12 8 7 12 10 0 8 18 11 
17 16 16 10 6 12 11 10 8 0 15 13 
6 12 7 7 20 17 15 13 18 15 0 13 
9 11 8 11 18 13 6 4 11 13 13 0 
