# rmTSP_19_8_40_euklid_1_100.mat
# n=19
# k=8
# a=40
# d="euklid"
# s=1
19
0 46 12 50 53 29 36 28 52 48 46 35 46 29 51 44 33 52 44 
46 0 46 28 41 53 55 43 32 40 50 49 40 47 47 35 48 26 21 
12 46 0 51 51 38 39 28 50 44 42 35 47 30 55 37 35 52 45 
50 28 51 0 34 56 46 46 41 39 49 52 31 46 48 38 52 35 32 
53 41 51 34 0 50 58 60 42 57 49 64 26 59 58 44 49 25 43 
29 53 38 56 50 0 49 49 53 66 59 56 45 52 53 61 33 49 50 
36 55 39 46 58 49 0 34 63 49 46 46 54 40 69 56 54 61 44 
28 43 28 46 60 49 34 0 49 41 51 18 56 29 50 39 38 57 43 
52 32 50 41 42 53 63 49 0 43 47 53 50 57 50 47 35 32 44 
48 40 44 39 57 66 49 41 43 0 35 49 52 42 60 41 55 53 44 
46 50 42 49 49 59 46 51 47 35 0 57 55 44 76 53 56 47 44 
35 49 35 52 64 56 46 18 53 49 57 0 63 27 50 40 40 60 51 
46 40 47 31 26 45 54 56 50 52 55 63 0 54 48 42 50 37 44 
29 47 30 46 59 52 40 29 57 42 44 27 54 0 56 40 48 56 45 
51 47 55 48 58 53 69 50 50 60 76 50 48 56 0 47 40 57 62 
44 35 37 38 44 61 56 39 47 41 53 40 42 40 47 0 49 45 44 
33 48 35 52 49 33 54 38 35 55 56 40 50 48 40 49 0 48 54 
52 26 52 35 25 49 61 57 32 53 47 60 37 56 57 45 48 0 30 
44 21 45 32 43 50 44 43 44 44 44 51 44 45 62 44 54 30 0 
