# rmTSP_14_8_80_euklid_101_100.mat
# n=14
# k=8
# a=80
# d="euklid"
# s=101
14
0 8346 7346 7068 8387 5418 8564 8096 6357 8435 6843 6453 9065 6145 
8346 0 9334 8796 12219 8771 9718 6594 11593 12520 6440 7637 9747 9762 
7346 9334 0 7791 7290 7672 8824 10358 8895 10907 6565 8261 9889 7226 
7068 8796 7791 0 11205 9955 11587 11248 10515 11402 6542 11074 9160 10848 
8387 12219 7290 11205 0 8847 5924 11590 7452 7829 9998 8644 9681 4658 
5418 8771 7672 9955 8847 0 8803 9086 7185 10599 5687 6753 11361 6654 
8564 9718 8824 11587 5924 8803 0 10938 8720 10212 9127 8011 10533 6108 
8096 6594 10358 11248 11590 9086 10938 0 10313 9856 9547 6368 8671 7551 
6357 11593 8895 10515 7452 7185 8720 10313 0 10643 8826 10150 7832 6046 
8435 12520 10907 11402 7829 10599 10212 9856 10643 0 11947 8083 10897 6844 
6843 6440 6565 6542 9998 5687 9127 9547 8826 11947 0 9031 9818 8775 
6453 7637 8261 11074 8644 6753 8011 6368 10150 8083 9031 0 11289 5561 
9065 9747 9889 9160 9681 11361 10533 8671 7832 10897 9818 11289 0 8506 
6145 9762 7226 10848 4658 6654 6108 7551 6046 6844 8775 5561 8506 0 
