# rmTSP_14_4_80_euklid_1_100.mat
# n=14
# k=4
# a=80
# d="euklid"
# s=1
14
0 77 66 65 53 66 32 42 73 85 76 91 34 94 
77 0 61 75 26 70 61 76 86 57 95 36 71 72 
66 61 0 85 46 68 60 51 108 70 76 61 39 101 
65 75 85 0 66 70 80 94 31 54 43 67 78 36 
53 26 46 66 0 63 38 55 79 55 81 47 48 75 
66 70 68 70 63 0 75 60 78 93 80 72 55 85 
32 61 60 80 38 75 0 40 88 82 94 84 40 99 
42 76 51 94 55 60 40 0 105 102 97 93 20 117 
73 86 108 31 79 78 88 105 0 78 72 86 94 44 
85 57 70 54 55 93 82 102 78 0 61 41 86 50 
76 95 76 43 81 80 94 97 72 61 0 77 78 67 
91 36 61 67 47 72 84 93 86 41 77 0 81 58 
34 71 39 78 48 55 40 20 94 86 78 81 0 103 
94 72 101 36 75 85 99 117 44 50 67 58 103 0 
