# rmTSP_19_4_10_euklid_101_100.mat
# n=19
# k=4
# a=10
# d="euklid"
# s=101
19
0 589 606 827 655 440 662 452 782 1078 580 776 678 655 515 678 909 350 623 
589 0 1040 827 553 851 692 795 1220 1186 598 1120 662 937 795 391 735 474 1078 
606 1040 0 1074 769 909 1092 495 350 869 875 735 802 869 845 898 1005 880 869 
827 827 1074 0 776 1097 534 1015 1396 776 319 606 845 875 525 714 685 974 814 
655 553 769 776 0 995 749 553 1020 857 505 875 721 1078 880 335 335 685 1050 
440 851 909 1097 995 0 742 647 1005 1474 869 1000 1097 931 763 1059 1229 416 598 
662 692 1092 534 749 742 0 814 1366 1174 378 756 1040 1025 631 795 769 647 647 
452 795 495 1015 553 647 814 0 670 1097 721 814 920 1040 869 776 827 534 795 
782 1220 350 1396 1020 1005 1366 670 0 1169 1182 1064 974 1020 1097 1129 1297 1010 1097 
1078 1186 869 776 857 1474 1174 1097 1169 0 814 721 802 1020 926 851 802 1332 1195 
580 598 875 319 505 869 378 721 1182 814 0 589 742 851 505 515 515 692 721 
776 1120 735 606 875 1000 756 814 1064 721 589 0 1000 898 598 979 892 1035 544 
678 662 802 845 721 1097 1040 920 974 802 742 1000 0 580 692 495 892 875 1129 
655 937 869 875 1078 931 1025 1040 1020 1020 851 898 580 0 429 931 1241 937 845 
515 795 845 525 880 763 631 869 1097 926 505 598 692 429 0 802 984 769 534 
678 391 898 714 335 1059 795 776 1129 851 515 979 495 931 802 0 474 721 1129 
909 735 1005 685 335 1229 769 827 1297 802 515 892 892 1241 984 474 0 942 1165 
350 474 880 974 685 416 647 534 1010 1332 692 1035 875 937 769 721 942 0 821 
623 1078 869 814 1050 598 647 795 1097 1195 721 544 1129 845 534 1129 1165 821 0 
