# rmTSP_13_2_40_maximum_1_100.mat
# n=13
# k=2
# a=40
# d="maximum"
# s=1
13
0 22 11 3 8 20 24 9 12 14 14 22 10 
22 0 15 25 14 22 8 25 10 16 8 12 26 
11 15 0 14 3 9 23 14 5 3 13 21 15 
3 25 14 0 11 23 22 7 15 17 17 20 8 
8 14 3 11 0 12 20 11 4 6 10 18 12 
20 22 9 23 12 0 30 23 12 6 20 28 24 
24 8 23 22 20 30 0 17 18 24 10 4 18 
9 25 14 7 11 23 17 0 15 17 17 13 1 
12 10 5 15 4 12 18 15 0 6 8 16 16 
14 16 3 17 6 6 24 17 6 0 14 22 18 
14 8 13 17 10 20 10 17 8 14 0 8 18 
22 12 21 20 18 28 4 13 16 22 8 0 14 
10 26 15 8 12 24 18 1 16 18 18 14 0 
