# rmTSP_15_8_40_maximum_101_100.mat
# n=15
# k=8
# a=40
# d="maximum"
# s=101
15
0 3434 2323 2121 2222 3737 2828 2626 3838 2929 3838 2727 2121 3434 2525 
3434 0 2626 2525 2929 3333 2626 3333 3737 2424 2121 3737 3434 2525 3333 
2323 2626 0 2222 2323 2929 2424 2323 3030 1919 3030 3131 1313 2929 2929 
2121 2525 2222 0 1111 2727 2929 2626 2828 2121 2222 2121 2222 2828 2121 
2222 2929 2323 1111 0 3434 3030 2929 3535 2222 3030 2626 2323 3535 2424 
3737 3333 2929 2727 3434 0 2121 3232 2626 2525 3838 3232 3737 3838 3636 
2828 2626 2424 2929 3030 2121 0 3030 2222 2424 3434 2626 2323 3636 2929 
2626 3333 2323 2626 2929 3232 3030 0 3333 2323 3333 3434 2929 3333 2929 
3838 3737 3030 2828 3535 2626 2222 3333 0 2020 1818 2828 3838 2424 3737 
2929 2424 1919 2121 2222 2525 2424 2323 2020 0 2929 2929 1919 2929 2424 
3838 2121 3030 2222 3030 3838 3434 3333 1818 2929 0 2828 3838 2222 3737 
2727 3737 3131 2121 2626 3232 2626 3434 2828 2929 2828 0 2424 2828 3333 
2121 3434 1313 2222 2323 3737 2323 2929 3838 1919 3838 2424 0 3434 2424 
3434 2525 2929 2828 3535 3838 3636 3333 2424 2929 2222 2828 3434 0 3333 
2525 3333 2929 2121 2424 3636 2929 2929 3737 2424 3737 3333 2424 3333 0 
