# rmTSP_11_4_20_manhattan_101_100.mat
# n=11
# k=4
# a=20
# d="manhattan"
# s=101
11
0 2626 4545 4040 4545 2727 2727 5858 4747 909 3434 
2626 0 1919 4040 2525 2525 2525 3838 2323 1919 2020 
4545 1919 0 2929 2424 2222 2626 1919 1414 3636 2525 
4040 4040 2929 0 3737 1919 2121 2626 2727 4141 3434 
4545 2525 2424 3737 0 3838 3838 2929 1414 3838 1111 
2727 2525 2222 1919 3838 0 404 4141 3434 2828 3737 
2727 2525 2626 2121 3838 404 0 4545 3636 2828 3939 
5858 3838 1919 2626 2929 4141 4545 0 1515 4949 2828 
4747 2323 1414 2727 1414 3434 3636 1515 0 3838 1717 
909 1919 3636 4141 3838 2828 2828 4949 3838 0 2727 
3434 2020 2525 3434 1111 3737 3939 2828 1717 2727 0 
