# rmTSP_11_3_40_euklid_101_100.mat
# n=11
# k=3
# a=40
# d="euklid"
# s=101
11
0 1619 2866 1015 1729 1000 2082 2386 2952 2460 2220 
1619 0 3548 2403 2411 2007 3347 2674 4086 2272 3650 
2866 3548 0 2507 4080 2384 1846 1313 2082 2227 4083 
1015 2403 2507 0 2571 580 1922 2533 2837 2931 1790 
1729 2411 4080 2571 0 2720 2721 3308 3308 3073 2889 
1000 2007 2384 580 2720 0 2169 2299 3060 2636 2288 
2082 3347 1846 1922 2721 2169 0 1881 920 2466 2965 
2386 2674 1313 2533 3308 2299 1881 0 2176 920 4195 
2952 4086 2082 2837 3308 3060 920 2176 0 2760 3764 
2460 2272 2227 2931 3073 2636 2466 920 2760 0 4537 
2220 3650 4083 1790 2889 2288 2965 4195 3764 4537 0 
