# rmTSP_18_3_40_manhattan_101_100.mat
# n=18
# k=3
# a=40
# d="manhattan"
# s=101
18
0 1616 1919 1616 2727 3737 3030 4848 4343 3434 2626 1212 5454 4242 1414 6969 2828 808 
1616 0 2121 3030 3939 3939 4444 6464 4747 3636 2626 2626 5656 4646 2424 8383 3232 2222 
1919 2121 0 2929 3030 2020 4343 6363 3636 1515 1111 2121 3535 3939 2525 7474 1919 2121 
1616 3030 2929 0 1717 4949 1616 3434 3333 4444 4040 808 4848 3232 2828 5353 3232 1818 
2727 3939 3030 1717 0 3232 3131 5151 4444 2727 4141 1515 3131 4343 3737 4444 4141 2727 
3737 3939 2020 4949 3232 0 6363 8383 5656 505 1717 4141 2323 5959 4343 6868 3131 4141 
3030 4444 4343 1616 3131 6363 0 3636 2323 5858 5454 2222 6262 1616 4242 4141 4646 3232 
4848 6464 6363 3434 5151 8383 3636 0 3737 7878 7474 4242 8282 4040 4040 4949 5252 4242 
4343 4747 3636 3333 4444 5656 2323 3737 0 5151 4747 3737 5555 707 3535 6262 2525 3535 
3434 3636 1515 4444 2727 505 5858 7878 5151 0 2222 3636 2020 5454 4040 6363 3030 3636 
2626 2626 1111 4040 4141 1717 5454 7474 4747 2222 0 3232 4040 5050 3434 8585 2222 3232 
1212 2626 2121 808 1515 4141 2222 4242 3737 3636 3232 0 4242 3636 2424 5757 2828 1414 
5454 5656 3535 4848 3131 2323 6262 8282 5555 2020 4040 4242 0 5858 6060 4747 4040 5454 
4242 4646 3939 3232 4343 5959 1616 4040 707 5454 5050 3636 5858 0 3838 5757 3030 3434 
1414 2424 2525 2828 3737 4343 4242 4040 3535 4040 3434 2424 6060 3838 0 8181 2222 1010 
6969 8383 7474 5353 4444 6868 4141 4949 6262 6363 8585 5757 4747 5757 8181 0 8585 7171 
2828 3232 1919 3232 4141 3131 4646 5252 2525 3030 2222 2828 4040 3030 2222 8585 0 2020 
808 2222 2121 1818 2727 4141 3232 4242 3535 3636 3232 1414 5454 3434 1010 7171 2020 0 
