# rmTSP_10_4_10_manhattan_1_100.mat
# n=10
# k=4
# a=10
# d="manhattan"
# s=1
10
0 24 18 8 4 19 20 20 11 11 
24 0 12 18 20 7 16 8 17 13 
18 12 0 22 16 9 20 10 21 9 
8 18 22 0 10 13 16 20 7 13 
4 20 16 10 0 15 16 16 11 7 
19 7 9 13 15 0 11 7 12 8 
20 16 20 16 16 11 0 14 11 19 
20 8 10 20 16 7 14 0 19 9 
11 17 21 7 11 12 11 19 0 16 
11 13 9 13 7 8 19 9 16 0 
