# rmTSP_10_3_40_euklid_101_100.mat
# n=10
# k=3
# a=40
# d="euklid"
# s=101
10
0 2541 1657 2595 2691 1293 2952 2272 2169 3386 
2541 0 2938 1528 1501 1501 2327 2851 795 2823 
1657 2938 0 2837 3025 2121 3098 776 2325 4016 
2595 1528 2837 0 2924 1370 3656 2721 1035 4237 
2691 1501 3025 2924 0 2325 869 3033 1945 1478 
1293 1501 2121 1370 2325 0 2924 2360 1092 3392 
2952 2327 3098 3656 869 2924 0 3139 2636 1237 
2272 2851 776 2721 3033 2360 3139 0 2206 4196 
2169 795 2325 1035 1945 1092 2636 2206 0 3321 
3386 2823 4016 4237 1478 3392 1237 4196 3321 0 
