# rmTSP_16_2_80_manhattan_1_100.mat
# n=16
# k=2
# a=80
# d="manhattan"
# s=1
16
0 93 71 90 8 98 18 61 110 52 40 15 69 43 53 22 
93 0 22 71 91 5 77 106 17 41 91 80 50 50 40 75 
71 22 0 79 69 27 55 84 39 19 69 58 58 28 18 53 
90 71 79 0 82 72 108 53 70 82 50 105 21 97 63 112 
8 91 69 82 0 96 26 53 108 50 32 23 61 41 51 30 
98 5 27 72 96 0 82 111 18 46 96 85 51 55 45 80 
18 77 55 108 26 82 0 79 94 36 58 3 87 27 45 4 
61 106 84 53 53 111 79 0 123 65 21 76 66 68 66 83 
110 17 39 70 108 18 94 123 0 58 108 97 57 67 57 92 
52 41 19 82 50 46 36 65 58 0 50 39 61 15 19 34 
40 91 69 50 32 96 58 21 108 50 0 55 51 47 51 62 
15 80 58 105 23 85 3 76 97 39 55 0 84 30 42 7 
69 50 58 21 61 51 87 66 57 61 51 84 0 76 42 91 
43 50 28 97 41 55 27 68 67 15 47 30 76 0 34 25 
53 40 18 63 51 45 45 66 57 19 51 42 42 34 0 49 
22 75 53 112 30 80 4 83 92 34 62 7 91 25 49 0 
