# rmTSP_17_3_10_euklid_101_100.mat
# n=17
# k=3
# a=10
# d="euklid"
# s=101
17
0 821 839 226 742 1059 226 525 1030 742 728 589 990 614 580 814 735 
821 0 614 953 1178 623 863 647 795 495 869 742 319 463 678 931 440 
839 614 0 979 1092 953 714 1020 505 647 1129 1092 678 350 833 1178 474 
226 953 979 0 931 1257 350 553 1233 953 909 721 1165 714 795 1000 937 
742 1178 1092 931 0 1000 735 1092 915 756 623 821 1134 1092 544 614 827 
1059 623 953 1257 1000 0 1120 953 742 378 623 728 378 953 544 614 505 
226 863 714 350 735 1120 0 714 931 763 863 776 1015 553 655 937 714 
525 647 1020 553 1092 953 714 0 1225 789 721 416 875 714 685 821 821 
1030 795 505 1233 915 742 931 1225 0 515 1010 1116 639 763 735 1015 416 
742 495 647 953 756 378 763 789 515 0 553 623 378 647 303 580 175 
728 869 1129 909 623 623 863 721 1010 553 0 319 833 1015 303 101 707 
589 742 1092 721 821 728 776 416 1116 623 319 0 821 886 416 416 735 
990 319 678 1165 1134 378 1015 875 639 378 833 821 0 678 647 863 364 
614 463 350 714 1092 953 553 714 763 647 1015 886 678 0 756 1088 515 
580 678 833 795 544 544 655 685 735 303 303 416 647 756 0 350 429 
814 931 1178 1000 614 614 937 821 1015 580 101 416 863 1088 350 0 742 
735 440 474 937 827 505 714 821 416 175 707 735 364 515 429 742 0 
