# rmTSP_11_6_10_manhattan_1_100.mat
# n=11
# k=6
# a=10
# d="manhattan"
# s=1
11
0 25 15 17 30 10 19 16 21 11 11 
25 0 18 24 17 27 16 29 28 26 26 
15 18 0 18 23 11 20 17 30 14 14 
17 24 18 0 33 13 22 7 26 16 14 
30 17 23 33 0 32 25 32 27 31 23 
10 27 11 13 32 0 15 14 27 11 11 
19 16 20 22 25 15 0 23 18 18 24 
16 29 17 7 32 14 23 0 23 11 13 
21 28 30 26 27 27 18 23 0 20 22 
11 26 14 16 31 11 18 11 20 0 14 
11 26 14 14 23 11 24 13 22 14 0 
