# rmTSP_11_4_20_manhattan_1_100.mat
# n=11
# k=4
# a=20
# d="manhattan"
# s=1
11
0 35 30 35 25 38 31 14 36 37 33 
35 0 31 24 28 21 24 23 19 22 26 
30 31 0 33 41 42 21 38 16 23 21 
35 24 33 0 10 21 34 27 31 20 34 
25 28 41 10 0 25 38 17 37 28 30 
38 21 42 21 25 0 27 30 40 21 43 
31 24 21 34 38 27 0 35 29 28 36 
14 23 38 27 17 30 35 0 34 27 27 
36 19 16 31 37 40 29 34 0 27 13 
37 22 23 20 28 21 28 27 27 0 30 
33 26 21 34 30 43 36 27 13 30 0 
