# rmTSP_18_3_40_manhattan_1_100.mat
# n=18
# k=3
# a=40
# d="manhattan"
# s=1
18
0 68 47 58 73 42 47 35 30 58 69 69 61 54 53 28 37 50 
68 0 65 46 23 62 51 57 46 16 3 35 33 34 25 62 51 54 
47 65 0 65 54 5 48 20 61 49 64 40 32 39 90 47 24 53 
58 46 65 0 65 66 17 45 60 38 47 77 55 76 43 34 83 12 
73 23 54 65 0 51 56 62 43 27 24 18 22 19 44 67 40 59 
42 62 5 66 51 0 49 21 58 46 61 41 33 36 87 48 19 54 
47 51 48 17 56 49 0 28 49 41 52 60 44 59 54 23 66 5 
35 57 20 45 62 21 28 0 47 47 58 58 50 43 76 33 38 33 
30 46 61 60 43 58 49 47 0 56 49 41 59 24 33 36 47 52 
58 16 49 38 27 46 41 47 56 0 15 39 17 38 41 52 45 44 
69 3 64 47 24 61 52 58 49 15 0 36 32 35 26 63 50 55 
69 35 40 77 18 41 60 58 41 39 36 0 22 17 56 63 32 65 
61 33 32 55 22 33 44 50 59 17 32 22 0 35 58 55 34 47 
54 34 39 76 19 36 59 43 24 38 35 17 35 0 55 58 25 64 
53 25 90 43 44 87 54 76 33 41 26 56 58 55 0 43 76 55 
28 62 47 34 67 48 23 33 36 52 63 63 55 58 43 0 65 26 
37 51 24 83 40 19 66 38 47 45 50 32 34 25 76 65 0 71 
50 54 53 12 59 54 5 33 52 44 55 65 47 64 55 26 71 0 
