# rmTSP_16_4_40_maximum_1_100.mat
# n=16
# k=4
# a=40
# d="maximum"
# s=1
16
0 22 18 23 26 20 15 21 12 19 21 17 17 20 26 29 
22 0 31 20 10 26 22 34 34 32 33 30 8 31 24 32 
18 31 0 32 35 19 27 21 25 19 18 13 23 18 35 17 
23 20 32 0 15 20 24 28 35 26 34 31 17 25 10 33 
26 10 35 15 0 23 17 31 38 29 37 34 12 28 19 36 
20 26 19 20 23 0 17 8 27 18 26 18 19 16 24 20 
15 22 27 24 17 17 0 25 21 23 20 17 23 32 17 26 
21 34 21 28 31 8 25 0 24 15 34 23 27 23 23 21 
12 34 25 35 38 27 21 24 0 18 28 24 26 27 38 36 
19 32 19 26 29 18 23 15 18 0 32 21 25 18 21 27 
21 33 18 34 37 26 20 34 28 32 0 11 25 31 37 30 
17 30 13 31 34 18 17 23 24 21 11 0 22 20 34 19 
17 8 23 17 12 19 23 27 26 25 25 22 0 24 21 24 
20 31 18 25 28 16 32 23 27 18 31 20 24 0 28 11 
26 24 35 10 19 24 17 23 38 21 37 34 21 28 0 36 
29 32 17 33 36 20 26 21 36 27 30 19 24 11 36 0 
