# rmTSP_13_6_80_euklid_101_100.mat
# n=13
# k=6
# a=80
# d="euklid"
# s=101
13
0 3588 4910 3858 9780 9394 4941 7752 7246 4701 9383 5685 5484 
3588 0 5847 4963 8870 9860 4466 8652 6237 7586 12424 4342 7354 
4910 5847 0 6712 11248 11199 6177 8561 9760 6677 11434 6700 7252 
3858 4963 6712 0 9333 8714 7136 9902 6877 5498 8983 5095 3555 
9780 8870 11248 9333 0 6155 7419 7773 5196 10067 12635 7390 9140 
9394 9860 11199 8714 6155 0 8553 7511 8902 9707 9274 8761 7375 
4941 4466 6177 7136 7419 8553 0 4789 5970 7552 11806 6744 8357 
7752 8652 8561 9902 7773 7511 4789 0 8613 8257 10580 9525 9470 
7246 6237 9760 6877 5196 8902 5970 8613 0 8118 12319 6425 8339 
4701 7586 6677 5498 10067 9707 7552 8257 8118 0 6532 7403 4633 
9383 12424 11434 8983 12635 9274 11806 10580 12319 6532 0 11868 6563 
5685 4342 6700 5095 7390 8761 6744 9525 6425 7403 11868 0 5832 
5484 7354 7252 3555 9140 7375 8357 9470 8339 4633 6563 5832 0 
