# rmTSP_16_8_10_manhattan_101_100.mat
# n=16
# k=8
# a=10
# d="manhattan"
# s=101
16
0 3333 2323 2626 1616 1919 2929 2323 1717 2626 2525 2828 2020 3535 2828 2323 
3333 0 2222 3535 2929 4040 3636 3434 3232 3131 2424 2727 2727 2222 2727 3434 
2323 2222 0 2323 2727 2626 2020 3232 2222 2323 2020 1919 1919 2828 2121 1818 
2626 3535 2323 0 3232 2929 1717 4141 2727 2828 2525 2828 2222 2525 2222 2525 
1616 2929 2727 3232 0 1919 3535 1313 2121 3232 3131 3838 2424 2929 2020 2727 
1919 4040 2626 2929 1919 0 2222 3030 2828 3737 3232 3737 1919 4040 2323 2626 
2929 3636 2020 1717 3535 2222 0 4444 3030 3131 3636 2323 2121 3838 2525 2626 
2323 3434 3232 4141 1313 3030 4444 0 1818 2323 2222 3939 2929 2626 2727 2626 
1717 3232 2222 2727 2121 2828 3030 1818 0 1919 2626 2929 2121 2020 2323 1212 
2626 3131 2323 2828 3232 3737 3131 2323 1919 0 1919 2222 2020 2525 3434 2525 
2525 2424 2020 2525 3131 3232 3636 2222 2626 1919 0 2727 2323 2222 2727 2828 
2828 2727 1919 2828 3838 3737 2323 3939 2929 2222 2727 0 2424 2929 3838 2929 
2020 2727 1919 2222 2424 1919 2121 2929 2121 2020 2323 2424 0 3131 2222 1717 
3535 2222 2828 2525 2929 4040 3838 2626 2020 2525 2222 2929 3131 0 2525 2828 
2828 2727 2121 2222 2020 2323 2525 2727 2323 3434 2727 3838 2222 2525 0 2727 
2323 3434 1818 2525 2727 2626 2626 2626 1212 2525 2828 2929 1717 2828 2727 0 
