# rmTSP_15_4_20_manhattan_1_100.mat
# n=15
# k=4
# a=20
# d="manhattan"
# s=1
15
0 11 27 17 30 19 14 34 12 35 14 19 34 33 10 
11 0 20 6 21 14 25 29 15 28 25 28 27 30 13 
27 20 0 16 21 10 25 13 21 20 29 42 25 36 17 
17 6 16 0 15 14 31 29 19 24 31 32 27 34 19 
30 21 21 15 0 19 40 28 26 21 38 35 28 39 30 
19 14 10 14 19 0 21 15 21 24 29 34 23 36 13 
14 25 25 31 40 21 0 32 20 45 18 17 38 37 12 
34 29 13 29 28 15 32 0 28 17 36 49 18 33 26 
12 15 21 19 26 21 20 28 0 29 12 21 24 21 14 
35 28 20 24 21 24 45 17 29 0 37 50 19 32 35 
14 25 29 31 38 29 18 36 12 37 0 13 20 19 22 
19 28 42 32 35 34 17 49 21 50 13 0 31 24 27 
34 27 25 27 28 23 38 18 24 19 20 31 0 15 36 
33 30 36 34 39 36 37 33 21 32 19 24 15 0 35 
10 13 17 19 30 13 12 26 14 35 22 27 36 35 0 
