# rmTSP_14_8_20_euklid_101_100.mat
# n=14
# k=8
# a=20
# d="euklid"
# s=101
14
0 1538 1860 2070 2495 2015 2249 2102 1498 1916 2519 1868 1460 1647 
1538 0 2183 1635 1435 1767 2123 1987 1749 2276 2236 2495 1971 2166 
1860 2183 0 2553 2521 2401 1711 1922 1249 2233 2206 2274 979 1174 
2070 1635 2553 0 2474 2607 2334 1650 2104 2563 1558 3013 2497 2641 
2495 1435 2521 2474 0 1641 2050 2384 2364 2490 2777 3043 2517 2495 
2015 1767 2401 2607 1641 0 2630 2426 2347 2466 2710 1995 2537 2272 
2249 2123 1711 2334 2050 2630 0 1711 1714 2245 2583 2878 1746 2166 
2102 1987 1922 1650 2384 2426 1711 0 1174 1810 1297 2464 2267 2561 
1498 1749 1249 2104 2364 2347 1714 1174 0 1552 1773 2109 1432 1879 
1916 2276 2233 2563 2490 2466 2245 1810 1552 0 2539 2941 2349 2373 
2519 2236 2206 1558 2777 2710 2583 1297 1773 2539 0 2799 2561 2657 
1868 2495 2274 3013 3043 1995 2878 2464 2109 2941 2799 0 2332 2503 
1460 1971 979 2497 2517 2537 1746 2267 1432 2349 2561 2332 0 920 
1647 2166 1174 2641 2495 2272 2166 2561 1879 2373 2657 2503 920 0 
