# rmTSP_11_8_40_euklid_101_100.mat
# n=11
# k=8
# a=40
# d="euklid"
# s=101
11
0 3998 5058 5377 2967 3975 5078 4549 2701 3018 5657 
3998 0 5334 5542 3362 1840 4994 3467 4701 4971 6216 
5058 5334 0 3757 5397 5997 3611 3900 5436 3985 4468 
5377 5542 3757 0 4874 5406 2626 4424 4599 3967 4336 
2967 3362 5397 4874 0 2993 4362 3849 2527 3139 6259 
3975 1840 5997 5406 2993 0 5446 3774 3953 4737 6084 
5078 4994 3611 2626 4362 5446 0 3572 4753 4111 4813 
4549 3467 3900 4424 3849 3774 3572 0 4358 3776 4644 
2701 4701 5436 4599 2527 3953 4753 4358 0 2626 5849 
3018 4971 3985 3967 3139 4737 4111 3776 2626 0 5295 
5657 6216 4468 4336 6259 6084 4813 4644 5849 5295 0 
