# rmTSP_20_4_80_euklid_1_100.mat
# n=20
# k=4
# a=80
# d="euklid"
# s=1
20
0 87 89 53 53 41 91 82 85 15 55 76 70 63 83 50 53 46 61 69 
87 0 55 51 84 50 52 60 25 92 89 59 77 67 53 95 80 74 58 84 
89 55 0 37 72 54 44 89 62 97 84 34 66 36 72 78 60 93 77 73 
53 51 37 0 45 23 52 74 52 62 60 31 47 28 64 53 38 60 55 52 
53 84 72 45 0 51 84 96 71 59 55 60 41 62 87 28 37 62 67 18 
41 50 54 23 51 0 52 56 53 47 49 52 62 36 50 52 39 55 37 62 
91 52 44 52 84 52 0 56 59 92 68 70 94 48 36 81 59 102 52 87 
82 60 89 74 96 56 56 0 64 77 66 100 112 81 22 92 78 91 31 103 
85 25 62 52 71 53 59 64 0 90 82 63 68 74 56 86 74 70 54 68 
15 92 97 62 59 47 92 77 90 0 49 88 83 70 81 51 55 56 56 76 
55 89 84 60 55 49 68 66 82 49 0 90 90 63 59 35 31 86 40 66 
76 59 34 31 60 52 70 100 63 88 90 0 38 44 89 74 64 70 83 62 
70 77 66 47 41 62 94 112 68 83 90 38 0 68 104 66 67 56 89 39 
63 67 36 28 62 36 48 81 74 70 63 44 68 0 68 58 40 83 65 71 
83 53 72 64 87 50 36 22 56 81 59 89 104 68 0 83 66 94 29 92 
50 95 78 53 28 52 81 92 86 51 35 74 66 58 83 0 23 78 63 41 
53 80 60 38 37 39 59 78 74 55 31 64 67 40 66 23 0 80 52 48 
46 74 93 60 62 55 102 91 70 56 86 70 56 83 94 78 80 0 74 70 
61 58 77 55 67 37 52 31 54 56 40 83 89 65 29 63 52 74 0 74 
69 84 73 52 18 62 87 103 68 76 66 62 39 71 92 41 48 70 74 0 
