# rmTSP_14_6_80_manhattan_101_100.mat
# n=14
# k=6
# a=80
# d="manhattan"
# s=101
14
0 19897 22220 6666 21816 9494 12625 17069 27472 13231 17069 15958 19796 15958 
19897 0 20503 14847 14039 21311 23028 13130 14039 9898 9292 17473 21715 16665 
22220 20503 0 18988 12120 19392 24745 11211 8686 22321 16463 6868 10504 18382 
6666 14847 18988 0 18382 8888 11009 12019 22422 10605 15049 12726 19998 10908 
21816 14039 12120 18382 0 16564 24341 12019 11110 14847 13433 10908 12322 17574 
9494 21311 19392 8888 16564 0 10201 14241 24644 16261 20301 13130 13332 13332 
12625 23028 24745 11009 24341 10201 0 14948 25149 19998 17776 17877 19493 20099 
17069 13130 11211 12019 12019 14241 14948 0 10807 16362 11514 8989 12423 12625 
27472 14039 8686 22422 11110 24644 25149 10807 0 22725 14039 11514 15756 19190 
13231 9898 22321 10605 14847 16261 19998 16362 22725 0 11514 19897 21917 14039 
17069 9292 16463 15049 13433 20301 17776 11514 14039 11514 0 13433 18483 22523 
15958 17473 6868 12726 10908 13130 17877 8989 11514 19897 13433 0 9898 15958 
19796 21715 10504 19998 12322 13332 19493 12423 15756 21917 18483 9898 0 19190 
15958 16665 18382 10908 17574 13332 20099 12625 19190 14039 22523 15958 19190 0 
