# rmTSP_13_3_20_euklid_101_100.mat
# n=13
# k=3
# a=20
# d="euklid"
# s=101
13
0 2094 742 1764 175 1220 1717 378 1389 378 869 1597 1286 
2094 0 1738 440 1992 1767 1568 2245 1289 1948 2294 1532 958 
742 1738 0 1439 614 553 1971 655 721 606 1443 1078 1097 
1764 440 1439 0 1647 1581 1450 1940 1030 1675 2067 1515 839 
175 1992 614 1647 0 1129 1732 416 1237 416 1015 1542 1233 
1220 1767 553 1581 1129 0 2274 1030 735 958 1767 685 1212 
1717 1568 1971 1450 1732 2274 0 2028 2094 1705 1389 2140 1156 
378 2245 655 1940 416 1030 2028 0 1374 378 1059 1478 1428 
1389 1289 721 1030 1237 735 2094 1374 0 1257 2007 1054 1092 
378 1948 606 1675 416 958 1705 378 1257 0 857 1253 1078 
869 2294 1443 2067 1015 1767 1389 1059 2007 857 0 1846 1377 
1597 1532 1078 1515 1542 685 2140 1478 1054 1253 1846 0 1020 
1286 958 1097 839 1233 1212 1156 1428 1092 1078 1377 1020 0 
