# rmTSP_10_8_20_maximum_1_100.mat
# n=10
# k=8
# a=20
# d="maximum"
# s=1
10
0 11 10 18 12 8 13 19 18 13 
11 0 12 14 13 12 15 15 14 16 
10 12 0 14 11 14 19 13 17 14 
18 14 14 0 16 15 17 17 13 19 
12 13 11 16 0 12 11 12 12 9 
8 12 14 15 12 0 17 16 15 14 
13 15 19 17 11 17 0 18 17 14 
19 15 13 17 12 16 18 0 13 9 
18 14 17 13 12 15 17 13 0 10 
13 16 14 19 9 14 14 9 10 0 
