# rmTSP_11_4_80_manhattan_101_100.mat
# n=11
# k=4
# a=80
# d="manhattan"
# s=101
11
0 11716 11211 8383 13130 13938 4949 9595 10302 10706 5454 
11716 0 14039 15857 14746 7070 15251 16059 11514 16160 11110 
11211 14039 0 7474 7171 15655 8282 11918 5959 8181 6161 
8383 15857 7474 0 13837 17473 11110 17574 6565 7979 12827 
13130 14746 7171 13837 0 9494 10807 4747 7676 8686 8484 
13938 7070 15655 17473 9494 0 17473 10403 11918 15756 13332 
4949 15251 8282 11110 10807 17473 0 8080 12827 9191 4545 
9595 16059 11918 17574 4747 10403 8080 0 12423 12423 6565 
10302 11514 5959 6565 7676 11918 12827 12423 0 5656 9090 
10706 16160 8181 7979 8686 15756 9191 12423 5656 0 11312 
5454 11110 6161 12827 8484 13332 4545 6565 9090 11312 0 
