# rmTSP_11_6_40_manhattan_101_100.mat
# n=11
# k=6
# a=40
# d="manhattan"
# s=101
11
0 4646 8080 9090 10504 10403 9393 8585 6060 6969 6969 
4646 0 5252 9292 5858 8989 4949 5151 6868 7373 5555 
8080 5252 0 9898 4242 6969 3939 8787 11110 9595 8585 
9090 9292 9898 0 6262 3535 10605 6363 5656 10605 4747 
10504 5858 4242 6262 0 4141 5555 5959 8888 9191 5353 
10403 8989 6969 3535 4141 0 7474 7676 6565 8888 4848 
9393 4949 3939 10605 5555 7474 0 9090 10605 8484 7878 
8585 5151 8787 6363 5959 7676 9090 0 6363 9292 5252 
6060 6868 11110 5656 8888 6565 10605 6363 0 9393 4949 
6969 7373 9595 10605 9191 8888 8484 9292 9393 0 8282 
6969 5555 8585 4747 5353 4848 7878 5252 4949 8282 0 
