# rmTSP_12_3_80_euklid_1_100.mat
# n=12
# k=3
# a=80
# d="euklid"
# s=1
12
0 75 37 84 55 42 35 40 9 65 51 81 
75 0 72 36 41 72 55 79 71 48 55 21 
37 72 0 65 59 14 24 70 28 83 70 73 
84 36 65 0 59 64 54 100 77 79 78 30 
55 41 59 59 0 54 53 49 53 31 63 39 
42 72 14 64 54 0 33 69 34 81 78 69 
35 55 24 54 53 33 0 67 27 71 49 62 
40 79 70 100 49 69 67 0 47 44 61 85 
9 71 28 77 53 34 27 47 0 67 52 76 
65 48 83 79 31 81 71 44 67 0 56 56 
51 55 70 78 63 78 49 61 52 56 0 73 
81 21 73 30 39 69 62 85 76 56 73 0 
