# rmTSP_11_6_80_euklid_101_100.mat
# n=11
# k=6
# a=80
# d="euklid"
# s=101
11
0 8412 10376 10433 6075 11392 10505 7598 8252 5507 9270 
8412 0 3916 8499 6635 7426 5233 5599 6579 7670 5493 
10376 3916 0 8395 8579 8284 4044 6831 6986 8922 6851 
10433 8499 8395 0 11378 9328 9316 5254 9377 7895 11089 
6075 6635 8579 11378 0 9196 8752 8140 5196 6063 5225 
11392 7426 8284 9328 9196 0 10365 7140 10224 11291 10152 
10505 5233 4044 9316 8752 10365 0 6833 7736 8536 5248 
7598 5599 6831 5254 8140 7140 6833 0 8509 6813 7921 
8252 6579 6986 9377 5196 10224 7736 8509 0 4856 5725 
5507 7670 8922 7895 6063 11291 8536 6813 4856 0 7141 
9270 5493 6851 11089 5225 10152 5248 7921 5725 7141 0 
