# rmTSP_19_4_40_euklid_1_100.mat
# n=19
# k=4
# a=40
# d="euklid"
# s=1
19
0 30 32 27 43 42 39 31 25 18 43 42 24 30 18 17 16 20 49 
30 0 32 29 37 42 31 23 36 40 44 39 44 46 20 31 33 37 47 
32 32 0 12 23 33 14 23 21 32 20 15 32 25 29 24 35 39 21 
27 29 12 0 20 31 16 16 20 24 31 18 23 29 29 15 33 35 32 
43 37 23 20 0 21 11 16 27 38 37 13 36 44 44 32 45 43 35 
42 42 33 31 21 0 24 23 23 39 41 24 37 46 45 37 37 32 42 
39 31 14 16 11 24 0 16 23 37 28 8 36 37 36 29 39 40 27 
31 23 23 16 16 23 16 0 23 30 39 22 31 41 31 23 33 32 41 
25 36 21 20 27 23 23 23 0 24 28 23 24 25 29 23 22 21 33 
18 40 32 24 38 39 37 30 24 0 45 38 7 30 33 12 28 26 50 
43 44 20 31 37 41 28 39 28 45 0 25 45 23 37 40 41 46 9 
42 39 15 18 13 24 8 22 23 38 25 0 36 35 41 32 42 42 23 
24 44 32 23 36 37 36 31 24 7 45 36 0 31 38 14 32 29 49 
30 46 25 29 44 46 37 41 25 30 23 35 31 0 33 30 32 37 30 
18 20 29 29 44 45 36 31 29 33 37 41 38 33 0 27 20 29 44 
17 31 24 15 32 37 29 23 23 12 40 32 14 30 27 0 28 29 44 
16 33 35 33 45 37 39 33 22 28 41 42 32 32 20 28 0 11 48 
20 37 39 35 43 32 40 32 21 26 46 42 29 37 29 29 11 0 52 
49 47 21 32 35 42 27 41 33 50 9 23 49 30 44 44 48 52 0 
