# rmTSP_20_4_80_manhattan_1_100.mat
# n=20
# k=4
# a=80
# d="manhattan"
# s=1
20
0 111 125 198 120 136 60 82 151 114 123 105 72 32 83 129 144 115 120 86 
111 0 138 149 121 177 123 91 68 155 44 116 123 105 120 142 155 106 141 97 
125 138 0 143 123 91 119 49 78 19 96 68 141 105 48 40 147 70 71 137 
198 149 143 0 102 94 142 148 109 160 125 101 126 166 121 147 62 141 106 120 
120 121 123 102 0 148 70 104 95 110 87 117 128 112 75 91 134 85 52 142 
136 177 91 94 148 0 136 124 137 110 153 61 88 104 101 127 86 147 96 80 
60 123 119 142 70 136 0 76 145 108 117 105 62 52 77 119 88 109 82 82 
82 91 49 148 104 124 76 0 77 64 55 63 96 62 55 81 102 45 104 92 
151 68 78 109 95 137 145 77 0 95 28 82 155 131 74 82 161 70 95 151 
114 155 19 160 110 110 108 64 95 0 113 87 160 116 39 23 166 73 58 156 
123 44 96 125 87 153 117 55 28 113 0 92 131 103 86 100 137 64 107 127 
105 116 68 101 117 61 105 63 82 87 92 0 79 85 54 104 87 86 103 69 
72 123 141 126 128 88 62 96 155 160 131 79 0 44 125 177 72 141 138 52 
32 105 105 166 112 104 52 62 131 116 103 85 44 0 81 133 112 97 112 68 
83 120 48 121 75 101 77 55 74 39 86 54 125 81 0 52 131 62 49 121 
129 142 40 147 91 127 119 81 82 23 100 104 177 133 52 0 183 56 41 173 
144 155 147 62 134 86 88 102 161 166 137 87 72 112 131 183 0 147 144 66 
115 106 70 141 85 147 109 45 70 73 64 86 141 97 62 56 147 0 85 137 
120 141 71 106 52 96 82 104 95 58 107 103 138 112 49 41 144 85 0 142 
86 97 137 120 142 80 82 92 151 156 127 69 52 68 121 173 66 137 142 0 
