# rmTSP_20_3_80_euklid_101_100.mat
# n=20
# k=3
# a=80
# d="euklid"
# s=101
20
0 6929 7661 9155 7399 7919 9381 5551 2684 4674 6741 8331 9532 6208 7194 7265 6263 5352 6686 7897 
6929 0 3063 3729 6021 5377 5894 6074 4816 7945 2736 7562 6755 3705 6792 2294 4527 2133 5571 4483 
7661 3063 0 4502 8650 2803 5489 6984 6251 7753 5563 8098 5135 4469 8729 4328 2908 2795 5381 6290 
9155 3729 4502 0 6347 5507 3018 5683 7701 8252 4096 5611 4842 3259 6204 2274 5068 4291 4504 2991 
7399 6021 8650 6347 0 9866 7765 4998 6119 8214 3313 6369 9739 5285 2614 4635 8360 6254 6820 3667 
7919 5377 2803 5507 9866 0 4837 6709 7432 6544 7293 7380 3299 4752 9189 5776 1810 4135 4460 7106 
9381 5894 5489 3018 7765 4837 0 5049 8752 6952 6218 3965 2541 3440 6542 4386 4563 5331 2993 4184 
5551 6074 6984 5683 4998 6709 5049 0 5737 3615 5002 2839 6201 2760 3147 4594 5096 4717 2651 3772 
2684 4816 6251 7701 6119 7432 8752 5737 0 6257 4744 8446 9242 5394 6736 5600 5866 3888 6649 6700 
4674 7945 7753 8252 8214 6544 6952 3615 6257 0 7778 5288 6755 5116 6544 7278 5063 5932 4007 7157 
6741 2736 5563 4096 3313 7293 6218 5002 4744 7778 0 6562 7821 3559 4542 1953 6022 3536 5616 2910 
8331 7562 8098 5611 6369 7380 3965 2839 8446 5288 6562 0 5517 3965 4081 5603 6254 6529 3038 4111 
9532 6755 5135 4842 9739 3299 2541 6201 9242 6755 7821 5517 0 4660 8468 5980 3760 5745 3569 6360 
6208 3705 4469 3259 5285 4752 3440 2760 5394 5116 3559 3965 4660 0 4485 2308 3351 2622 2085 2687 
7194 6792 8729 6204 2614 9189 6542 3147 6736 6544 4542 4081 8468 4485 0 4942 7647 6332 5289 3257 
7265 2294 4328 2274 4635 5776 4386 4594 5600 7278 1953 5603 5980 2308 4942 0 4725 2846 4306 2217 
6263 4527 2908 5068 8360 1810 4563 5096 5866 5063 6022 6254 3760 3351 7647 4725 0 2786 3224 5942 
5352 2133 2795 4291 6254 4135 5331 4717 3888 5932 3536 6529 5745 2622 6332 2846 2786 0 4083 4582 
6686 5571 5381 4504 6820 4460 2993 2651 6649 4007 5616 3038 3569 2085 5289 4306 3224 4083 0 4157 
7897 4483 6290 2991 3667 7106 4184 3772 6700 7157 2910 4111 6360 2687 3257 2217 5942 4582 4157 0 
