# rmTSP_15_3_80_maximum_101_100.mat
# n=15
# k=3
# a=80
# d="maximum"
# s=101
15
0 6262 5252 7272 5050 5555 4141 3939 4949 5353 2020 4444 5454 4747 1515 
6262 0 5757 3030 3434 5959 4242 2828 5050 5757 5050 5757 5656 6868 4848 
5252 5757 0 2727 2323 7373 3636 5757 3333 7171 3737 4545 5454 2626 3737 
7272 3030 2727 0 2828 6464 3131 3838 6060 6262 6060 3636 4545 5353 5858 
5050 3434 2323 2828 0 7171 3434 3434 3232 6969 3535 4343 5252 3434 3535 
5555 5959 7373 6464 7171 0 3737 6060 7070 303 4343 2828 1919 6868 4141 
4141 4242 3636 3131 3434 3737 0 4242 3333 3535 2929 1515 1818 3131 2727 
3939 2828 5757 3838 3434 6060 4242 0 4040 5858 4646 5757 5656 6868 3838 
4949 5050 3333 6060 3232 7070 3333 4040 0 6868 3434 4242 5151 2828 3434 
5353 5757 7171 6262 6969 303 3535 5858 6868 0 4141 2626 1717 6666 3939 
2020 5050 3737 6060 3535 4343 2929 4646 3434 4141 0 3232 4242 3232 808 
4444 5757 4545 3636 4343 2828 1515 5757 4242 2626 3232 0 1010 4040 3030 
5454 5656 5454 4545 5252 1919 1818 5656 5151 1717 4242 1010 0 4949 4040 
4747 6868 2626 5353 3434 6868 3131 6868 2828 6666 3232 4040 4949 0 3232 
1515 4848 3737 5858 3535 4141 2727 3838 3434 3939 808 3030 4040 3232 0 
