# rmTSP_14_2_80_euklid_1_100.mat
# n=14
# k=2
# a=80
# d="euklid"
# s=1
14
0 70 66 4 53 73 72 8 43 69 91 74 78 84 
70 0 55 73 28 4 48 67 31 69 43 80 60 53 
66 55 0 66 30 55 11 58 61 14 37 26 12 22 
4 73 66 0 55 76 72 8 47 68 93 72 78 85 
53 28 30 55 0 29 27 47 32 43 39 54 38 37 
73 4 55 76 29 0 47 70 35 69 40 80 59 51 
72 48 11 72 27 47 0 64 59 24 26 35 12 13 
8 67 58 8 47 70 64 0 42 61 85 66 70 77 
43 31 61 47 32 35 59 42 0 72 67 81 70 69 
69 69 14 68 43 69 24 61 72 0 49 12 17 31 
91 43 37 93 39 40 26 85 67 49 0 59 32 19 
74 80 26 72 54 80 35 66 81 12 59 0 27 41 
78 60 12 78 38 59 12 70 70 17 32 27 0 14 
84 53 22 85 37 51 13 77 69 31 19 41 14 0 
