# rmTSP_14_6_80_maximum_101_100.mat
# n=14
# k=6
# a=80
# d="maximum"
# s=101
14
0 4343 3535 7575 6969 7373 1111 6868 7070 6969 5252 6161 3636 6060 
4343 0 2929 7171 4848 6969 4848 4343 4444 6565 5656 5757 4040 3434 
3535 2929 0 6363 7070 6363 3737 7272 3939 5757 4848 5757 6767 4848 
7575 7171 6363 0 7373 6363 7373 7272 4444 4646 4747 5757 6767 4444 
6969 4848 7070 7373 0 7171 6161 6262 5252 6767 4040 6767 6767 6666 
7373 6969 6363 6363 7171 0 7171 5555 5757 5454 6363 1717 4242 5454 
1111 4848 3737 7373 6161 7171 0 6060 6969 6767 4444 5959 4747 6565 
6868 4343 7272 7272 6262 5555 6060 0 6161 6363 7272 4848 6666 6565 
7070 4444 3939 4444 5252 5757 6969 6161 0 6767 7777 5050 6868 6767 
6969 6565 5757 4646 6767 5454 6767 6363 6767 0 4040 4848 5858 6363 
5252 5656 4848 4747 4040 6363 4444 7272 7777 4040 0 5757 6767 7373 
6161 5757 5757 5757 6767 1717 5959 4848 5050 4848 5757 0 3030 4848 
3636 4040 6767 6767 6767 4242 4747 6666 6868 5858 6767 3030 0 5858 
6060 3434 4848 4444 6666 5454 6565 6565 6767 6363 7373 4848 5858 0 
