# rmTSP_14_6_10_euklid_101_100.mat
# n=14
# k=6
# a=10
# d="euklid"
# s=101
14
0 886 598 1030 953 1069 1297 1182 1191 1286 1450 1174 1348 969 
886 0 1050 721 1030 1328 857 1204 1270 1266 984 1169 963 920 
598 1050 0 1225 534 789 1143 1435 1088 1064 1336 1195 1297 920 
1030 721 1225 0 1102 1178 776 851 1182 1059 769 721 589 742 
953 1030 534 1102 0 525 857 1392 857 839 942 1116 953 721 
1069 1328 789 1178 525 0 1111 1199 580 969 1125 1129 1020 700 
1297 857 1143 776 857 1111 0 1270 1186 735 484 769 484 692 
1182 1204 1435 851 1392 1199 1270 0 926 1446 1336 1050 1045 827 
1191 1270 1088 1182 857 580 1186 926 0 1266 1191 1301 1025 678 
1286 1266 1064 1059 839 969 735 1446 1266 0 808 662 821 714 
1450 984 1336 769 942 1125 484 1336 1191 808 0 942 319 782 
1174 1169 1195 721 1116 1129 769 1050 1301 662 942 0 763 707 
1348 963 1297 589 953 1020 484 1045 1025 821 319 763 0 606 
969 920 920 742 721 700 692 827 678 714 782 707 606 0 
