# rmTSP_20_6_40_manhattan_101_100.mat
# n=20
# k=6
# a=40
# d="manhattan"
# s=101
20
0 9090 10100 3434 6464 8787 11413 9393 12322 6868 11918 11615 10908 14039 8686 10100 9393 10908 8181 6969 
9090 0 3434 10302 9898 4141 6363 8787 5050 4040 5252 7171 7878 7777 8888 8888 5151 6262 4545 5757 
10100 3434 0 11716 11312 5757 8585 7979 7878 4040 8686 7373 10706 6969 12120 9090 8383 4242 5353 7171 
3434 10302 11716 0 6060 11413 10403 8585 12322 8888 11918 12221 9898 14039 8282 9696 9393 10908 8787 5959 
6464 9898 11312 6060 0 9797 7575 6565 8686 8484 9696 10605 8282 10605 6464 6262 5353 7070 6161 5151 
8787 4141 5757 11413 9797 0 10100 7070 8181 6767 6161 6060 10807 10302 9595 8585 6666 7575 5858 8080 
11413 6363 8585 10403 7575 10100 0 12928 4545 5151 6767 10302 3737 5050 4949 7777 4444 6767 7676 4646 
9393 8787 7979 8585 6565 7070 12928 0 11009 10605 9595 7474 13635 11918 11009 6565 9494 7373 6666 8282 
12322 5050 7878 12322 8686 8181 4545 11009 0 7474 2626 6161 4646 3737 7676 6464 3535 4848 7575 6767 
6868 4040 4040 8888 8484 6767 5151 10605 7474 0 8686 10403 8686 7979 9292 10706 6565 6666 4949 4545 
11918 5252 8686 11918 9696 6161 6767 9595 2626 8686 0 5353 5454 5959 8282 7272 4545 7272 7373 7575 
11615 7171 7373 12221 10605 6060 10302 7474 6161 10403 5353 0 8787 5454 10403 5555 7676 7373 7474 8888 
10908 7878 10706 9898 8282 10807 3737 13635 4646 8686 5454 8787 0 5757 4646 8080 5151 9090 7373 6767 
14039 7777 6969 14039 10605 10302 5050 11918 3737 7979 5959 5454 5757 0 9393 5353 6060 4949 8888 8686 
8686 8888 12120 8282 6464 9595 4949 11009 7676 9292 8282 10403 4646 9393 0 8888 5353 9292 6969 6767 
10100 8888 9090 9696 6262 8585 7777 6565 6464 10706 7272 5555 8080 5353 8888 0 4949 5454 8383 7979 
9393 5151 8383 9393 5353 6666 4444 9494 3535 6565 4545 7676 5151 6060 5353 4949 0 4343 5252 5252 
10908 6262 4242 10908 7070 7575 6767 7373 4848 6666 7272 7373 9090 4949 9292 5454 4343 0 6363 5757 
8181 4545 5353 8787 6161 5858 7676 6666 7575 4949 7373 7474 7373 8888 6969 8383 5252 6363 0 5454 
6969 5757 7171 5959 5151 8080 4646 8282 6767 4545 7575 8888 6767 8686 6767 7979 5252 5757 5454 0 
