# rmTSP_11_6_80_manhattan_101_100.mat
# n=11
# k=6
# a=80
# d="manhattan"
# s=101
11
0 9696 7373 13130 21109 16463 17877 18584 14241 16362 22018 
9696 0 10403 12524 22321 17069 17675 14746 18685 13534 21614 
7373 10403 0 16665 16160 12322 13130 16665 18584 14443 20301 
13130 12524 16665 0 26159 16261 21917 14746 15251 16968 25452 
21109 22321 16160 26159 0 13938 12928 16867 20200 12221 12019 
16463 17069 12322 16261 13938 0 12322 12827 14544 14645 15049 
17877 17675 13130 21917 12928 12322 0 12019 11716 18281 19291 
18584 14746 16665 14746 16867 12827 12019 0 15251 14948 15150 
14241 18685 18584 15251 20200 14544 11716 15251 0 17271 19493 
16362 13534 14443 16968 12221 14645 18281 14948 17271 0 10302 
22018 21614 20301 25452 12019 15049 19291 15150 19493 10302 0 
