# rmTSP_13_3_40_euklid_1_100.mat
# n=13
# k=3
# a=40
# d="euklid"
# s=1
13
0 40 35 20 34 19 17 35 30 35 18 17 34 
40 0 32 22 27 31 38 12 31 8 49 38 10 
35 32 0 23 6 17 23 37 7 34 32 21 36 
20 22 23 0 19 14 17 19 19 18 30 17 21 
34 27 6 19 0 16 23 31 8 29 33 21 31 
19 31 17 14 16 0 14 32 11 30 19 11 30 
17 38 23 17 23 14 0 36 20 35 18 4 37 
35 12 37 19 31 32 36 0 34 4 48 36 10 
30 31 7 19 8 11 20 34 0 32 27 18 33 
35 8 34 18 29 30 35 4 32 0 47 35 7 
18 49 32 30 33 19 18 48 27 47 0 16 46 
17 38 21 17 21 11 4 36 18 35 16 0 37 
34 10 36 21 31 30 37 10 33 7 46 37 0 
