# rmTSP_15_6_10_manhattan_101_100.mat
# n=15
# k=6
# a=10
# d="manhattan"
# s=101
15
0 1212 2121 2020 1717 1515 1717 1818 1515 1616 1414 1717 1818 1818 1515 
1212 0 2525 2424 2525 2323 1111 2222 1515 2020 1212 1717 2222 2626 1717 
2121 2525 0 1919 1414 2424 2424 2323 3434 2121 2323 2222 1919 2525 2020 
2020 2424 1919 0 2525 2323 2323 1818 2727 2424 2222 2121 2626 2020 3333 
1717 2525 1414 2525 0 1414 2020 1313 2828 2121 2525 1818 909 1717 1616 
1515 2323 2424 2323 1414 0 2424 2323 1818 1515 2121 1818 1111 1111 2222 
1717 1111 2424 2323 2020 2424 0 1717 2222 2121 1717 1212 2121 2121 1212 
1818 2222 2323 1818 1313 2323 1717 0 2727 2424 2222 1919 1616 1616 1919 
1515 1515 3434 2727 2828 1818 2222 2727 0 1515 1111 2222 2525 2929 2424 
1616 2020 2121 2424 2121 1515 2121 2424 1515 0 1010 1919 1818 2626 2121 
1414 1212 2323 2222 2525 2121 1717 2222 1111 1010 0 1919 2222 2828 1919 
1717 1717 2222 2121 1818 1818 1212 1919 2222 1919 1919 0 1717 1515 1616 
1818 2222 1919 2626 909 1111 2121 1616 2525 1818 2222 1717 0 1414 1717 
1818 2626 2525 2020 1717 1111 2121 1616 2929 2626 2828 1515 1414 0 2121 
1515 1717 2020 3333 1616 2222 1212 1919 2424 2121 1919 1616 1717 2121 0 
