# rmTSP_18_4_40_maximum_101_100.mat
# n=18
# k=4
# a=40
# d="maximum"
# s=101
18
0 808 2424 2323 2323 2121 2929 3434 2929 2626 1919 1919 3030 2020 1515 2828 2424 2727 
808 0 2424 2323 1515 2222 2323 2626 2929 2424 1111 2222 2727 2323 1515 2020 2222 2727 
2424 2424 0 303 2121 2222 2424 2929 2323 2828 3434 3030 3232 1919 1616 2323 2626 707 
2323 2323 303 0 2020 2121 2424 2929 2626 3131 3333 2929 3535 1919 1616 2424 2929 707 
2323 1515 2121 2020 0 1616 1717 1717 2626 1818 1313 1616 2424 2121 1212 909 1616 2424 
2121 2222 2222 2121 1616 0 1212 2626 2727 3232 1313 1212 3636 1919 1616 2525 3030 2525 
2929 2323 2424 2424 1717 1212 0 2727 2828 3333 2424 2020 3737 2727 1717 2626 3131 1919 
3434 2626 2929 2929 1717 2626 2727 0 1212 1414 3030 2626 1010 3232 2222 1313 1313 2424 
2929 2929 2323 2626 2626 2727 2828 1212 0 2626 3939 3535 909 2828 1515 2222 2424 2525 
2626 2424 2828 3131 1818 3232 3333 1414 2626 0 2222 3232 1919 3333 2424 2020 505 2626 
1919 1111 3434 3333 1313 1313 2424 3030 3939 2222 0 1313 3737 2020 2525 1717 1818 3737 
1919 2222 3030 2929 1616 1212 2020 2626 3535 3232 1313 0 3636 1616 2121 2525 3030 3333 
3030 2727 3232 3535 2424 3636 3737 1010 909 1919 3737 3636 0 3737 2020 2020 2020 3030 
2020 2323 1919 1919 2121 1919 2727 3232 2828 3333 2020 1616 3737 0 1717 2626 3131 2626 
1515 1515 1616 1616 1212 1616 1717 2222 1515 2424 2525 2121 2020 1717 0 1616 2222 2323 
2828 2020 2323 2424 909 2525 2626 1313 2222 2020 1717 2525 2020 2626 1616 0 1818 2020 
2424 2222 2626 2929 1616 3030 3131 1313 2424 505 1818 3030 2020 3131 2222 1818 0 2424 
2727 2727 707 707 2424 2525 1919 2424 2525 2626 3737 3333 3030 2626 2323 2020 2424 0 
