# rmTSP_13_3_20_euklid_1_100.mat
# n=13
# k=3
# a=20
# d="euklid"
# s=1
13
0 9 5 6 18 18 8 11 6 11 13 8 7 
9 0 14 15 13 12 11 9 5 3 10 6 11 
5 14 0 5 22 22 12 15 10 14 18 12 6 
6 15 5 0 20 20 14 13 12 15 16 11 11 
18 13 22 20 0 5 22 7 16 12 12 11 23 
18 12 22 20 5 0 19 8 15 12 8 10 22 
8 11 12 14 22 19 0 15 7 14 12 11 10 
11 9 15 13 7 8 15 0 10 8 8 4 16 
6 5 10 12 16 15 7 10 0 7 10 6 8 
11 3 14 15 12 12 14 8 7 0 12 8 12 
13 10 18 16 12 8 12 8 10 12 0 6 18 
8 6 12 11 11 10 11 4 6 8 6 0 13 
7 11 6 11 23 22 10 16 8 12 18 13 0 
