# rmTSP_19_6_40_euklid_1_100.mat
# n=19
# k=6
# a=40
# d="euklid"
# s=1
19
0 23 58 41 22 66 39 44 42 43 48 51 43 54 45 47 43 43 50 
23 0 45 28 33 55 33 41 28 37 32 39 45 50 38 36 34 31 50 
58 45 0 27 58 44 48 37 40 37 32 34 40 35 43 55 41 20 39 
41 28 27 0 40 35 30 34 32 32 14 26 35 27 24 42 34 22 29 
22 33 58 40 0 55 40 53 45 48 51 49 42 49 39 55 47 43 43 
66 55 44 35 55 0 53 66 59 47 41 31 59 41 30 68 50 40 43 
39 33 48 30 40 53 0 39 37 42 30 37 32 33 28 22 29 42 41 
44 41 37 34 53 66 39 0 40 42 35 50 29 37 50 43 47 40 37 
42 28 40 32 45 59 37 40 0 53 37 50 39 48 49 36 45 33 51 
43 37 37 32 48 47 42 42 53 0 34 20 47 43 30 53 25 30 43 
48 32 32 14 51 41 30 35 37 34 0 29 43 33 30 37 36 31 38 
51 39 34 26 49 31 37 50 50 20 29 0 48 36 18 50 22 28 42 
43 45 40 35 42 59 32 29 39 47 43 48 0 26 42 44 43 40 29 
54 50 35 27 49 41 33 37 48 43 33 36 26 0 29 50 43 39 16 
45 38 43 24 39 30 28 50 49 30 30 18 42 29 0 46 28 36 34 
47 36 55 42 55 68 22 43 36 53 37 50 44 50 46 0 38 51 59 
43 34 41 34 47 50 29 47 45 25 36 22 43 43 28 38 0 33 50 
43 31 20 22 43 40 42 40 33 30 31 28 40 39 36 51 33 0 40 
50 50 39 29 43 43 41 37 51 43 38 42 29 16 34 59 50 40 0 
