# rmTSP_13_3_80_euklid_1_100.mat
# n=13
# k=3
# a=80
# d="euklid"
# s=1
13
0 65 78 36 43 75 43 72 27 73 55 62 32 
65 0 16 58 84 29 56 37 63 38 29 20 70 
78 16 0 67 95 28 65 38 78 32 45 21 80 
36 58 67 0 35 73 54 71 41 48 63 48 44 
43 84 95 35 0 102 79 102 35 80 78 78 64 
75 29 28 73 102 0 48 12 83 47 48 31 69 
43 56 65 54 79 48 0 39 65 63 59 50 24 
72 37 38 71 102 12 39 0 83 50 54 35 61 
27 63 78 41 35 83 65 83 0 75 48 66 58 
73 38 32 48 80 47 63 50 75 0 63 20 71 
55 29 45 63 78 48 59 54 48 63 0 45 71 
62 20 21 48 78 31 50 35 66 20 45 0 62 
32 70 80 44 64 69 24 61 58 71 71 62 0 
