# rmTSP_20_3_40_manhattan_1_100.mat
# n=20
# k=3
# a=40
# d="manhattan"
# s=1
20
0 33 55 49 46 52 56 42 16 55 23 41 41 59 46 25 44 74 41 42 
33 0 22 32 61 35 27 27 37 26 38 60 44 32 35 34 53 79 28 57 
55 22 0 36 55 21 37 27 59 34 48 72 34 30 43 30 39 59 16 37 
49 32 36 0 31 15 19 11 53 10 40 36 52 10 7 42 23 47 24 53 
46 61 55 31 0 34 50 34 32 41 23 29 59 35 32 45 16 46 39 28 
52 35 21 15 34 0 34 10 56 25 43 51 37 19 22 27 18 44 11 38 
56 27 37 19 50 34 0 30 64 13 53 41 71 19 22 61 42 66 43 72 
42 27 27 11 34 10 30 0 46 21 33 45 41 17 16 31 26 52 13 42 
16 37 59 53 32 56 64 46 0 59 13 43 47 63 50 33 48 78 45 34 
55 26 34 10 41 25 13 21 59 0 46 38 62 6 9 52 33 53 34 63 
23 38 48 40 23 43 53 33 13 46 0 32 52 50 37 38 35 65 32 21 
41 60 72 36 29 51 41 45 43 38 32 0 76 42 29 62 33 49 56 51 
41 44 34 52 59 37 71 41 47 62 52 76 0 56 53 16 43 43 28 31 
59 32 30 10 35 19 19 17 63 6 50 42 56 0 13 46 27 47 28 57 
46 35 43 7 32 22 22 16 50 9 37 29 53 13 0 43 24 44 27 54 
25 34 30 42 45 27 61 31 33 52 38 62 16 46 43 0 29 55 18 33 
44 53 39 23 16 18 42 26 48 33 35 33 43 27 24 29 0 30 25 30 
74 79 59 47 46 44 66 52 78 53 65 49 43 47 44 55 30 0 51 44 
41 28 16 24 39 11 43 13 45 34 32 56 28 28 27 18 25 51 0 29 
42 57 37 53 28 38 72 42 34 63 21 51 31 57 54 33 30 44 29 0 
