# rmTSP_19_2_40_manhattan_101_100.mat
# n=19
# k=2
# a=40
# d="manhattan"
# s=101
19
0 4949 3737 1515 4747 3737 4040 3333 707 3232 1616 1313 3636 6565 1414 5050 4949 3232 1717 
4949 0 1212 3434 1616 3232 909 1616 4444 1919 3737 3636 2727 2222 3535 101 2828 1717 3232 
3737 1212 0 2222 2424 4040 707 2424 3232 707 4141 2626 3535 3030 2323 1313 3636 505 2626 
1515 3434 2222 0 3232 2222 2525 1818 1010 2929 1919 404 2121 5050 1111 3535 3434 1717 404 
4747 1616 2424 3232 0 1616 1717 1414 4242 3131 3535 3434 1111 1818 3333 1717 1212 1919 3030 
3737 3232 4040 2222 1616 0 3333 1616 3232 4747 2525 2424 505 2828 2929 3333 1212 3535 2020 
4040 909 707 2525 1717 3333 0 1717 3535 1414 3434 2727 2828 2525 2626 1010 2929 808 2323 
3333 1616 2424 1818 1414 1616 1717 0 2828 3131 2121 2020 1111 3232 1919 1717 1616 1919 1616 
707 4444 3232 1010 4242 3232 3535 2828 0 2525 2323 808 3131 6060 909 4545 4444 2727 1212 
3232 1919 707 2929 3131 4747 1414 3131 2525 0 4848 3333 4242 3737 1818 2020 4343 1212 3333 
1616 3737 4141 1919 3535 2525 3434 2121 2323 4848 0 1515 2424 5353 3030 3838 3737 3636 1515 
1313 3636 2626 404 3434 2424 2727 2020 808 3333 1515 0 2323 5252 1515 3737 3636 2121 404 
3636 2727 3535 2121 1111 505 2828 1111 3131 4242 2424 2323 0 2929 2424 2828 1313 3030 1919 
6565 2222 3030 5050 1818 2828 2525 3232 6060 3737 5353 5252 2929 0 5151 2323 1616 3333 4848 
1414 3535 2323 1111 3333 2929 2626 1919 909 1818 3030 1515 2424 5151 0 3636 3535 1818 1515 
5050 101 1313 3535 1717 3333 1010 1717 4545 2020 3838 3737 2828 2323 3636 0 2929 1818 3333 
4949 2828 3636 3434 1212 1212 2929 1616 4444 4343 3737 3636 1313 1616 3535 2929 0 3131 3232 
3232 1717 505 1717 1919 3535 808 1919 2727 1212 3636 2121 3030 3333 1818 1818 3131 0 2121 
1717 3232 2626 404 3030 2020 2323 1616 1212 3333 1515 404 1919 4848 1515 3333 3232 2121 0 
