# rmTSP_19_2_80_euklid_101_100.mat
# n=19
# k=2
# a=80
# d="euklid"
# s=101
19
0 7588 6785 4760 6866 3839 4786 4899 7147 2889 814 6731 5656 6974 7193 2445 5194 8086 5745 
7588 0 2325 3003 728 6135 3335 4564 2072 7658 7592 869 3609 4647 1501 6928 2394 515 2666 
6785 2325 0 3347 2161 6617 2000 5454 416 7732 7035 2185 4815 6292 863 6913 2432 2710 3823 
4760 3003 3347 0 2285 3322 2217 2143 3506 4686 4653 2143 1798 3506 3227 3934 915 3455 1182 
6866 728 2161 2285 0 5475 2744 3961 2033 6957 6864 143 3072 4301 1501 6217 1672 1220 2082 
3839 6135 6617 3322 5475 0 5050 1738 6812 1821 3194 5337 2808 3471 6549 1528 4218 6505 3518 
4786 3335 2000 2217 2744 5050 0 4280 2367 5911 5050 2657 4006 5696 2484 5079 1578 3843 3215 
4899 4564 5454 2143 3961 1738 4280 0 5570 3523 4444 3833 1074 2082 5214 3038 3037 4886 1898 
7147 2072 416 3506 2033 6812 2367 5570 0 7995 7373 2082 4865 6272 571 7183 2597 2409 3859 
2889 7658 7732 4686 6957 1821 5911 3523 7995 0 2082 6815 4573 5269 7830 833 5492 8073 5160 
814 7592 7035 4653 6864 3194 5050 4444 7373 2082 0 6724 5299 6484 7356 1717 5213 8072 5526 
6731 869 2185 2143 143 5337 2657 3833 2082 6815 6724 0 2957 4219 1568 6074 1538 1355 1961 
5656 3609 4815 1798 3072 2808 4006 1074 4865 4573 5299 2957 0 1714 4444 4032 2533 3887 1010 
6974 4647 6292 3506 4301 3471 5696 2082 6272 5269 6484 4219 1714 0 5784 4958 4175 4764 2531 
7193 1501 863 3227 1501 6549 2484 5214 571 7830 7356 1568 4444 5784 0 7034 2349 1854 3434 
2445 6928 6913 3934 6217 1528 5079 3038 7183 833 1717 6074 4032 4958 7034 0 4708 7359 4510 
5194 2394 2432 915 1672 4218 1578 3037 2597 5492 5213 1538 2533 4175 2349 4708 0 2892 1657 
8086 515 2710 3455 1220 6505 3843 4886 2409 8073 8072 1355 3887 4764 1854 7359 2892 0 2998 
5745 2666 3823 1182 2082 3518 3215 1898 3859 5160 5526 1961 1010 2531 3434 4510 1657 2998 0 
