# rmTSP_10_2_20_manhattan_101_100.mat
# n=10
# k=2
# a=20
# d="manhattan"
# s=101
10
0 606 707 2020 2525 606 1919 2121 909 1313 
606 0 909 2222 2727 404 2121 1717 1111 1515 
707 909 0 1313 1818 1313 1212 2020 404 606 
2020 2222 1313 0 505 2626 101 1111 1313 1313 
2525 2727 1818 505 0 3131 606 1212 1616 1212 
606 404 1313 2626 3131 0 2525 2121 1515 1919 
1919 2121 1212 101 606 2525 0 1010 1414 1414 
2121 1717 2020 1111 1212 2121 1010 0 2424 2424 
909 1111 404 1313 1616 1515 1414 2424 0 404 
1313 1515 606 1313 1212 1919 1414 2424 404 0 
