# rmTSP_17_8_80_manhattan_101_100.mat
# n=17
# k=8
# a=80
# d="manhattan"
# s=101
17
0 14847 22927 29088 19089 23230 24240 18483 20604 26866 20402 27876 12423 29896 22523 17574 26159 
14847 0 18382 24543 12726 18887 24543 18180 26765 18483 16665 24947 17170 26563 14948 12625 21210 
22927 18382 0 28381 26664 18483 22321 22220 32623 14847 18887 25755 12322 24341 15352 16261 22422 
29088 24543 28381 0 18685 24442 21816 21513 23634 30906 15554 18786 31613 12928 17271 23836 17069 
19089 12726 26664 18685 0 17877 20907 14544 21715 25351 13029 25755 21816 19493 17170 14241 20806 
23230 18887 18483 24442 17877 0 22422 16463 24644 26664 17978 28684 22927 20200 14039 20200 15251 
24240 24543 22321 21816 20907 22422 0 14241 18180 19998 17574 14746 21109 15352 21513 21008 23937 
18483 18180 22220 21513 14544 16463 14241 0 16261 27775 18483 21109 18584 15049 15150 15049 17978 
20604 26765 32623 23634 21715 24644 18180 16261 0 34946 22220 21008 28785 18180 27169 19392 25553 
26866 18483 14847 30906 25351 26664 19998 27775 34946 0 21614 27068 18685 30704 24341 18988 22321 
20402 16665 18887 15554 13029 17978 17574 18483 22220 21614 0 16362 22523 12322 19695 15150 15453 
27876 24947 25755 18786 25755 28684 14746 21109 21008 27068 16362 0 25553 12120 25957 25654 23331 
12423 17170 12322 31613 21816 22927 21109 18584 28785 18685 22523 25553 0 27573 19190 16665 28078 
29896 26563 24341 12928 19493 20200 15352 15049 18180 30704 12322 12120 27573 0 21311 21412 15655 
22523 14948 15352 17271 17170 14039 21513 15150 27169 24341 19695 25957 19190 21311 0 15655 19998 
17574 12625 16261 23836 14241 20200 21008 15049 19392 18988 15150 25654 16665 21412 15655 0 20503 
26159 21210 22422 17069 20806 15251 23937 17978 25553 22321 15453 23331 28078 15655 19998 20503 0 
