# rmTSP_19_6_80_euklid_1_100.mat
# n=19
# k=6
# a=80
# d="euklid"
# s=1
19
0 92 92 112 61 42 77 80 96 83 80 73 54 75 71 74 83 86 107 
92 0 80 91 101 60 114 71 66 56 102 91 70 27 78 66 81 52 62 
92 80 0 75 60 76 70 80 39 77 85 54 104 77 72 68 56 92 53 
112 91 75 0 97 106 73 108 92 105 104 86 125 97 94 88 77 118 104 
61 101 60 97 0 64 63 94 84 101 48 60 83 86 55 75 86 100 95 
42 60 76 106 64 0 92 58 75 65 79 75 40 38 62 48 74 53 73 
77 114 70 73 63 92 0 94 92 97 90 46 112 108 95 89 68 116 112 
80 71 80 108 94 58 94 0 80 51 114 73 81 61 109 48 61 44 67 
96 66 39 92 84 75 92 80 0 57 104 67 101 72 79 80 58 86 43 
83 56 77 105 101 65 97 51 57 0 115 66 78 61 100 78 64 57 68 
80 102 85 104 48 79 90 114 104 115 0 79 76 89 54 96 118 103 115 
73 91 54 86 60 75 46 73 67 66 79 0 90 87 87 83 67 88 89 
54 70 104 125 83 40 112 81 101 78 76 90 0 52 73 79 107 57 103 
75 27 77 97 86 38 108 61 72 61 89 87 52 0 69 48 79 40 62 
71 78 72 94 55 62 95 109 79 100 54 87 73 69 0 83 97 100 93 
74 66 68 88 75 48 89 48 80 78 96 83 79 48 83 0 58 60 62 
83 81 56 77 86 74 68 61 58 64 118 67 107 79 97 58 0 91 65 
86 52 92 118 100 53 116 44 86 57 103 88 57 40 100 60 91 0 72 
107 62 53 104 95 73 112 67 43 68 115 89 103 62 93 62 65 72 0 
