# rmTSP_15_4_80_maximum_101_100.mat
# n=15
# k=4
# a=80
# d="maximum"
# s=101
15
0 4242 3535 6666 5050 4141 6767 4949 4242 7373 6868 6666 4949 6565 6464 
4242 0 4444 5454 4545 4040 7676 5858 4545 6868 6262 7575 5252 7474 7373 
3535 4444 0 4646 4343 2525 4343 2424 3939 5252 5252 3131 2222 3030 2929 
6666 5454 4646 0 6969 6464 6666 6060 5353 5858 4848 6565 6363 6464 6363 
5050 4545 4343 6969 0 2929 7575 5757 3939 7676 5757 7474 5050 7373 7272 
4141 4040 2525 6464 2929 0 6262 3939 2525 7171 4343 4545 3232 4444 4343 
6767 7676 4343 6666 7575 6262 0 4747 7171 4040 4848 6363 6161 5151 2626 
4949 5858 2424 6060 5757 3939 4747 0 5353 6161 6666 4444 3939 3333 3636 
4242 4545 3939 5353 3939 2525 7171 5353 0 6363 5353 7070 4646 6969 6868 
7373 6868 5252 5858 7676 7171 4040 6161 6363 0 4545 7272 7070 6060 3535 
6868 6262 5252 4848 5757 4343 4848 6666 5353 4545 0 4444 4242 4949 3838 
6666 7575 3131 6565 7474 4545 6363 4444 7070 7272 4444 0 2727 2727 3737 
4949 5252 2222 6363 5050 3232 6161 3939 4646 7070 4242 2727 0 2323 3535 
6565 7474 3030 6464 7373 4444 5151 3333 6969 6060 4949 2727 2323 0 2525 
6464 7373 2929 6363 7272 4343 2626 3636 6868 3535 3838 3737 3535 2525 0 
