# rmTSP_12_6_20_manhattan_1_100.mat
# n=12
# k=6
# a=20
# d="manhattan"
# s=1
12
0 31 26 27 39 34 21 25 32 49 23 34 
31 0 39 46 36 31 36 42 39 54 44 59 
26 39 0 33 35 32 43 29 18 25 31 42 
27 46 33 0 42 31 42 30 37 48 16 41 
39 36 35 42 0 37 44 50 37 28 38 59 
34 31 32 31 37 0 39 31 22 39 39 36 
21 36 43 42 44 39 0 22 39 56 38 25 
25 42 29 30 50 31 22 0 25 46 30 21 
32 39 18 37 37 22 39 25 0 23 37 32 
49 54 25 48 28 39 56 46 23 0 46 47 
23 44 31 16 38 39 38 30 37 46 0 47 
34 59 42 41 59 36 25 21 32 47 47 0 
