# rmTSP_15_4_80_euklid_101_100.mat
# n=15
# k=4
# a=80
# d="euklid"
# s=101
15
0 4722 6808 10271 7587 2437 7592 8192 5608 5821 2630 6450 5125 7952 4533 
4722 0 4188 6115 7312 6442 4283 5287 2279 5044 5519 3945 4079 5488 4391 
6808 4188 0 5773 10281 8435 5089 6347 4546 8813 5776 4054 8000 7759 4792 
10271 6115 5773 0 11184 12298 4471 6828 6821 9989 10121 5587 8258 5466 7555 
7587 7312 10281 11184 0 7543 7182 5695 9065 8412 9272 7177 5600 9316 10440 
2437 6442 8435 12298 7543 0 9247 9117 7105 6722 4068 8018 6588 10149 6840 
7592 4283 5089 4471 7182 9247 0 3060 6210 8767 7720 1862 5831 5410 6811 
8192 5287 6347 6828 5695 9117 3060 0 7032 9253 8626 3347 6685 7937 8790 
5608 2279 4546 6821 9065 7105 6210 7032 0 4590 6320 5901 5582 6733 4764 
5821 5044 8813 9989 8412 6722 8767 9253 4590 0 7945 8743 4373 7373 6946 
2630 5519 5776 10121 9272 4068 7720 8626 6320 7945 0 6198 7068 8692 3909 
6450 3945 4054 5587 7177 8018 1862 3347 5901 8743 6198 0 6061 6295 5972 
5125 4079 8000 8258 5600 6588 5831 6685 5582 4373 7068 6061 0 4722 6315 
7952 5488 7759 5466 9316 10149 5410 7937 6733 7373 8692 6295 4722 0 6027 
4533 4391 4792 7555 10440 6840 6811 8790 4764 6946 3909 5972 6315 6027 0 
