# rmTSP_11_4_40_manhattan_101_100.mat
# n=11
# k=4
# a=40
# d="manhattan"
# s=101
11
0 1818 6565 3333 7777 3737 4545 5757 5555 3737 2727 
1818 0 5353 4949 6565 5353 6161 4343 6969 2121 4141 
6565 5353 0 4040 3434 6464 5050 4444 7070 3838 6262 
3333 4949 4040 0 4444 2424 2424 6666 6464 4646 3636 
7777 6565 3434 4444 0 4040 6060 5656 8282 5454 7878 
3737 5353 6464 2424 4040 0 4242 7070 6868 5050 4040 
4545 6161 5050 2424 6060 4242 0 7070 6868 5050 4646 
5757 4343 4444 6666 5656 7070 7070 0 3232 2828 4848 
5555 6969 7070 6464 8282 6868 6868 3232 0 5050 3232 
3737 2121 3838 4646 5454 5050 5050 2828 5050 0 2828 
2727 4141 6262 3636 7878 4040 4646 4848 3232 2828 0 
