# rmTSP_18_8_80_maximum_1_100.mat
# n=18
# k=8
# a=80
# d="maximum"
# s=1
18
0 64 21 61 47 73 60 41 51 39 61 70 61 36 48 54 43 30 
64 0 57 67 67 68 36 51 51 66 74 58 59 53 52 61 60 75 
21 57 0 50 37 66 53 32 55 43 41 56 45 44 48 48 22 22 
61 67 50 0 52 66 72 69 69 58 58 72 35 66 62 48 40 31 
47 67 37 52 0 76 63 28 69 64 50 56 52 31 68 57 36 44 
73 68 66 66 76 0 78 54 52 75 73 67 53 72 61 59 70 74 
60 36 53 72 63 78 0 50 46 72 66 54 69 45 56 53 64 52 
41 51 32 69 28 54 50 0 61 56 42 51 69 25 60 37 38 38 
51 51 55 69 69 52 46 61 0 55 76 51 62 63 64 71 70 77 
39 66 43 58 64 75 72 56 55 0 56 65 58 66 48 66 65 46 
61 74 41 58 50 73 66 42 76 56 0 77 58 60 69 53 51 32 
70 58 56 72 56 67 54 51 51 65 77 0 72 54 46 58 69 78 
61 59 45 35 52 53 69 69 62 58 58 72 0 63 35 45 41 35 
36 53 44 66 31 72 45 25 63 66 60 54 63 0 62 27 53 46 
48 52 48 62 68 61 56 60 64 48 69 46 35 62 0 70 69 70 
54 61 48 48 57 59 53 37 71 66 53 58 45 27 70 0 45 51 
43 60 22 40 36 70 64 38 70 65 51 69 41 53 69 45 0 27 
30 75 22 31 44 74 52 38 77 46 32 78 35 46 70 51 27 0 
