# rmTSP_20_3_80_manhattan_1_100.mat
# n=20
# k=3
# a=80
# d="manhattan"
# s=1
20
0 47 105 160 13 53 72 32 72 96 149 92 82 83 64 86 93 55 103 40 
47 0 118 207 58 88 103 79 119 123 196 139 87 72 91 133 140 102 130 87 
105 118 0 89 92 136 79 83 125 123 78 63 31 62 127 95 72 72 114 73 
160 207 89 0 149 119 112 128 88 108 31 68 120 135 144 74 67 105 81 120 
13 58 92 149 0 44 61 23 61 87 138 81 69 82 55 83 82 58 94 29 
53 88 136 119 44 0 91 55 31 45 122 75 113 126 45 69 66 78 58 63 
72 103 79 112 61 91 0 84 102 78 93 68 76 141 82 144 69 119 45 44 
32 79 83 128 23 55 84 0 64 98 117 60 60 71 66 60 63 35 105 40 
72 119 125 88 61 31 102 64 0 56 111 64 102 135 56 78 55 87 69 58 
96 123 123 108 87 45 78 98 56 0 109 62 104 169 36 112 53 121 33 60 
149 196 78 31 138 122 93 117 111 109 0 57 109 124 133 65 56 94 76 109 
92 139 63 68 81 75 68 60 64 62 57 0 60 125 76 76 9 77 51 52 
82 87 31 120 69 113 76 60 102 104 109 60 0 65 104 106 69 81 111 50 
83 72 62 135 82 126 141 71 135 169 124 125 65 0 137 61 134 50 176 109 
64 91 127 144 55 45 82 66 56 36 133 76 104 137 0 98 77 89 63 54 
86 133 95 74 83 69 144 60 78 112 65 76 106 61 98 0 77 31 119 100 
93 140 72 67 82 66 69 63 55 53 56 9 69 134 77 77 0 86 42 53 
55 102 72 105 58 78 119 35 87 121 94 77 81 50 89 31 86 0 128 75 
103 130 114 81 94 58 45 105 69 33 76 51 111 176 63 119 42 128 0 67 
40 87 73 120 29 63 44 40 58 60 109 52 50 109 54 100 53 75 67 0 
