# rmTSP_10_4_20_manhattan_1_100.mat
# n=10
# k=4
# a=20
# d="manhattan"
# s=1
10
0 22 29 28 32 29 10 26 31 28 
22 0 19 8 22 15 12 16 19 8 
29 19 0 17 19 12 25 9 18 23 
28 8 17 0 14 13 18 18 15 14 
32 22 19 14 0 15 26 22 9 28 
29 15 12 13 15 0 21 9 16 13 
10 12 25 18 26 21 0 22 25 18 
26 16 9 18 22 9 22 0 17 14 
31 19 18 15 9 16 25 17 0 23 
28 8 23 14 28 13 18 14 23 0 
