# rmTSP_17_4_40_euklid_101_100.mat
# n=17
# k=4
# a=40
# d="euklid"
# s=101
17
0 3453 3133 2645 3663 2979 4025 4494 3569 1542 2649 4701 3794 1744 1678 1392 2817 
3453 0 2573 2753 4223 3412 2033 3805 3872 4186 3581 4148 2583 2283 4036 2994 2939 
3133 2573 0 714 2804 1862 2860 2781 3199 3078 2744 3210 1764 3313 2729 2272 4037 
2645 2753 714 0 2565 1491 2795 2575 2981 2517 2583 3077 1741 3020 2190 1773 3793 
3663 4223 2804 2565 0 3837 3952 4126 1116 2559 4901 1865 2591 4031 2327 3693 3732 
2979 3412 1862 1491 3837 0 3191 2133 4303 3176 1953 4132 2636 3539 2938 1647 4705 
4025 2033 2860 2795 3952 3191 0 2449 3721 4371 4299 3139 1675 3100 4237 3328 3490 
4494 3805 2781 2575 4126 2133 2449 0 4525 4466 3964 3431 2121 4487 4252 3341 5242 
3569 3872 3199 2981 1116 4303 3721 4525 0 2729 5190 2017 2733 3547 2612 3842 2858 
1542 4186 3078 2517 2559 3176 4371 4466 2729 0 3477 3944 3611 2848 416 2169 3259 
2649 3581 2744 2583 4901 1953 4299 3964 5190 3477 0 5618 4054 3359 3313 1660 4850 
4701 4148 3210 3077 1865 4132 3139 3431 2017 3944 5618 0 1940 4551 3744 4393 4172 
3794 2583 1764 1741 2591 2636 1675 2121 2733 3611 4054 1940 0 3474 3360 3072 3745 
1744 2283 3313 3020 4031 3539 3100 4487 3547 2848 3359 4551 3474 0 2924 2180 1660 
1678 4036 2729 2190 2327 2938 4237 4252 2612 416 3313 3744 3360 2924 0 2075 3371 
1392 2994 2272 1773 3693 1647 3328 3341 3842 2169 1660 4393 3072 2180 2075 0 3513 
2817 2939 4037 3793 3732 4705 3490 5242 2858 3259 4850 4172 3745 1660 3371 3513 0 
