# rmTSP_15_6_20_manhattan_101_100.mat
# n=15
# k=6
# a=20
# d="manhattan"
# s=101
15
0 4949 3939 5959 3131 4343 6464 5050 2929 3636 5454 2323 4646 4949 5050 
4949 0 4242 5858 5656 2828 5555 3737 2828 3737 5555 4848 4747 5454 2525 
3939 4242 0 4242 3636 3232 4747 3737 4848 2727 3131 4040 4141 3838 4545 
5959 5858 4242 0 3636 4242 4141 2727 5858 4343 3939 6060 4747 3232 3737 
3131 5656 3636 3636 0 4444 5959 3737 3636 3737 4343 4040 6363 3838 5151 
4343 2828 3232 4242 4444 0 4343 3131 3232 2929 3737 4040 3535 3434 1717 
6464 5555 4747 4141 5959 4343 0 4242 6363 5858 2222 5353 4242 2525 3434 
5050 3737 3737 2727 3737 3131 4242 0 3737 2626 4646 5555 5454 3535 2626 
2929 2828 4848 5858 3636 3232 6363 3737 0 2929 5353 3636 6767 6060 3131 
3636 3737 2727 4343 3737 2929 5858 2626 2929 0 4848 5151 5858 4949 4242 
5454 5555 3131 3939 4343 3737 2222 4646 5353 4848 0 5151 5252 2727 3838 
2323 4848 4040 6060 4040 4040 5353 5555 3636 5151 5151 0 3535 4848 4747 
4646 4747 4141 4747 6363 3535 4242 5454 6767 5858 5252 3535 0 3737 4646 
4949 5454 3838 3232 3838 3434 2525 3535 6060 4949 2727 4848 3737 0 3939 
5050 2525 4545 3737 5151 1717 3434 2626 3131 4242 3838 4747 4646 3939 0 
