# rmTSP_16_6_10_euklid_101_100.mat
# n=16
# k=6
# a=10
# d="euklid"
# s=101
16
0 1045 440 1078 947 1229 678 1253 1261 749 1355 1282 1446 1443 1102 1229 
1045 0 795 1025 898 1515 589 1102 1120 589 1561 1069 937 1005 795 1344 
440 795 0 802 763 942 474 974 920 571 1111 926 1078 1025 782 1064 
1078 1025 802 0 969 1020 1083 495 1332 995 1478 598 1138 1010 963 1160 
947 898 763 969 0 1106 662 1000 1116 909 1212 984 776 1278 525 515 
1229 1515 942 1020 1106 0 1216 1125 926 1297 714 851 1191 1059 1015 1030 
678 589 474 1083 662 1216 0 1225 898 474 1156 1116 926 1111 728 1025 
1253 1102 974 495 1000 1125 1225 0 1377 1249 1635 707 1092 1078 875 1253 
1261 1120 920 1332 1116 926 898 1377 0 995 700 984 984 714 776 1301 
749 589 571 995 909 1297 474 1249 995 0 1249 1000 1178 1025 903 1249 
1355 1561 1111 1478 1212 714 1156 1635 700 1249 0 1182 1266 1178 1120 1125 
1282 1069 926 598 984 851 1116 707 984 1000 1182 0 1020 662 742 1156 
1446 937 1078 1138 776 1191 926 1092 984 1178 1266 1020 0 984 639 942 
1443 1005 1025 1010 1278 1059 1111 1078 714 1025 1178 662 984 0 898 1505 
1102 795 782 963 525 1015 728 875 776 903 1120 742 639 898 0 886 
1229 1344 1064 1160 515 1030 1025 1253 1301 1249 1125 1156 942 1505 886 0 
