# rmTSP_11_2_40_manhattan_1_100.mat
# n=11
# k=2
# a=40
# d="manhattan"
# s=1
11
0 25 19 48 16 22 32 17 32 15 19 
25 0 44 49 9 3 31 22 17 10 36 
19 44 0 33 35 41 51 22 51 34 8 
48 49 33 0 56 46 30 31 32 59 29 
16 9 35 56 0 10 38 25 24 3 27 
22 3 41 46 10 0 28 19 14 13 33 
32 31 51 30 38 28 0 29 14 41 43 
17 22 22 31 25 19 29 0 29 28 14 
32 17 51 32 24 14 14 29 0 27 43 
15 10 34 59 3 13 41 28 27 0 30 
19 36 8 29 27 33 43 14 43 30 0 
