# rmTSP_12_6_10_manhattan_101_100.mat
# n=12
# k=6
# a=10
# d="manhattan"
# s=101
12
0 2323 2121 1212 2121 1414 1616 1515 1717 1717 1717 1818 
2323 0 1616 1919 808 2121 1313 2626 1212 1212 2020 2323 
2121 1616 0 909 1414 2727 1919 1414 1616 2222 2020 1717 
1212 1919 909 0 1717 2222 1818 1111 1313 1515 2121 1616 
2121 808 1414 1717 0 2727 1919 2424 1414 2020 2222 2121 
1414 2121 2727 2222 2727 0 1414 2727 2323 1515 1919 2020 
1616 1313 1919 1818 1919 1414 0 2121 1717 1313 1111 1212 
1515 2626 1414 1111 2424 2727 2121 0 1818 2020 2020 2323 
1717 1212 1616 1313 1414 2323 1717 1818 0 1212 2020 2525 
1717 1212 2222 1515 2020 1515 1313 2020 1212 0 2020 1919 
1717 2020 2020 2121 2222 1919 1111 2020 2020 2020 0 1313 
1818 2323 1717 1616 2121 2020 1212 2323 2525 1919 1313 0 
