# rmTSP_19_4_20_euklid_101_100.mat
# n=19
# k=4
# a=20
# d="euklid"
# s=101
19
0 2210 1732 1464 833 2131 1297 1396 2097 1160 1535 1708 1997 1220 892 1571 1568 756 1868 
2210 0 1495 2362 1587 2010 2161 1732 2171 2062 1672 1366 1647 1961 1956 1581 1818 1613 1035 
1732 1495 0 2281 1435 1810 1102 1644 2946 1020 303 2055 1961 1116 2099 670 2358 1078 1948 
1464 2362 2281 0 1491 1555 2480 1216 1810 2308 2111 1484 2608 1795 1237 2495 1705 1622 1824 
833 1587 1435 1491 0 2082 1344 1453 1977 1195 1305 1059 1987 892 769 1286 1555 782 1505 
2131 2010 1810 1555 2082 0 2519 892 2403 2371 1790 2121 2171 2145 2206 2310 2040 1705 1723 
1297 2161 1102 2480 1344 2519 0 2030 3067 175 969 2336 2104 1092 1945 678 2420 1035 2367 
1396 1732 1644 1216 1453 892 2030 0 1744 1876 1591 1632 1558 1804 1446 1903 1237 1045 1174 
2097 2171 2946 1810 1977 2403 3067 1744 0 2929 2924 1460 2035 2797 1396 2915 769 2126 1216 
1160 2062 1020 2308 1195 2371 175 1876 2929 0 863 2190 2043 958 1801 655 2292 880 2236 
1535 1672 303 2111 1305 1790 969 1591 2924 863 0 2023 2075 875 1971 721 2343 963 2017 
1708 1366 2055 1484 1059 2121 2336 1632 1460 2190 2023 0 2220 1726 1020 2065 1432 1584 1134 
1997 1647 1961 2608 1987 2171 2104 1558 2035 2043 2075 2220 0 2509 2053 1849 1348 1508 1289 
1220 1961 1116 1795 892 2145 1092 1804 2797 958 875 1726 2509 0 1571 1134 2345 1078 2171 
892 1956 2099 1237 769 2206 1945 1446 1396 1801 1971 1020 2053 1571 0 1969 1129 1186 1443 
1571 1581 670 2495 1286 2310 678 1903 2915 655 721 2065 1849 1134 1969 0 2292 1020 2010 
1568 1818 2358 1705 1555 2040 2420 1237 769 2292 2343 1432 1348 2345 1129 2292 0 1488 875 
756 1613 1078 1622 782 1705 1035 1045 2126 880 963 1584 1508 1078 1186 1020 1488 0 1464 
1868 1035 1948 1824 1505 1723 2367 1174 1216 2236 2017 1134 1289 2171 1443 2010 875 1464 0 
