# rmTSP_10_2_80_manhattan_1_100.mat
# n=10
# k=2
# a=80
# d="manhattan"
# s=1
10
0 3 48 64 21 60 92 70 64 62 
3 0 45 63 24 61 89 67 61 61 
48 45 0 100 69 26 44 42 24 98 
64 63 100 0 69 124 74 58 76 26 
21 24 69 69 0 55 113 91 85 69 
60 61 26 124 55 0 70 66 48 122 
92 89 44 74 113 70 0 22 28 72 
70 67 42 58 91 66 22 0 18 56 
64 61 24 76 85 48 28 18 0 74 
62 61 98 26 69 122 72 56 74 0 
