# rmTSP_12_4_80_manhattan_101_100.mat
# n=12
# k=4
# a=80
# d="manhattan"
# s=101
12
0 9999 13130 11615 9595 9494 10403 14645 7373 17978 5555 10403 
9999 0 7979 9898 2424 7777 13938 10706 13736 10403 8282 11716 
13130 7979 0 15857 9191 9898 19897 13635 7979 5050 7575 11615 
11615 9898 15857 0 7878 9393 7474 8484 18988 15251 12120 14140 
9595 2424 9191 7878 0 6969 13534 10302 14948 12019 8080 13332 
9494 7777 9898 9393 6969 0 14039 6969 11413 14342 7979 9393 
10403 13938 19897 7474 13534 14039 0 13332 15554 19291 13736 12322 
14645 10706 13635 8484 10302 6969 13332 0 16564 9595 12928 6464 
7373 13736 7979 18988 14948 11413 15554 16564 0 12827 6868 10100 
17978 10403 5050 15251 12019 14342 19291 9595 12827 0 12423 8787 
5555 8282 7575 12120 8080 7979 13736 12928 6868 12423 0 9898 
10403 11716 11615 14140 13332 9393 12322 6464 10100 8787 9898 0 
