# rmTSP_16_6_80_euklid_101_100.mat
# n=16
# k=6
# a=80
# d="euklid"
# s=101
16
0 9885 7603 7366 7924 5169 2939 10154 5353 9899 5349 6612 5141 2738 6648 7526 
9885 0 8578 7394 10071 6561 9078 8551 8251 8797 12031 11293 9837 9908 9142 6784 
7603 8578 0 8416 12081 5047 6149 11192 7402 7453 6772 5786 7458 8906 6560 8079 
7366 7394 8416 0 9300 4801 6777 6026 6990 9220 10282 8026 8848 7196 3532 6719 
7924 10071 12081 9300 0 7962 7455 8303 5798 12134 10052 10206 7708 5589 11078 10033 
5169 6561 5047 4801 7962 0 4196 7162 4499 8554 7321 4951 5820 5572 4706 6739 
2939 9078 6149 6777 7455 4196 0 9619 4075 7631 3862 5633 4835 3139 6056 6880 
10154 8551 11192 6026 8303 7162 9619 0 6949 12216 12823 9632 8857 8982 8536 8391 
5353 8251 7402 6990 5798 4499 4075 6949 0 8467 6450 6401 2924 4110 7591 5970 
9899 8797 7453 9220 12134 8554 7631 12216 8467 0 8371 10830 9689 9871 9011 6591 
5349 12031 6772 10282 10052 7321 3862 12823 6450 8371 0 6554 5894 5948 8726 9167 
6612 11293 5786 8026 10206 4951 5633 9632 6401 10830 6554 0 6510 7195 6200 10091 
5141 9837 7458 8848 7708 5820 4835 8857 2924 9689 5894 6510 0 4873 8639 6695 
2738 9908 8906 7196 5589 5572 3139 8982 4110 9871 5948 7195 4873 0 7464 7492 
6648 9142 6560 3532 11078 4706 6056 8536 7591 9011 8726 6200 8639 7464 0 7590 
7526 6784 8079 6719 10033 6739 6880 8391 5970 6591 9167 10091 6695 7492 7590 0 
