# rmTSP_10_2_80_maximum_101_100.mat
# n=10
# k=2
# a=80
# d="maximum"
# s=101
10
0 3333 2323 3333 2626 3333 3333 3232 1818 2525 
3333 0 3838 3838 5959 6666 6060 3232 4343 2222 
2323 3838 0 5151 4949 5656 5151 5050 3636 1616 
3333 3838 5151 0 3434 4848 2222 606 1515 3535 
2626 5959 4949 3434 0 1414 3434 3333 1919 5151 
3333 6666 5656 4848 1414 0 4848 4747 3333 5858 
3333 6060 5151 2222 3434 4848 0 2828 1717 5252 
3232 3232 5050 606 3333 4747 2828 0 1414 3434 
1818 4343 3636 1515 1919 3333 1717 1414 0 3535 
2525 2222 1616 3535 5151 5858 5252 3434 3535 0 
