# rmTSP_15_8_80_euklid_101_100.mat
# n=15
# k=8
# a=80
# d="euklid"
# s=101
15
0 6736 6547 5805 6019 7742 3366 7229 8841 7374 5916 7493 4766 6492 6769 
6736 0 6826 10731 8891 9955 7837 10640 10697 11567 8546 7886 9158 10806 7187 
6547 6826 0 7473 8668 6251 6872 8084 7240 7999 6688 5394 7021 7617 4661 
5805 10731 7473 0 8409 5803 6340 9613 7913 4184 6961 6476 5098 7731 7330 
6019 8891 8668 8409 0 8799 4354 10925 9279 10017 7311 9177 7218 10735 8068 
7742 9955 6251 5803 8799 0 8573 10845 6181 7273 6251 5704 7373 10305 6513 
3366 7837 6872 6340 4354 8573 0 8014 9489 7915 6556 7849 4203 7818 6665 
7229 10640 8084 9613 10925 10845 8014 0 11536 9513 8985 10120 7307 5973 10377 
8841 10697 7240 7913 9279 6181 9489 11536 0 10136 10293 7753 9345 9758 9949 
7374 11567 7999 4184 10017 7273 7915 9513 10136 0 6048 6878 7261 7831 7263 
5916 8546 6688 6961 7311 6251 6556 8985 10293 6048 0 7121 7132 9198 4651 
7493 7886 5394 6476 9177 5704 7849 10120 7753 6878 7121 0 6658 10176 6187 
4766 9158 7021 5098 7218 7373 4203 7307 9345 7261 7132 6658 0 8427 7396 
6492 10806 7617 7731 10735 10305 7818 5973 9758 7831 9198 10176 8427 0 9758 
6769 7187 4661 7330 8068 6513 6665 10377 9949 7263 4651 6187 7396 9758 0 
