# rmTSP_20_8_40_manhattan_1_100.mat
# n=20
# k=8
# a=40
# d="manhattan"
# s=1
20
0 61 93 87 82 136 61 84 94 111 104 132 110 132 69 156 84 103 89 90 
61 0 98 112 103 147 100 63 75 118 107 107 95 137 74 169 93 86 38 71 
93 98 0 82 95 113 116 115 95 92 51 83 95 121 66 75 121 110 94 95 
87 112 82 0 95 109 114 121 103 142 79 89 117 171 102 127 147 106 128 133 
82 103 95 95 0 80 123 58 126 149 112 150 106 120 75 104 84 139 123 76 
136 147 113 109 80 0 107 114 104 121 118 126 144 102 105 122 134 69 173 140 
61 100 116 114 123 107 0 125 61 104 129 119 135 95 110 153 93 80 138 139 
84 63 115 121 58 114 125 0 116 141 110 154 114 116 81 142 78 123 87 68 
94 75 95 103 126 104 61 116 0 113 118 68 114 114 99 134 118 53 113 104 
111 118 92 142 149 121 104 141 113 0 105 99 89 113 110 139 133 100 116 149 
104 107 51 79 112 118 129 110 118 105 0 76 106 120 75 106 124 119 83 84 
132 107 83 89 150 126 119 154 68 99 76 0 88 158 117 130 172 87 95 120 
110 95 95 117 106 144 135 114 114 89 106 88 0 124 111 134 104 135 95 114 
132 137 121 171 120 102 95 116 114 113 120 158 124 0 115 108 68 127 155 122 
69 74 66 102 75 105 110 81 99 110 75 117 111 115 0 119 79 100 98 63 
156 169 75 127 104 122 153 142 134 139 106 130 134 108 119 0 122 167 169 136 
84 93 121 147 84 134 93 78 118 133 124 172 104 68 79 122 0 139 121 96 
103 86 110 106 139 69 80 123 53 100 119 87 135 127 100 167 139 0 124 121 
89 38 94 128 123 173 138 87 113 116 83 95 95 155 98 169 121 124 0 65 
90 71 95 133 76 140 139 68 104 149 84 120 114 122 63 136 96 121 65 0 
