# rmTSP_15_4_40_euklid_1_100.mat
# n=15
# k=4
# a=40
# d="euklid"
# s=1
15
0 17 33 36 29 22 15 27 16 30 45 31 42 38 20 
17 0 24 31 21 13 18 20 16 27 36 31 31 33 13 
33 24 0 43 21 25 24 27 30 23 18 29 19 21 37 
36 31 43 0 24 23 44 39 33 31 44 31 40 60 33 
29 21 21 24 0 13 29 30 27 12 22 20 20 39 31 
22 13 25 23 13 0 26 29 23 19 30 28 24 39 19 
15 18 24 44 29 26 0 22 17 29 39 30 37 25 27 
27 20 27 39 30 29 22 0 13 37 42 28 41 36 30 
16 16 30 33 27 23 17 13 0 32 44 25 41 39 24 
30 27 23 31 12 19 29 37 32 0 22 22 21 38 36 
45 36 18 44 22 30 39 42 44 22 0 34 10 35 46 
31 31 29 31 20 28 30 28 25 22 34 0 37 45 42 
42 31 19 40 20 24 37 41 41 21 10 37 0 34 39 
38 33 21 60 39 39 25 36 39 38 35 45 34 0 42 
20 13 37 33 31 19 27 30 24 36 46 42 39 42 0 
