# rmTSP_16_3_20_euklid_101_100.mat
# n=16
# k=3
# a=20
# d="euklid"
# s=101
16
0 1741 1332 1705 1464 2040 1282 1887 1045 1940 1881 863 742 1729 623 1301 
1741 0 1474 1678 909 763 1000 1178 1450 742 1363 1558 1971 378 1832 662 
1332 1474 0 2401 1106 1647 1699 1632 1328 1903 1501 920 1629 1741 1773 1220 
1705 1678 2401 0 1542 1632 1610 2515 2190 1964 2706 1720 2187 1450 1741 1815 
1464 909 1106 1542 0 685 1495 1832 1693 1600 1898 875 1989 1111 1840 1134 
2040 763 1647 1632 685 0 1657 1908 2067 1474 2048 1555 2478 953 2290 1332 
1282 1000 1699 1610 1495 1657 0 1000 821 756 1204 1641 1225 821 1045 580 
1887 1178 1632 2515 1832 1908 1000 0 958 795 319 2075 1657 1253 1764 776 
1045 1450 1328 2190 1693 2067 821 958 0 1317 926 1518 707 1464 909 789 
1940 742 1903 1964 1600 1474 756 795 1317 0 1097 2060 1903 623 1793 735 
1881 1363 1501 2706 1898 2048 1204 319 926 1097 0 2055 1619 1491 1810 909 
863 1558 920 1720 875 1555 1641 2075 1518 2060 2055 0 1522 1684 1439 1389 
742 1971 1629 2187 1989 2478 1225 1657 707 1903 1619 1522 0 1930 495 1363 
1729 378 1741 1450 1111 953 821 1253 1464 623 1491 1684 1930 0 1717 735 
623 1832 1773 1741 1840 2290 1045 1764 909 1793 1810 1439 495 1717 0 1317 
1301 662 1220 1815 1134 1332 580 776 789 735 909 1389 1363 735 1317 0 
