# rmTSP_19_6_10_euklid_101_100.mat
# n=19
# k=6
# a=10
# d="euklid"
# s=101
19
0 655 1120 909 1030 364 857 735 969 814 814 869 845 505 1000 915 869 963 821 
655 0 920 827 1000 749 606 1129 1097 662 827 1134 990 898 1186 990 1059 974 1116 
1120 920 0 1237 721 1414 1045 1286 875 1069 808 1266 1074 1340 1257 1111 749 1160 1241 
909 827 1237 0 1074 1030 1064 1332 1035 623 1186 1439 1111 756 1446 1336 1174 782 1025 
1030 1000 721 1074 0 1351 1040 1467 495 839 1025 979 571 1257 990 1385 1010 1241 795 
364 749 1414 1030 1351 0 1005 808 1274 958 1010 1102 1129 606 1241 1025 1138 1125 1083 
857 606 1045 1064 1040 1005 0 1359 1169 851 1257 845 1020 1025 795 969 1270 898 1245 
735 1129 1286 1332 1467 808 1359 0 1241 1261 958 1336 1453 880 1439 749 678 1125 1374 
969 1097 875 1035 495 1274 1169 1241 0 735 1102 1020 857 1174 1030 1195 808 1102 937 
814 662 1069 623 839 958 851 1261 735 0 1143 1138 995 979 1147 1102 1083 892 1083 
814 827 808 1186 1025 1010 1257 958 1102 1143 0 1374 1025 1088 1495 1233 749 1363 1015 
869 1134 1266 1439 979 1102 845 1336 1020 1138 1374 0 808 1156 247 1169 1278 1289 1040 
845 990 1074 1111 571 1129 1020 1453 857 995 1025 808 0 1074 915 1512 1212 1366 404 
505 898 1340 756 1257 606 1025 880 1174 979 1088 1156 1074 0 1225 1083 1025 782 920 
1000 1186 1257 1446 990 1241 795 1439 1030 1147 1495 247 915 1225 0 1160 1325 1216 1160 
915 990 1111 1336 1385 1025 969 749 1195 1102 1233 1169 1512 1083 1160 0 845 839 1597 
869 1059 749 1174 1010 1138 1270 678 808 1083 749 1278 1212 1025 1325 845 0 1005 1186 
963 974 1160 782 1241 1125 898 1125 1102 892 1363 1289 1366 782 1216 839 1005 0 1366 
821 1116 1241 1025 795 1083 1245 1374 937 1083 1015 1040 404 920 1160 1597 1186 1366 0 
