# rmTSP_11_3_10_manhattan_1_100.mat
# n=11
# k=3
# a=10
# d="manhattan"
# s=1
11
0 12 11 14 11 12 11 10 9 10 7 
12 0 9 8 1 8 5 8 11 4 11 
11 9 0 7 8 5 12 15 4 5 12 
14 8 7 0 7 12 5 8 7 8 19 
11 1 8 7 0 9 4 7 10 3 12 
12 8 5 12 9 0 13 16 5 6 7 
11 5 12 5 4 13 0 3 10 7 16 
10 8 15 8 7 16 3 0 13 10 17 
9 11 4 7 10 5 10 13 0 7 12 
10 4 5 8 3 6 7 10 7 0 11 
7 11 12 19 12 7 16 17 12 11 0 
