# rmTSP_14_4_10_euklid_101_100.mat
# n=14
# k=4
# a=10
# d="euklid"
# s=101
14
0 1020 1152 880 580 808 670 378 795 580 953 821 1083 1152 
1020 0 286 685 763 742 655 833 655 505 789 742 525 350 
1152 286 0 769 814 714 892 926 655 614 1035 655 335 202 
880 685 769 0 802 1050 926 553 892 484 875 892 909 623 
580 763 814 802 0 647 707 440 267 378 845 416 670 851 
808 742 714 1050 647 0 782 795 553 647 1216 429 525 821 
670 655 892 926 707 782 0 742 742 580 580 915 942 958 
378 833 926 553 440 795 742 0 655 335 875 655 886 880 
795 655 655 892 267 553 742 655 0 463 909 319 463 742 
580 505 614 484 378 647 580 335 463 0 728 525 623 598 
953 789 1035 875 845 1216 580 875 909 728 0 1156 1152 1045 
821 742 655 892 416 429 915 655 319 525 1156 0 391 714 
1083 525 335 909 670 525 942 886 463 623 1152 391 0 463 
1152 350 202 623 851 821 958 880 742 598 1045 714 463 0 
