# rmTSP_15_4_40_manhattan_1_100.mat
# n=15
# k=4
# a=40
# d="manhattan"
# s=1
15
0 51 56 59 36 18 83 66 47 83 43 62 32 35 65 
51 0 53 76 69 51 52 39 48 56 46 35 69 38 38 
56 53 0 35 62 50 59 40 93 27 41 40 34 27 43 
59 76 35 0 35 47 64 75 106 52 54 59 27 50 60 
36 69 62 35 0 34 99 76 83 87 61 52 32 49 59 
18 51 50 47 34 0 71 62 59 77 37 66 24 27 63 
83 52 59 64 99 71 0 61 54 46 42 71 71 72 62 
66 39 40 75 76 62 61 0 61 37 45 24 68 37 17 
47 48 93 106 83 59 54 61 0 96 52 71 79 78 62 
83 56 27 52 87 77 46 37 96 0 44 39 59 54 44 
43 46 41 54 61 37 42 45 52 44 0 49 29 56 46 
62 35 40 59 52 66 71 24 71 39 49 0 60 39 15 
32 69 34 27 32 24 71 68 79 59 29 60 0 43 57 
35 38 27 50 49 27 72 37 78 54 56 39 43 0 42 
65 38 43 60 59 63 62 17 62 44 46 15 57 42 0 
