# rmTSP_17_2_80_manhattan_101_100.mat
# n=17
# k=2
# a=80
# d="manhattan"
# s=101
17
0 2323 6060 6666 7474 6060 7373 5454 2626 1919 4747 4545 7272 4343 2222 9090 6363 
2323 0 7575 8181 8989 7373 8888 3737 505 808 6262 2222 4949 5858 1919 10605 7878 
6060 7575 0 3838 1414 5454 1313 4848 7070 7979 2525 6969 6666 1919 8282 3030 3333 
6666 8181 3838 0 3838 1616 4949 4444 7676 8585 6363 7575 3838 5757 8888 5656 505 
7474 8989 1414 3838 0 5454 1111 5252 8484 9393 2727 8383 6666 3131 9696 1818 3333 
6060 7373 5454 1616 5454 0 6565 3636 6868 7777 7979 6767 3030 7373 8080 7272 2121 
7373 8888 1313 4949 1111 6565 0 5959 8383 9292 2626 8282 7777 3030 9595 1717 4444 
5454 3737 4848 4444 5252 3636 5959 0 3232 4141 7373 3131 1818 6767 5050 6868 4141 
2626 505 7070 7676 8484 6868 8383 3232 0 1111 5757 1919 4646 5353 2222 10100 7373 
1919 808 7979 8585 9393 7777 9292 4141 1111 0 6666 3030 5757 6262 1111 11009 8282 
4747 6262 2525 6363 2727 7979 2626 7373 5757 6666 0 6464 9191 606 6969 4343 5858 
4545 2222 6969 7575 8383 6767 8282 3131 1919 3030 6464 0 3737 5858 4141 9999 7272 
7272 4949 6666 3838 6666 3030 7777 1818 4646 5757 9191 3737 0 8585 6868 8484 3535 
4343 5858 1919 5757 3131 7373 3030 6767 5353 6262 606 5858 8585 0 6565 4747 5252 
2222 1919 8282 8888 9696 8080 9595 5050 2222 1111 6969 4141 6868 6565 0 11312 8585 
9090 10605 3030 5656 1818 7272 1717 6868 10100 11009 4343 9999 8484 4747 11312 0 5151 
6363 7878 3333 505 3333 2121 4444 4141 7373 8282 5858 7272 3535 5252 8585 5151 0 
