# rmTSP_10_3_40_manhattan_1_100.mat
# n=10
# k=3
# a=40
# d="manhattan"
# s=1
10
0 36 48 37 64 56 53 55 29 20 
36 0 82 71 32 54 55 39 61 22 
48 82 0 15 66 40 29 57 21 68 
37 71 15 0 51 29 40 42 24 57 
64 32 66 51 0 42 39 11 51 54 
56 54 40 29 42 0 67 51 45 76 
53 55 29 40 39 67 0 28 24 41 
55 39 57 42 11 51 28 0 42 43 
29 61 21 24 51 45 24 42 0 47 
20 22 68 57 54 76 41 43 47 0 
