# rmTSP_17_8_40_manhattan_101_100.mat
# n=17
# k=8
# a=40
# d="manhattan"
# s=101
17
0 13433 15756 10706 12827 10807 10605 13938 9999 12827 5454 10908 10706 14544 8787 7575 9696 
13433 0 19089 17473 10908 15554 10908 3737 15554 6666 9797 12423 16059 19291 15958 13332 5959 
15756 19089 0 7070 9191 13231 11211 22018 12625 15655 14746 15958 10302 6060 14645 13231 20402 
10706 17473 7070 0 9797 9393 11413 18382 7575 12827 10706 9292 9090 8282 11211 7171 16766 
12827 10908 9191 9797 0 9898 9898 13837 10908 9494 9797 15857 12827 11211 15554 11716 11615 
10807 15554 13231 9393 9898 0 8888 14443 9898 11514 11413 13231 8585 8989 5858 9898 12019 
10605 10908 11211 11413 9898 8888 0 13231 13534 8888 8181 14443 7373 10201 7070 11514 11817 
13938 3737 22018 18382 13837 14443 13231 0 14039 6767 10100 11918 15150 18382 14847 11817 8686 
9999 15554 12625 7575 10908 9898 13534 14039 0 13736 8383 8181 11413 9191 12524 5454 14645 
12827 6666 15655 12827 9494 11514 8888 6767 13736 0 8787 12019 11615 13837 11918 11514 12019 
5454 9797 14746 10706 9797 11413 8181 10100 8383 8787 0 11716 9494 12120 10605 6161 9090 
10908 12423 15958 9292 15857 13231 14443 11918 8181 12019 11716 0 14140 14544 11211 5757 12120 
10706 16059 10302 9090 12827 8585 7373 15150 11413 11615 9494 14140 0 6464 7171 10201 17372 
14544 19291 6060 8282 11211 8989 10201 18382 9191 13837 12120 14544 6464 0 9797 12625 20806 
8787 15958 14645 11211 15554 5858 7070 14847 12524 11918 10605 11211 7171 9797 0 10504 12625 
7575 13332 13231 7171 11716 9898 11514 11817 5454 11514 6161 5757 10201 12625 10504 0 12221 
9696 5959 20402 16766 11615 12019 11817 8686 14645 12019 9090 12120 17372 20806 12625 12221 0 
