# rmTSP_14_3_80_manhattan_1_100.mat
# n=14
# k=3
# a=80
# d="manhattan"
# s=1
14
0 92 60 74 52 59 69 83 71 68 48 105 76 46 
92 0 86 18 86 63 87 17 55 64 90 113 86 126 
60 86 0 68 62 33 55 77 43 58 54 45 98 70 
74 18 68 0 68 45 69 13 45 56 72 95 96 108 
52 86 62 68 0 31 103 77 105 22 82 93 46 40 
59 63 33 45 31 0 72 54 74 27 63 78 67 63 
69 87 55 69 103 72 0 82 52 99 23 98 139 111 
83 17 77 13 77 54 82 0 44 59 85 104 99 117 
71 55 43 45 105 74 52 44 0 101 53 70 141 113 
68 64 58 56 22 27 99 59 101 0 78 95 44 62 
48 90 54 72 82 63 23 85 53 78 0 99 118 90 
105 113 45 95 93 78 98 104 70 95 99 0 139 67 
76 86 98 96 46 67 139 99 141 44 118 139 0 74 
46 126 70 108 40 63 111 117 113 62 90 67 74 0 
