# rmTSP_15_6_80_maximum_101_100.mat
# n=15
# k=6
# a=80
# d="maximum"
# s=101
15
0 4747 5050 5252 5050 5353 5757 3636 5151 4242 4545 6969 6060 5959 6060 
4747 0 4343 4444 5959 5555 2828 4242 4444 5959 4040 5555 3737 5151 5252 
5050 4343 0 6060 2727 6161 3434 3333 5757 2727 4040 7070 4242 6767 6868 
5252 4444 6060 0 5858 6363 6565 2828 5555 5050 6262 5353 3535 3838 3333 
5050 5959 2727 5858 0 5858 5050 3333 7373 2727 5757 6262 5858 6464 5656 
5353 5555 6161 6363 5858 0 5454 4747 6969 5858 2121 4343 7171 6060 5757 
5757 2828 3434 6565 5050 5454 0 4040 2929 4141 4343 4646 5656 4242 6161 
3636 4242 3333 2828 3333 4747 4040 0 5656 2525 4646 6060 4141 4747 4040 
5151 4444 5757 5555 7373 6969 2929 5656 0 5050 5454 7474 6363 4848 6464 
4242 5959 2727 5050 2727 5858 4141 2525 5050 0 5757 6161 3434 4747 5656 
4545 4040 4040 6262 5757 2121 4343 4646 5454 5757 0 4949 7070 4747 5656 
6969 5555 7070 5353 6262 4343 4646 6060 7474 6161 4949 0 6666 6060 3535 
6060 3737 4242 3535 5858 7171 5656 4141 6363 3434 7070 6666 0 4242 4949 
5959 5151 6767 3838 6464 6060 4242 4747 4848 4747 4747 6060 4242 0 5555 
6060 5252 6868 3333 5656 5757 6161 4040 6464 5656 5656 3535 4949 5555 0 
