# rmTSP_19_6_40_manhattan_1_100.mat
# n=19
# k=6
# a=40
# d="manhattan"
# s=1
19
0 80 42 92 77 80 76 53 86 97 41 48 118 81 80 70 51 81 129 
80 0 92 52 65 66 108 69 90 93 83 58 54 71 76 68 87 37 105 
42 92 0 118 119 86 80 41 110 77 47 68 130 85 84 62 45 87 109 
92 52 118 0 61 60 96 91 40 83 91 52 48 45 64 58 99 77 73 
77 65 119 61 0 113 59 98 91 112 102 95 69 100 71 97 102 98 120 
80 66 86 60 113 0 150 81 54 85 83 50 84 37 80 70 103 73 85 
76 108 80 96 59 150 0 85 108 83 67 100 108 115 84 84 59 121 99 
53 69 41 91 98 81 85 0 83 44 52 59 89 58 63 35 68 68 78 
86 90 110 40 91 54 108 83 0 71 79 48 68 25 50 50 101 111 55 
97 93 77 83 112 85 83 44 71 0 64 67 69 56 91 31 94 94 38 
41 83 47 91 102 83 67 52 79 64 0 47 117 72 99 49 36 94 96 
48 58 68 52 95 50 100 59 48 67 47 0 82 45 78 42 55 63 85 
118 54 130 48 69 84 108 89 68 69 117 82 0 59 72 68 125 79 63 
81 71 85 45 100 37 115 58 25 56 72 45 59 0 49 33 98 92 48 
80 76 84 64 71 80 84 63 50 91 99 78 72 49 0 62 93 93 81 
70 68 62 58 97 70 84 35 50 31 49 42 68 33 62 0 73 79 59 
51 87 45 99 102 103 59 68 101 94 36 55 125 98 93 73 0 84 114 
81 37 87 77 98 73 121 68 111 94 94 63 79 92 93 79 84 0 112 
129 105 109 73 120 85 99 78 55 38 96 85 63 48 81 59 114 112 0 
