# rmTSP_20_8_20_manhattan_1_100.mat
# n=20
# k=8
# a=20
# d="manhattan"
# s=1
20
0 45 41 51 46 64 35 71 60 94 61 71 76 26 84 86 90 72 56 54 
45 0 46 40 31 47 28 48 27 91 46 44 69 43 43 61 53 53 55 49 
41 46 0 32 41 55 38 46 41 57 44 42 59 33 63 55 53 61 31 35 
51 40 32 0 41 43 36 48 43 63 32 50 51 43 57 45 41 49 43 53 
46 31 41 41 0 50 29 43 52 68 71 63 70 42 44 54 60 62 48 66 
64 47 55 43 50 0 55 49 54 72 55 39 84 58 42 56 48 58 60 48 
35 28 38 36 29 55 0 42 37 77 54 60 51 35 55 51 63 39 45 59 
71 48 46 48 43 49 42 0 41 65 60 40 53 67 39 25 35 33 47 55 
60 27 41 43 52 54 37 41 0 72 31 37 56 50 42 50 40 42 50 38 
94 91 57 63 68 72 77 65 72 0 73 73 62 74 70 48 56 56 64 64 
61 46 44 32 71 55 54 60 31 73 0 44 51 49 65 59 43 51 51 47 
71 44 42 50 63 39 60 40 37 73 44 0 77 65 33 57 41 49 47 25 
76 69 59 51 70 84 51 53 56 62 51 77 0 84 74 50 44 40 58 92 
26 43 33 43 42 58 35 67 50 74 49 65 84 0 78 76 78 74 52 46 
84 43 63 57 44 42 55 39 42 70 65 33 74 78 0 50 44 48 48 56 
86 61 55 45 54 56 51 25 50 48 59 57 50 76 50 0 32 30 60 64 
90 53 53 41 60 48 63 35 40 56 43 41 44 78 44 32 0 32 60 60 
72 53 61 49 62 58 39 33 42 56 51 49 40 74 48 30 32 0 54 66 
56 55 31 43 48 60 45 47 50 64 51 47 58 52 48 60 60 54 0 64 
54 49 35 53 66 48 59 55 38 64 47 25 92 46 56 64 60 66 64 0 
