# rmTSP_18_4_80_maximum_101_100.mat
# n=18
# k=4
# a=80
# d="maximum"
# s=101
18
0 5151 6767 6464 7070 4646 5555 4343 6666 5353 5454 4141 5656 6565 2121 6262 6262 7070 
5151 0 4949 4747 4141 6868 6464 6868 5555 3737 6666 2929 5454 5959 5252 4545 5757 4040 
6767 4949 0 6363 3333 4040 3737 4141 3636 5353 4040 2626 5454 6363 5454 3939 4848 6868 
6464 4747 6363 0 6666 7979 7575 7979 6666 5252 7777 4545 6565 7070 6363 6161 6868 6161 
7070 4141 3333 6666 0 7373 6969 7373 6060 5656 7171 2929 5959 6464 5757 2929 6262 6060 
4646 6868 4040 7979 7373 0 909 1717 3333 4242 808 5959 4242 3939 3333 4444 3737 4444 
5555 6464 3737 7575 6969 909 0 1717 3030 4141 707 5555 3939 3232 4242 4040 3434 3737 
4343 6868 4141 7979 7373 1717 1717 0 3030 4242 1717 5959 3939 2626 4141 4444 3434 3838 
6666 5555 3636 6666 6060 3333 3030 3030 0 5252 3333 4646 3131 3434 5353 3232 1212 3232 
5353 3737 5353 5252 5656 4242 4141 4242 5252 0 4040 2828 3232 5050 5151 4848 4848 5151 
5454 6666 4040 7777 7171 808 707 1717 3333 4040 0 5757 4242 3939 4141 4242 3737 4444 
4141 2929 2626 4545 2929 5959 5555 5959 4646 2828 5757 0 4545 5050 4343 2121 4848 4545 
5656 5454 5454 6565 5959 4242 3939 3939 3131 3232 4242 4545 0 4343 5454 4141 2727 3636 
6565 5959 6363 7070 6464 3939 3232 2626 3434 5050 3939 5050 4343 0 6363 4444 3838 2929 
2121 5252 5454 6363 5757 3333 4242 4141 5353 5151 4141 4343 5454 6363 0 4949 4949 6868 
6262 4545 3939 6161 2929 4444 4040 4444 3232 4848 4242 2121 4141 4444 4949 0 3636 4949 
6262 5757 4848 6868 6262 3737 3434 3434 1212 4848 3737 4848 2727 3838 4949 3636 0 3131 
7070 4040 6868 6161 6060 4444 3737 3838 3232 5151 4444 4545 3636 2929 6868 4949 3131 0 
