# rmTSP_16_8_40_manhattan_1_100.mat
# n=16
# k=8
# a=40
# d="manhattan"
# s=1
16
0 79 108 143 117 111 118 74 136 107 97 104 99 111 91 112 
79 0 103 98 108 102 83 101 103 62 80 73 76 120 86 121 
108 103 0 69 65 105 78 84 84 117 95 104 79 125 109 134 
143 98 69 0 78 108 111 151 111 138 130 151 98 106 126 193 
117 108 65 78 0 146 123 107 71 94 98 139 118 88 136 147 
111 102 105 108 146 0 155 131 163 160 126 115 54 114 80 129 
118 83 78 111 123 155 0 102 84 97 85 80 117 177 119 146 
74 101 84 151 107 131 102 0 98 111 113 74 117 137 109 80 
136 103 84 111 71 163 84 98 0 89 129 80 113 119 99 124 
107 62 117 138 94 160 97 111 89 0 70 81 110 104 96 91 
97 80 95 130 98 126 85 113 129 70 0 109 80 142 128 113 
104 73 104 151 139 115 80 74 80 81 109 0 87 143 63 66 
99 76 79 98 118 54 117 117 113 110 80 87 0 106 66 111 
111 120 125 106 88 114 177 137 119 104 142 143 106 0 94 135 
91 86 109 126 136 80 119 109 99 96 128 63 66 94 0 91 
112 121 134 193 147 129 146 80 124 91 113 66 111 135 91 0 
