# rmTSP_13_4_80_manhattan_1_100.mat
# n=13
# k=4
# a=80
# d="manhattan"
# s=1
13
0 123 110 108 145 83 114 98 144 56 88 121 90 
123 0 131 183 148 68 153 119 23 107 133 92 55 
110 131 0 92 115 117 136 178 122 66 126 39 156 
108 183 92 0 67 179 108 86 174 96 104 93 138 
145 148 115 67 0 152 79 141 141 107 87 92 117 
83 68 117 179 152 0 133 169 85 91 117 98 115 
114 153 136 108 79 133 0 156 146 80 26 133 122 
98 119 178 86 141 169 156 0 140 134 136 169 66 
144 23 122 174 141 85 146 140 0 98 124 83 74 
56 107 66 96 107 91 80 134 98 0 60 65 100 
88 133 126 104 87 117 26 136 124 60 0 123 96 
121 92 39 93 92 98 133 169 83 65 123 0 133 
90 55 156 138 117 115 122 66 74 100 96 133 0 
