# rmTSP_11_4_10_manhattan_1_100.mat
# n=11
# k=4
# a=10
# d="manhattan"
# s=1
11
0 6 9 16 17 20 15 5 6 5 9 
6 0 15 22 19 26 17 11 8 7 9 
9 15 0 11 16 11 10 4 11 12 12 
16 22 11 0 7 12 11 13 18 19 23 
17 19 16 7 0 19 8 16 23 14 18 
20 26 11 12 19 0 11 15 18 23 23 
15 17 10 11 8 11 0 12 21 12 12 
5 11 4 13 16 15 12 0 9 8 10 
6 8 11 18 23 18 21 9 0 11 13 
5 7 12 19 14 23 12 8 11 0 4 
9 9 12 23 18 23 12 10 13 4 0 
