# rmTSP_11_6_40_maximum_101_100.mat
# n=11
# k=6
# a=40
# d="maximum"
# s=101
11
0 1919 3636 3333 3333 2121 3030 2020 2929 3535 3636 
1919 0 1717 2222 3434 2727 2121 1717 3131 3737 3535 
3636 1717 0 2727 3030 2525 2020 2020 3030 3535 3333 
3333 2222 2727 0 1717 2929 1212 1616 1717 2323 2121 
3333 3434 3030 1717 0 2323 1818 1717 2323 2929 3131 
2121 2727 2525 2929 2323 0 2626 1313 1717 2525 3232 
3030 2121 2020 1212 1818 2626 0 1616 2525 3131 2929 
2020 1717 2020 1616 1717 1313 1616 0 1515 2121 1919 
2929 3131 3030 1717 2323 1717 2525 1515 0 1616 2424 
3535 3737 3535 2323 2929 2525 3131 2121 1616 0 2727 
3636 3535 3333 2121 3131 3232 2929 1919 2424 2727 0 
