# rmTSP_11_4_80_euklid_101_100.mat
# n=11
# k=4
# a=80
# d="euklid"
# s=101
11
0 6581 4140 4625 7900 4394 8407 6784 2672 3732 3455 
6581 0 9448 5187 4471 8097 7155 827 4731 4758 5861 
4140 9448 0 7948 9762 5789 9604 9457 5209 6943 6744 
4625 5187 7948 0 5901 4162 7254 5140 3783 1974 6078 
7900 4471 9762 5901 0 7124 8883 4173 5262 6425 8421 
4394 8097 5789 4162 7124 0 9249 8015 4094 4752 7271 
8407 7155 9604 7254 8883 9249 0 6569 7747 5861 9811 
6784 827 9457 5140 4173 8015 6569 0 4820 4679 6432 
2672 4731 5209 3783 5262 4094 7747 4820 0 3281 4264 
3732 4758 6943 1974 6425 4752 5861 4679 3281 0 5309 
3455 5861 6744 6078 8421 7271 9811 6432 4264 5309 0 
