# rmTSP_15_2_40_euklid_101_100.mat
# n=15
# k=2
# a=40
# d="euklid"
# s=101
15
0 1829 1359 2555 3738 2533 1726 2428 2634 2808 1374 2080 3605 2830 3871 
1829 0 1374 857 1922 2830 833 714 2060 1568 1233 1212 1943 1054 2043 
1359 1374 0 2224 2908 3528 678 2082 3157 2892 143 814 2533 1989 3162 
2555 857 2224 0 1491 2808 1629 143 1738 931 2082 1916 1879 995 1446 
3738 1922 2908 1491 0 4286 2236 1538 3146 2215 2779 2217 833 931 416 
2533 2830 3528 2808 4286 0 3435 2794 1249 2176 3455 3887 4643 3714 4159 
1726 833 678 1629 2236 3435 0 1491 2835 2401 544 452 1922 1313 2484 
2428 714 2082 143 1538 2794 1491 0 1767 1015 1940 1790 1862 953 1528 
2634 2060 3157 1738 3146 1249 2835 1767 0 953 3045 3257 3616 2720 2970 
2808 1568 2892 931 2215 2176 2401 1015 953 0 2759 2757 2757 1916 2020 
1374 1233 143 2082 2779 3455 544 1940 3045 2759 0 735 2426 1857 3027 
2080 1212 814 1916 2217 3887 452 1790 3257 2757 735 0 1744 1359 2525 
3605 1943 2533 1879 833 4643 1922 1862 3616 2757 2426 1744 0 931 1249 
2830 1054 1989 995 931 3714 1313 953 2720 1916 1857 1359 931 0 1178 
3871 2043 3162 1446 416 4159 2484 1528 2970 2020 3027 2525 1249 1178 0 
