# rmTSP_19_8_80_maximum_1_100.mat
# n=19
# k=8
# a=80
# d="maximum"
# s=1
19
0 53 71 57 64 65 59 64 50 59 50 73 50 65 37 70 73 60 62 
53 0 39 38 40 67 49 62 27 48 50 48 50 58 60 50 48 35 31 
71 39 0 72 42 64 36 37 35 47 71 51 48 69 61 45 62 47 33 
57 38 72 0 40 60 60 66 37 60 54 50 54 42 49 71 29 61 63 
64 40 42 40 0 62 61 74 39 62 46 42 66 53 59 55 40 69 43 
65 67 64 60 62 0 67 78 55 61 74 53 72 58 56 58 70 49 65 
59 49 36 60 61 67 0 63 62 76 76 71 67 57 51 68 50 53 21 
64 62 37 66 74 78 63 0 61 59 64 75 42 74 71 68 65 61 65 
50 27 35 37 39 55 62 61 0 32 36 48 36 42 46 42 48 56 44 
59 48 47 60 62 61 76 59 32 0 59 71 53 63 53 61 71 53 58 
50 50 71 54 46 74 76 64 36 59 0 47 40 53 53 70 55 60 62 
73 48 51 50 42 53 71 75 48 71 47 0 75 48 66 56 50 70 53 
50 50 48 54 66 72 67 42 36 53 40 75 0 67 65 65 75 44 56 
65 58 69 42 53 58 57 74 42 63 53 48 67 0 59 68 28 69 60 
37 60 61 49 59 56 51 71 46 53 53 66 65 59 0 60 66 50 58 
70 50 45 71 55 58 68 68 42 61 70 56 65 68 60 0 61 45 50 
73 48 62 29 40 70 50 65 48 71 55 50 75 28 66 61 0 58 53 
60 35 47 61 69 49 53 61 56 53 60 70 44 69 50 45 58 0 60 
62 31 33 63 43 65 21 65 44 58 62 53 56 60 58 50 53 60 0 
