# rmTSP_13_4_80_maximum_101_100.mat
# n=13
# k=4
# a=80
# d="maximum"
# s=101
13
0 3636 6969 6767 6262 6060 6464 6666 3838 4040 5353 3737 5656 
3636 0 4747 6161 6565 6363 4242 7373 7373 5858 5858 3434 5050 
6969 4747 0 4343 5757 7373 505 6565 6565 7777 7171 6161 5656 
6767 6161 4343 0 7777 4242 4444 2929 4343 4646 5555 3030 2525 
6262 6565 5757 7777 0 7070 5656 7676 3636 7070 4545 5454 6666 
6060 6363 7373 4242 7070 0 6868 3030 3636 2323 5757 2929 3838 
6464 4242 505 4444 5656 6868 0 6464 6464 7272 7272 5656 5151 
6666 7373 6565 2929 7676 3030 6464 0 4242 3434 5454 3939 4848 
3838 7373 6565 4343 3636 3636 6464 4242 0 3434 2727 3939 4848 
4040 5858 7777 4646 7070 2323 7272 3434 3434 0 6161 3030 3333 
5353 5858 7171 5555 4545 5757 7272 5454 2727 6161 0 4545 4444 
3737 3434 6161 3030 5454 2929 5656 3939 3939 3030 4545 0 1919 
5656 5050 5656 2525 6666 3838 5151 4848 4848 3333 4444 1919 0 
