# rmTSP_13_6_10_euklid_101_100.mat
# n=13
# k=6
# a=10
# d="euklid"
# s=101
13
0 1125 1015 1257 1305 903 714 1289 1050 1443 1025 1152 1622 
1125 0 886 1102 1359 990 1340 1515 979 1518 1336 1204 1229 
1015 886 0 1286 1363 1083 1282 1195 963 1282 1078 1366 1165 
1257 1102 1286 0 714 463 942 880 909 707 845 763 839 
1305 1359 1363 714 0 920 984 571 662 631 1030 1249 1289 
903 990 1083 463 920 0 623 984 880 892 749 623 990 
714 1340 1282 942 984 623 0 1064 926 1106 963 979 1545 
1289 1515 1195 880 571 984 1064 0 875 364 782 1297 1129 
1050 979 963 909 662 880 926 875 0 947 1199 1370 1317 
1443 1518 1282 707 631 892 1106 364 947 0 839 1220 937 
1025 1336 1078 845 1030 749 963 782 1199 839 0 721 1015 
1152 1204 1366 763 1249 623 979 1297 1370 1220 721 0 1160 
1622 1229 1165 839 1289 990 1545 1129 1317 937 1015 1160 0 
