# rmTSP_17_6_80_manhattan_101_100.mat
# n=17
# k=6
# a=80
# d="manhattan"
# s=101
17
0 9494 22725 17069 14847 12019 19493 16766 8383 13231 12524 18281 13433 23533 14342 17473 15655 
9494 0 19089 13433 14039 17271 16867 15150 6969 9595 13736 16665 19291 19089 14948 11413 15453 
22725 19089 0 15958 17978 20806 19190 9393 16766 14948 21715 11312 16968 8686 14443 13332 18382 
17069 13433 15958 0 11716 14746 8080 17877 12120 15756 9797 13130 22220 16968 15655 15554 12928 
14847 14039 17978 11716 0 8282 16362 12221 8282 13534 9393 9292 14544 18584 16867 18180 11110 
12019 17271 20806 14746 8282 0 21412 15049 13332 13130 9595 12928 11110 21412 15655 17170 16160 
19493 16867 19190 8080 16362 21412 0 23533 13938 23836 15251 18786 27876 18180 21311 21210 10302 
16766 15150 9393 17877 12221 15049 23533 0 10807 9595 17170 8989 7575 8181 12120 13635 14039 
8383 6969 16766 12120 8282 13332 13938 10807 0 11514 9393 9898 14342 15150 14241 16160 8686 
13231 9595 14948 15756 13534 13130 23836 9595 11514 0 16665 10706 14140 17170 6969 5454 19998 
12524 13736 21715 9797 9393 9595 15251 17170 9393 16665 0 11615 18079 17877 18988 20099 9191 
18281 16665 11312 13130 9292 12928 18786 8989 9898 10706 11615 0 14544 11918 12625 16160 11918 
13433 19291 16968 22220 14544 11110 27876 7575 14342 14140 18079 14544 0 15756 14241 17574 17776 
23533 19089 8686 16968 18584 21412 18180 8181 15150 17170 17877 11918 15756 0 19695 17372 12928 
14342 14948 14443 15655 16867 15655 21311 12120 14241 6969 18988 12625 14241 19695 0 9595 22523 
17473 11413 13332 15554 18180 17170 21210 13635 16160 5454 20099 16160 17574 17372 9595 0 24644 
15655 15453 18382 12928 11110 16160 10302 14039 8686 19998 9191 11918 17776 12928 22523 24644 0 
