# rmTSP_17_3_20_manhattan_101_100.mat
# n=17
# k=3
# a=20
# d="manhattan"
# s=101
17
0 2222 2727 3131 1111 2727 1111 1010 1515 3030 3131 707 404 1717 1111 808 1919 
2222 0 2323 1919 1111 505 2323 1212 1313 1212 2727 1717 1818 3131 1111 2424 1717 
2727 2323 0 1414 3030 2222 1616 2121 2020 1919 1212 2828 2525 2424 2424 2525 3232 
3131 1919 1414 0 2626 1616 2626 2121 1818 707 1414 2626 2727 2424 2020 3333 2020 
1111 1111 3030 2626 0 1616 2020 909 1212 1919 3434 606 707 2828 808 1313 1616 
2727 505 2222 1616 1616 0 2222 1717 1818 909 2424 2222 2323 2828 1616 2929 1414 
1111 2323 1616 2626 2020 2222 0 1717 2424 2525 2020 1616 1313 808 1212 1313 1616 
1010 1212 2121 2121 909 1717 1717 0 707 2020 2525 707 606 2525 909 1212 2323 
1515 1313 2020 1818 1212 1818 2424 707 0 1717 2424 808 1111 3232 1414 1515 2828 
3030 1212 1919 707 1919 909 2525 2020 1717 0 1515 2525 2626 2525 1919 3232 1313 
3131 2727 1212 1414 3434 2424 2020 2525 2424 1515 0 3232 2929 1818 2828 2929 2828 
707 1717 2828 2626 606 2222 1616 707 808 2525 3232 0 303 2424 606 707 2020 
404 1818 2525 2727 707 2323 1313 606 1111 2626 2929 303 0 2121 707 606 2121 
1717 3131 2424 2424 2828 2828 808 2525 3232 2525 1818 2424 2121 0 2020 2121 1414 
1111 1111 2424 2020 808 1616 1212 909 1414 1919 2828 606 707 2020 0 1313 1414 
808 2424 2525 3333 1313 2929 1313 1212 1515 3232 2929 707 606 2121 1313 0 2727 
1919 1717 3232 2020 1616 1414 1616 2323 2828 1313 2828 2020 2121 1414 1414 2727 0 
