# rmTSP_13_8_40_maximum_101_100.mat
# n=13
# k=8
# a=40
# d="maximum"
# s=101
13
0 3535 2929 2929 2626 2121 3434 2828 3535 1919 3333 2727 2828 
3535 0 2424 3030 2828 3030 2828 2626 3737 2525 2424 1818 2525 
2929 2424 0 2525 2727 3434 2929 1919 2121 1919 1919 2525 2525 
2929 3030 2525 0 3737 3131 3030 3636 1212 2323 3434 2929 2020 
2626 2828 2727 3737 0 3232 2828 2727 2626 2929 3434 3030 2424 
2121 3030 3434 3131 3232 0 3838 3434 3232 3636 2525 2828 3434 
3434 2828 2929 3030 2828 3838 0 2828 3535 3030 3030 3636 3232 
2828 2626 1919 3636 2727 3434 2828 0 2525 2424 2020 2222 2525 
3535 3737 2121 1212 2626 3232 3535 2525 0 2525 3232 2929 3131 
1919 2525 1919 2323 2929 3636 3030 2424 2525 0 2222 1717 2626 
3333 2424 1919 3434 3434 2525 3030 2020 3232 2222 0 3030 3737 
2727 1818 2525 2929 3030 2828 3636 2222 2929 1717 3030 0 3232 
2828 2525 2525 2020 2424 3434 3232 2525 3131 2626 3737 3232 0 
