# rmTSP_16_2_20_manhattan_101_100.mat
# n=16
# k=2
# a=20
# d="manhattan"
# s=101
16
0 1111 1212 1717 1111 1919 505 1111 1212 808 1010 1010 1010 1515 1414 1212 
1111 0 909 1010 1818 808 1414 1818 707 1111 1919 303 2121 2626 707 2323 
1212 909 0 707 2323 1717 1717 2323 202 404 1010 606 1212 1717 1010 1414 
1717 1010 707 0 2828 1212 2222 2828 505 909 1717 707 1919 2424 303 2121 
1111 1818 2323 2828 0 1818 606 202 2323 1919 2121 2121 1717 1818 2525 1515 
1919 808 1717 1212 1818 0 2222 2020 1515 1919 2727 1111 2929 3434 909 3131 
505 1414 1717 2222 606 2222 0 606 1717 1313 1515 1515 1111 1212 1919 909 
1111 1818 2323 2828 202 2020 606 0 2323 1919 2121 2121 1717 1818 2525 1515 
1212 707 202 505 2323 1515 1717 2323 0 404 1212 404 1414 1919 808 1616 
808 1111 404 909 1919 1919 1313 1919 404 0 808 808 1010 1515 1212 1212 
1010 1919 1010 1717 2121 2727 1515 2121 1212 808 0 1616 404 707 2020 606 
1010 303 606 707 2121 1111 1515 2121 404 808 1616 0 1818 2323 404 2020 
1010 2121 1212 1919 1717 2929 1111 1717 1414 1010 404 1818 0 505 2222 202 
1515 2626 1717 2424 1818 3434 1212 1818 1919 1515 707 2323 505 0 2727 303 
1414 707 1010 303 2525 909 1919 2525 808 1212 2020 404 2222 2727 0 2424 
1212 2323 1414 2121 1515 3131 909 1515 1616 1212 606 2020 202 303 2424 0 
