# rmTSP_16_2_20_euklid_101_100.mat
# n=16
# k=2
# a=20
# d="euklid"
# s=101
16
0 202 1581 1720 2082 2285 606 2224 452 1518 814 1010 2072 1744 2290 286 
202 0 1403 1518 1930 2147 404 2102 404 1317 814 808 1930 1545 2143 202 
1581 1403 0 863 639 931 1074 1010 1249 614 1317 814 714 505 863 1515 
1720 1518 863 0 1418 1720 1116 1843 1597 286 1854 714 1528 404 1616 1518 
2082 1930 639 1418 0 303 1657 452 1681 1216 1597 1446 143 1015 226 2072 
2285 2147 931 1720 303 0 1906 226 1862 1518 1717 1726 226 1317 143 2303 
606 404 1074 1116 1657 1906 0 1898 571 915 953 404 1681 1152 1879 452 
2224 2102 1010 1843 452 226 1898 0 1787 1619 1597 1764 319 1446 364 2270 
452 404 1249 1597 1681 1862 571 1787 0 1348 416 903 1657 1518 1879 606 
1518 1317 614 286 1216 1518 915 1619 1348 0 1581 515 1313 286 1428 1348 
814 814 1317 1854 1597 1717 953 1597 416 1581 0 1216 1538 1693 1764 1015 
1010 808 814 714 1446 1726 404 1764 903 515 1216 0 1501 769 1672 833 
2072 1930 714 1528 143 226 1681 319 1657 1313 1538 1501 0 1129 226 2082 
1744 1545 505 404 1015 1317 1152 1446 1518 286 1693 769 1129 0 1212 1597 
2290 2143 863 1616 226 143 1879 364 1879 1428 1764 1672 226 1212 0 2290 
286 202 1515 1518 2072 2303 452 2270 606 1348 1015 833 2082 1597 2290 0 
