# rmTSP_12_6_80_maximum_101_100.mat
# n=12
# k=6
# a=80
# d="maximum"
# s=101
12
0 6060 7575 6060 6868 6868 5656 7575 6363 6464 4646 6565 
6060 0 5050 3939 5050 4646 5252 1616 5050 5454 4242 4747 
7575 5050 0 5252 6363 5757 6363 5050 7575 2929 6464 6161 
6060 3939 5252 0 5656 6161 5656 5454 6363 4444 1717 5454 
6868 5050 6363 5656 0 4747 5050 5050 7575 5454 6464 4343 
6868 4646 5757 6161 4747 0 6060 4646 7171 6262 6060 5454 
5656 5252 6363 5656 5050 6060 0 6767 5858 5454 6262 3232 
7575 1616 5050 5454 5050 4646 6767 0 6565 6969 5454 4747 
6363 5050 7575 6363 7575 7171 5858 6565 0 7171 6969 7272 
6464 5454 2929 4444 5454 6262 5454 6969 7171 0 6060 5252 
4646 4242 6464 1717 6464 6060 6262 5454 6969 6060 0 6161 
6565 4747 6161 5454 4343 5454 3232 4747 7272 5252 6161 0 
