# rmTSP_17_8_10_euklid_101_100.mat
# n=17
# k=8
# a=10
# d="euklid"
# s=101
17
0 1040 808 990 1325 953 1414 1050 1366 958 1120 1083 1111 1328 1111 1074 1425 
1040 0 1355 1293 869 707 1116 990 1225 1245 942 931 1102 1111 1233 1289 827 
808 1355 0 534 1597 1241 1738 1317 1403 756 1092 1025 1396 1351 984 1191 1446 
990 1293 534 0 1464 1025 1653 1450 1102 892 1074 1025 1381 1233 1083 1225 1249 
1325 869 1597 1464 0 1015 892 1059 1102 1348 1249 1045 598 920 1305 1092 984 
953 707 1241 1025 1015 0 1208 1165 1178 1216 926 1088 1220 1152 1355 1245 892 
1414 1116 1738 1653 892 1208 0 1160 1344 1512 1266 1120 953 1199 1359 1225 1481 
1050 990 1317 1450 1059 1165 1160 0 1675 1160 721 898 1083 1403 1446 875 1083 
1366 1225 1403 1102 1102 1178 1344 1675 0 1165 1545 1370 1020 782 1040 1229 1399 
958 1245 756 892 1348 1216 1512 1160 1165 0 1120 1208 1083 851 735 707 1389 
1120 942 1092 1074 1249 926 1266 721 1545 1120 0 714 1385 1407 1421 1088 833 
1083 931 1025 1025 1045 1088 1120 898 1370 1208 714 0 1116 1317 1178 1212 990 
1111 1102 1396 1381 598 1220 953 1083 1020 1083 1385 1116 0 795 990 833 1370 
1328 1111 1351 1233 920 1152 1199 1403 782 851 1407 1317 795 0 728 990 1340 
1111 1233 984 1083 1305 1355 1359 1446 1040 735 1421 1178 990 728 0 1152 1616 
1074 1289 1191 1225 1092 1245 1225 875 1229 707 1088 1212 833 990 1152 0 1340 
1425 827 1446 1249 984 892 1481 1083 1399 1389 833 990 1370 1340 1616 1340 0 
