# rmTSP_15_4_40_euklid_101_100.mat
# n=15
# k=4
# a=40
# d="euklid"
# s=101
15
0 3851 3302 2557 782 2451 2830 2549 2314 2591 2953 2432 3057 1995 2926 
3851 0 3615 2362 4032 2659 3623 3124 2509 3987 2772 5076 4230 3787 3118 
3302 3615 0 2860 3640 3319 5020 2474 3940 2553 4220 3679 2573 4089 2896 
2557 2362 2860 0 2624 685 3630 1332 2343 2742 2867 4064 3208 3632 2258 
782 4032 3640 2624 0 2327 3256 2905 2731 3235 3471 3162 3730 2025 2620 
2451 2659 3319 685 2327 0 3650 1851 2470 3192 3120 4293 3704 3474 2085 
2830 3623 5020 3630 3256 3650 0 3694 1348 3609 1392 3391 3929 2970 4784 
2549 3124 2474 1332 2905 1851 3694 0 2519 1561 2773 3218 2023 4049 3159 
2314 2509 3940 2343 2731 2470 1348 2519 0 2815 845 3274 3195 2823 3722 
2591 3987 2553 2742 3235 3192 3609 1561 2815 0 2815 1943 589 4105 4129 
2953 2772 4220 2867 3471 3120 1392 2773 845 2815 0 3308 3088 3477 4433 
2432 5076 3679 4064 3162 4293 3391 3218 3274 1943 3308 0 2010 3650 4920 
3057 4230 2573 3208 3730 3704 3929 2023 3195 589 3088 2010 0 4433 4511 
1995 3787 4089 3632 2025 3474 2970 4049 2823 4105 3477 3650 4433 0 3141 
2926 3118 2896 2258 2620 2085 4784 3159 3722 4129 4433 4920 4511 3141 0 
