# rmTSP_17_2_80_euklid_101_100.mat
# n=17
# k=2
# a=80
# d="euklid"
# s=101
17
0 3452 6280 6194 3388 2343 2710 5729 3430 869 7142 2844 5889 2830 1619 3157 4152 
3452 0 7538 7273 6593 5758 4606 5015 6577 4297 8363 6247 5337 1182 4974 6414 3335 
6280 7538 0 416 4965 5889 3571 3839 4764 6455 869 5859 3548 7930 5610 5155 4539 
6194 7273 416 0 5114 5962 3489 3434 4915 6424 1092 5967 3138 7714 5629 5287 4205 
3388 6593 4965 5114 0 1359 2794 6595 202 2851 5657 1040 6565 6182 1790 286 5718 
2343 5758 5889 5962 1359 0 2945 6779 1501 1629 6658 505 6822 5167 814 1074 5587 
2710 4606 3571 3489 2794 2945 0 3866 2666 2972 4435 3170 3886 4660 2358 2786 2945 
5729 5015 3839 3434 6595 6779 3866 0 6442 6369 4385 7034 364 5877 6102 6626 1764 
3430 6577 4764 4915 202 1501 2666 6442 0 2936 5455 1220 6405 6201 1857 452 5603 
869 4297 6455 6424 2851 1629 2972 6369 2936 0 7296 2131 6497 3587 1092 2589 4882 
7142 8363 869 1092 5657 6658 4435 4385 5455 7296 0 6593 4060 8785 6424 5866 5285 
2844 6247 5859 5967 1040 505 3170 7034 1220 2131 6593 0 7053 5670 1278 769 5928 
5889 5337 3548 3138 6565 6822 3886 364 6405 6497 4060 7053 0 6171 6171 6611 2045 
2830 1182 7930 7714 6182 5167 4660 5877 6201 3587 8785 5670 6171 0 4444 5967 4126 
1619 4974 5610 5629 1790 814 2358 6102 1857 1092 6424 1278 6171 4444 0 1545 4828 
3157 6414 5155 5287 286 1074 2786 6626 452 2589 5866 769 6611 5967 1545 0 5678 
4152 3335 4539 4205 5718 5587 2945 1764 5603 4882 5285 5928 2045 4126 4828 5678 0 
