# rmTSP_20_8_40_euklid_1_100.mat
# n=20
# k=8
# a=40
# d="euklid"
# s=1
20
0 43 36 46 55 48 62 49 45 49 51 57 67 57 49 65 49 48 42 45 
43 0 41 54 52 58 49 37 47 62 48 39 66 30 44 56 43 35 20 35 
36 41 0 48 47 39 49 54 32 44 44 47 50 49 59 57 46 52 33 25 
46 54 48 0 54 45 44 43 52 39 30 46 56 70 50 45 31 41 43 44 
55 52 47 54 0 39 51 37 39 41 54 31 36 47 41 49 47 56 45 42 
48 58 39 45 39 0 62 56 31 42 60 45 43 56 55 67 43 63 49 39 
62 49 49 44 51 62 0 43 51 46 24 42 43 60 59 36 43 46 40 35 
49 37 54 43 37 56 43 0 55 44 41 30 55 49 21 38 34 35 34 46 
45 47 32 52 39 31 51 55 0 51 53 45 41 43 60 63 51 58 44 25 
49 62 44 39 41 42 46 44 51 0 43 47 39 68 50 50 37 56 48 44 
51 48 44 30 54 60 24 41 53 43 0 47 54 66 56 33 42 35 38 39 
57 39 47 46 31 45 42 30 45 47 47 0 40 44 33 38 29 50 33 38 
67 66 50 56 36 43 43 55 41 39 54 40 0 63 60 51 48 72 56 42 
57 30 49 70 47 56 60 49 43 68 66 44 63 0 55 72 57 53 35 38 
49 44 59 50 41 55 59 21 60 50 56 33 60 55 0 47 36 50 45 56 
65 56 57 45 49 67 36 38 63 50 33 38 51 72 47 0 45 53 50 55 
49 43 46 31 47 43 43 34 51 37 42 29 48 57 36 45 0 46 33 38 
48 35 52 41 56 63 46 35 58 56 35 50 72 53 50 53 46 0 29 44 
42 20 33 43 45 49 40 34 44 48 38 33 56 35 45 50 33 29 0 24 
45 35 25 44 42 39 35 46 25 44 39 38 42 38 56 55 38 44 24 0 
