# rmTSP_11_6_10_euklid_101_100.mat
# n=11
# k=6
# a=10
# d="euklid"
# s=101
11
0 869 685 808 857 851 1035 707 1064 589 969 
869 0 795 979 1204 909 863 1005 974 1030 915 
685 795 0 1125 880 1064 931 484 1045 1097 553 
808 979 1125 0 969 598 1305 1174 839 979 1245 
857 1204 880 969 0 1035 1389 1083 1233 1186 670 
851 909 1064 598 1035 0 1078 1293 1195 1138 1156 
1035 863 931 1305 1389 1078 0 1059 1178 1045 1092 
707 1005 484 1174 1083 1293 1059 0 892 963 931 
1064 974 1045 839 1233 1195 1178 892 0 1054 1225 
589 1030 1097 979 1186 1138 1045 963 1054 0 1301 
969 915 553 1245 670 1156 1092 931 1225 1301 0 
