# rmTSP_12_4_20_maximum_101_100.mat
# n=12
# k=4
# a=20
# d="maximum"
# s=101
12
0 1010 606 707 1515 808 1010 1111 1313 1515 1111 1111 
1010 0 707 909 1717 909 1515 606 1313 1717 1313 1313 
606 707 0 1010 1717 505 1111 505 1313 1717 1313 1313 
707 909 1010 0 1212 1212 1414 909 1616 1010 606 707 
1515 1717 1717 1212 0 1313 1818 1212 1717 1919 808 1515 
808 909 505 1212 1313 0 707 1010 1212 1313 909 909 
1010 1515 1111 1414 1818 707 0 1616 1818 1717 1313 1313 
1111 606 505 909 1212 1010 1616 0 909 1717 808 1313 
1313 1313 1313 1616 1717 1212 1818 909 0 1919 1111 1515 
1515 1717 1717 1010 1919 1313 1717 1717 1919 0 1111 404 
1111 1313 1313 606 808 909 1313 808 1111 1111 0 707 
1111 1313 1313 707 1515 909 1313 1313 1515 404 707 0 
