# rmTSP_13_8_20_euklid_101_100.mat
# n=13
# k=8
# a=20
# d="euklid"
# s=101
13
0 1892 1548 2204 2310 2927 2201 2989 1966 2482 2276 2048 1862 
1892 0 2075 2197 1873 2605 1840 2855 1672 3218 2164 2714 1997 
1548 2075 0 1798 2070 2794 2147 3277 2161 2636 2922 2351 1587 
2204 2197 1798 0 1826 1498 2053 1868 2140 2835 2587 1381 1363 
2310 1873 2070 1826 0 2206 1584 2392 1778 2525 1488 2474 2292 
2927 2605 2794 1498 2206 0 2270 1237 2833 2969 2751 2279 2005 
2201 1840 2147 2053 1584 2270 0 2497 1097 1940 1966 2555 1752 
2989 2855 3277 1868 2392 1237 2497 0 2848 2878 2432 2192 2303 
1966 1672 2161 2140 1778 2833 1097 2848 0 2541 1821 2276 1992 
2482 3218 2636 2835 2525 2969 1940 2878 2541 0 2691 3078 2338 
2276 2164 2922 2587 1488 2751 1966 2432 1821 2691 0 2517 2860 
2048 2714 2351 1381 2474 2279 2555 2192 2276 3078 2517 0 1992 
1862 1997 1587 1363 2292 2005 1752 2303 1992 2338 2860 1992 0 
