# rmTSP_15_8_40_manhattan_1_100.mat
# n=15
# k=8
# a=40
# d="manhattan"
# s=1
15
0 81 83 109 38 107 118 95 119 76 60 77 102 85 111 
81 0 154 96 69 110 123 88 126 87 135 158 91 78 104 
83 154 0 130 111 102 111 82 158 119 65 64 107 104 92 
109 96 130 0 117 170 131 126 146 95 137 110 115 80 102 
38 69 111 117 0 121 126 107 123 72 68 113 126 123 129 
107 110 102 170 121 0 105 56 102 123 129 152 107 110 90 
118 123 111 131 126 105 0 101 105 162 84 149 112 131 87 
95 88 82 126 107 56 101 0 126 113 107 126 87 80 64 
119 126 158 146 123 102 105 126 0 97 129 150 131 130 136 
76 87 119 95 72 123 162 113 97 0 118 111 112 85 129 
60 135 65 137 68 129 84 107 129 118 0 85 100 123 129 
77 158 64 110 113 152 149 126 150 111 85 0 93 112 144 
102 91 107 115 126 107 112 87 131 112 100 93 0 65 111 
85 78 104 80 123 110 131 80 130 85 123 112 65 0 86 
111 104 92 102 129 90 87 64 136 129 129 144 111 86 0 
