# rmTSP_10_3_10_manhattan_1_100.mat
# n=10
# k=3
# a=10
# d="manhattan"
# s=1
10
0 12 7 14 15 10 17 21 5 14 
12 0 11 14 9 8 11 9 7 10 
7 11 0 7 12 7 14 14 6 7 
14 14 7 0 15 10 13 11 11 4 
15 9 12 15 0 5 2 12 16 11 
10 8 7 10 5 0 7 11 11 6 
17 11 14 13 2 7 0 10 18 9 
21 9 14 11 12 11 10 0 16 7 
5 7 6 11 16 11 18 16 0 11 
14 10 7 4 11 6 9 7 11 0 
