# rmTSP_12_8_80_euklid_1_100.mat
# n=12
# k=8
# a=80
# d="euklid"
# s=1
12
0 87 88 44 121 65 74 101 98 109 111 74 
87 0 63 104 74 86 58 101 110 97 95 88 
88 63 0 104 91 53 44 109 126 86 107 74 
44 104 104 0 125 86 88 100 93 107 114 97 
121 74 91 125 0 105 98 99 86 72 67 90 
65 86 53 86 105 0 70 106 109 85 97 64 
74 58 44 88 98 70 0 82 114 86 105 77 
101 101 109 100 99 106 82 0 69 70 81 97 
98 110 126 93 86 109 114 69 0 70 51 100 
109 97 86 107 72 85 86 70 70 0 55 90 
111 95 107 114 67 97 105 81 51 55 0 103 
74 88 74 97 90 64 77 97 100 90 103 0 
