# rmTSP_10_3_20_maximum_1_100.mat
# n=10
# k=3
# a=20
# d="maximum"
# s=1
10
0 3 6 11 9 6 15 7 12 5 
3 0 7 12 10 3 16 5 15 4 
6 7 0 15 5 10 11 9 17 10 
11 12 15 0 18 10 4 14 15 9 
9 10 5 18 0 13 14 12 12 13 
6 3 10 10 13 0 14 8 18 7 
15 16 11 4 14 14 0 18 17 13 
7 5 9 14 12 8 18 0 19 8 
12 15 17 15 12 18 17 19 0 11 
5 4 10 9 13 7 13 8 11 0 
