# rmTSP_18_2_80_manhattan_1_100.mat
# n=18
# k=2
# a=80
# d="manhattan"
# s=1
18
0 100 87 69 113 116 43 55 58 28 41 83 10 106 50 60 47 97 
100 0 13 31 13 16 57 97 100 122 59 61 90 14 64 44 87 23 
87 13 0 20 26 29 44 84 87 109 46 50 77 19 51 43 74 22 
69 31 20 0 44 47 30 66 69 91 64 30 59 37 33 63 56 42 
113 13 26 44 0 7 70 110 113 135 72 74 103 21 77 53 100 16 
116 16 29 47 7 0 73 113 116 138 75 77 106 14 80 56 103 23 
43 57 44 30 70 73 0 40 43 65 34 60 33 63 27 33 30 54 
55 97 84 66 110 113 40 0 3 27 66 36 59 103 33 65 10 94 
58 100 87 69 113 116 43 3 0 30 69 39 62 106 36 68 13 97 
28 122 109 91 135 138 65 27 30 0 63 61 32 128 58 82 35 119 
41 59 46 64 72 75 34 66 69 63 0 94 31 65 61 19 58 56 
83 61 50 30 74 77 60 36 39 61 94 0 87 67 33 93 36 72 
10 90 77 59 103 106 33 59 62 32 31 87 0 96 54 50 51 87 
106 14 19 37 21 14 63 103 106 128 65 67 96 0 70 58 93 37 
50 64 51 33 77 80 27 33 36 58 61 33 54 70 0 60 23 61 
60 44 43 63 53 56 33 65 68 82 19 93 50 58 60 0 57 37 
47 87 74 56 100 103 30 10 13 35 58 36 51 93 23 57 0 84 
97 23 22 42 16 23 54 94 97 119 56 72 87 37 61 37 84 0 
