# rmTSP_11_4_40_euklid_101_100.mat
# n=11
# k=4
# a=40
# d="euklid"
# s=101
11
0 2591 4249 3547 5061 2033 1732 2674 4584 3535 4466 
2591 0 4506 1992 3863 2760 2575 1074 4292 3265 3772 
4249 4506 0 3598 2851 3124 3574 4747 1407 3447 1961 
3547 1992 3598 0 2470 2860 3205 2649 3268 3833 3178 
5061 3863 2851 2470 0 3536 3978 4017 2779 3565 2128 
2033 2760 3124 2860 3536 0 802 2559 3821 2622 3383 
1732 2575 3574 3205 3978 802 0 2183 4186 2265 3555 
2674 1074 4747 2649 4017 2559 2183 0 4775 2770 3914 
4584 4292 1407 3268 2779 3821 4186 4775 0 3853 1775 
3535 3265 3447 3833 3565 2622 2265 2770 3853 0 2437 
4466 3772 1961 3178 2128 3383 3555 3914 1775 2437 0 
