# rmTSP_18_3_80_euklid_1_100.mat
# n=18
# k=3
# a=80
# d="euklid"
# s=1
18
0 36 66 55 26 88 47 81 53 40 61 83 47 97 52 71 77 74 
36 0 45 37 19 54 21 65 37 17 37 47 17 67 20 48 57 48 
66 45 0 72 61 49 58 25 16 36 76 53 40 84 56 82 91 11 
55 37 72 0 31 59 17 96 69 39 33 57 33 79 27 55 25 72 
26 19 61 31 0 69 22 81 52 27 38 63 29 80 28 53 52 65 
88 54 49 59 69 0 51 68 57 50 60 21 42 64 46 68 65 39 
47 21 58 17 22 51 0 81 54 26 27 45 19 68 12 45 36 58 
81 65 25 96 81 68 81 0 29 59 96 71 63 96 78 98 115 31 
53 37 16 69 52 57 54 29 0 32 71 57 37 82 52 76 90 26 
40 17 36 39 27 50 26 59 32 0 50 50 10 79 29 62 61 39 
61 37 76 33 38 60 27 96 71 50 0 46 43 50 21 22 34 75 
83 47 53 57 63 21 45 71 57 50 46 0 42 43 37 50 60 46 
47 17 40 33 29 42 19 63 37 10 43 42 0 72 22 56 53 40 
97 67 84 79 80 64 68 96 82 79 50 43 72 0 56 35 76 80 
52 20 56 27 28 46 12 78 52 29 21 37 22 56 0 36 40 55 
71 48 82 55 53 68 45 98 76 62 22 50 56 35 36 0 53 81 
77 57 91 25 52 65 36 115 90 61 34 60 53 76 40 53 0 88 
74 48 11 72 65 39 58 31 26 39 75 46 40 80 55 81 88 0 
