# rmTSP_11_3_40_maximum_1_100.mat
# n=11
# k=3
# a=40
# d="maximum"
# s=1
11
0 31 32 7 9 22 25 9 27 23 31 
31 0 9 38 30 27 8 22 17 19 17 
32 9 0 31 33 20 17 29 13 18 21 
7 38 31 0 10 18 32 16 28 24 32 
9 30 33 10 0 23 24 12 25 15 22 
22 27 20 18 23 0 21 19 24 20 28 
25 8 17 32 24 21 0 16 14 13 18 
9 22 29 16 12 19 16 0 30 26 34 
27 17 13 28 25 24 14 30 0 10 13 
23 19 18 24 15 20 13 26 10 0 8 
31 17 21 32 22 28 18 34 13 8 0 
