# rmTSP_15_6_40_manhattan_1_100.mat
# n=15
# k=6
# a=40
# d="manhattan"
# s=1
15
0 101 129 74 49 40 66 78 81 109 102 118 68 100 91 
101 0 60 101 82 97 51 87 100 56 31 85 59 101 64 
129 60 0 95 98 119 93 55 102 68 53 85 67 79 50 
74 101 95 0 69 58 98 62 55 61 82 110 66 66 117 
49 82 98 69 0 71 51 69 84 94 83 101 49 61 74 
40 97 119 58 71 0 74 80 41 75 92 104 82 112 81 
66 51 93 98 51 74 0 76 69 87 40 64 64 92 65 
78 87 55 62 69 80 76 0 81 91 74 76 40 46 61 
81 100 102 55 84 41 69 81 0 56 75 65 101 97 82 
109 56 68 61 94 75 87 91 56 0 57 85 95 101 72 
102 31 53 82 83 92 40 74 75 57 0 66 62 84 63 
118 85 85 110 101 104 64 76 65 85 66 0 98 76 69 
68 59 67 66 49 82 64 40 101 95 62 98 0 50 69 
100 101 79 66 61 112 92 46 97 101 84 76 50 0 91 
91 64 50 117 74 81 65 61 82 72 63 69 69 91 0 
