# rmTSP_19_2_80_maximum_101_100.mat
# n=19
# k=2
# a=80
# d="maximum"
# s=101
19
0 3333 5555 2828 2323 5050 3333 5959 3636 5858 2020 4141 6161 4343 3131 3939 2121 6363 2323 
3333 0 2323 2626 2525 3333 3131 2626 2727 2525 1919 1313 2828 4545 4040 2727 2424 3030 1010 
5555 2323 0 4949 3939 1010 5454 3030 1919 303 3535 3636 2626 4141 6262 1616 4646 808 3232 
2828 2626 4949 0 5151 5959 808 3737 5353 4747 4545 1919 3939 7171 2929 5353 4949 4242 3333 
2323 2525 3939 5151 0 3434 5656 4343 2020 4242 606 3838 4545 2020 5454 2323 707 4747 1818 
5050 3333 1010 5959 3434 0 6464 4040 1414 1212 3030 4646 3636 3636 6262 1111 4141 1717 2727 
3333 3131 5454 808 5656 6464 0 2929 5858 5252 5050 1818 3131 7676 3737 5858 5454 4747 3838 
5959 2626 3030 3737 4343 4040 2929 0 3434 2828 3939 1818 404 5252 6666 3434 5050 2323 3636 
3636 2727 1919 5353 2020 1414 5858 3434 0 2222 1616 4040 3030 2222 5656 303 2727 2727 2020 
5858 2525 303 4747 4242 1212 5252 2828 2222 0 3838 3434 2424 4444 6565 1919 4949 505 3535 
2020 1919 3535 4545 606 3030 5050 3939 1616 3838 0 3232 4141 2626 4848 1919 1111 4343 1212 
4141 1313 3636 1919 3838 4646 1818 1818 4040 3434 3232 0 2020 5858 4848 4040 3636 2929 2020 
6161 2828 2626 3939 4545 3636 3131 404 3030 2424 4141 2020 0 4848 6868 3030 5252 1919 3838 
4343 4545 4141 7171 2020 3636 7676 5252 2222 4444 2626 5858 4848 0 7474 2525 2222 4949 3838 
3131 4040 6262 2929 5454 6262 3737 6666 5656 6565 4848 4848 6868 7474 0 5656 5252 7070 3636 
3939 2727 1616 5353 2323 1111 5858 3434 303 1919 1919 4040 3030 2525 5656 0 3030 2424 2020 
2121 2424 4646 4949 707 4141 5454 5050 2727 4949 1111 3636 5252 2222 5252 3030 0 5454 1616 
6363 3030 808 4242 4747 1717 4747 2323 2727 505 4343 2929 1919 4949 7070 2424 5454 0 4040 
2323 1010 3232 3333 1818 2727 3838 3636 2020 3535 1212 2020 3838 3838 3636 2020 1616 4040 0 
