# rmTSP_11_6_20_maximum_1_100.mat
# n=11
# k=6
# a=20
# d="maximum"
# s=1
11
0 12 17 15 11 7 10 9 15 11 13 
12 0 10 13 15 11 13 10 15 9 11 
17 10 0 9 16 12 12 18 11 12 5 
15 13 9 0 13 9 15 15 14 9 8 
11 15 16 13 0 5 12 16 15 7 13 
7 11 12 9 5 0 11 12 11 6 9 
10 13 12 15 12 11 0 14 15 11 12 
9 10 18 15 16 12 14 0 16 9 14 
15 15 11 14 15 11 15 16 0 10 9 
11 9 12 9 7 6 11 9 10 0 8 
13 11 5 8 13 9 12 14 9 8 0 
