# rmTSP_14_4_80_euklid_101_100.mat
# n=14
# k=4
# a=80
# d="euklid"
# s=101
14
0 5254 6119 6451 3528 6633 5222 6703 4441 6491 3305 8197 5154 3619 
5254 0 6430 3359 2343 7983 5535 4547 4758 3178 7702 5396 4718 7404 
6119 6430 0 8338 6966 6380 3304 9542 2411 5468 5797 7115 7317 6292 
6451 3359 8338 0 3539 10387 6187 4978 6667 5152 9123 6976 7604 7831 
3528 2343 6966 3539 0 8041 5705 4570 4935 4875 6376 6881 4685 6170 
6633 7983 6380 10387 8041 0 7167 8175 6918 6570 7371 6403 5232 6573 
5222 5535 3304 6187 5705 7167 0 7919 3270 4693 6105 6381 7659 4525 
6703 4547 9542 4978 4570 8175 7919 0 8331 5061 9897 5301 5434 7942 
4441 4758 2411 6667 4935 6918 3270 8331 0 5045 4639 7246 6182 5766 
6491 3178 5468 5152 4875 6570 4693 5061 5045 0 8600 2559 5396 7310 
3305 7702 5797 9123 6376 7371 6105 9897 4639 8600 0 10377 7142 4643 
8197 5396 7115 6976 6881 6403 6381 5301 7246 2559 10377 0 6319 8398 
5154 4718 7317 7604 4685 5232 7659 5434 6182 5396 7142 6319 0 7599 
3619 7404 6292 7831 6170 6573 4525 7942 5766 7310 4643 8398 7599 0 
