# rmTSP_19_8_80_euklid_1_100.mat
# n=19
# k=8
# a=80
# d="euklid"
# s=1
19
0 88 96 59 129 95 99 97 80 103 118 91 78 102 88 96 56 68 104 
88 0 115 73 125 114 87 85 75 79 120 39 112 98 107 122 71 96 73 
96 115 0 80 123 99 93 79 85 95 96 90 101 116 87 71 91 46 111 
59 73 80 0 106 81 56 87 57 85 80 77 84 73 75 92 47 47 77 
129 125 123 106 0 100 66 80 108 127 86 124 84 101 71 139 130 117 93 
95 114 99 81 100 0 79 78 67 131 92 104 56 107 101 104 88 99 75 
99 87 93 56 66 79 0 70 71 87 54 86 77 58 76 111 87 76 65 
97 85 79 87 80 78 70 0 81 87 99 66 65 96 83 106 98 86 76 
80 75 85 57 108 67 71 81 0 105 76 68 86 101 84 73 46 78 56 
103 79 95 85 127 131 87 87 105 0 121 65 115 107 102 132 90 83 95 
118 120 96 80 86 92 54 99 76 121 0 115 97 77 91 88 103 85 97 
91 39 90 77 124 104 86 66 68 65 115 0 105 106 104 107 69 86 69 
78 112 101 84 84 56 77 65 86 115 97 105 0 94 85 109 94 93 88 
102 98 116 73 101 107 58 96 101 107 77 106 94 0 111 119 109 86 111 
88 107 87 75 71 101 76 83 84 102 91 104 85 111 0 106 89 75 89 
96 122 71 92 139 104 111 106 73 132 88 107 109 119 106 0 91 74 123 
56 71 91 47 130 88 87 98 46 90 103 69 94 109 89 91 0 71 71 
68 96 46 47 117 99 76 86 78 83 85 86 93 86 75 74 71 0 106 
104 73 111 77 93 75 65 76 56 95 97 69 88 111 89 123 71 106 0 
