# rmTSP_19_8_40_euklid_101_100.mat
# n=19
# k=8
# a=40
# d="euklid"
# s=101
19
0 3577 4886 2931 4682 2812 5036 4517 4680 4064 3657 3354 4874 5077 4197 4741 2213 3277 5406 
3577 0 3714 3539 5071 3751 4778 4729 4452 2981 4084 4768 3829 3837 3450 2426 3110 3931 3887 
4886 3714 0 5038 3876 5268 4971 5365 4820 2901 6400 5218 4870 4008 3561 4352 5102 4224 5234 
2931 3539 5038 0 4574 3144 3522 3719 4101 3018 3980 2858 3660 4121 4086 3373 3371 5328 4175 
4682 5071 3876 4574 0 4524 3674 4156 4696 3806 4936 4465 5335 4189 6048 5670 5474 5030 4724 
2812 3751 5268 3144 4524 0 5391 3412 5252 4433 3920 2955 5104 3678 4952 4179 3108 3909 4218 
5036 4778 4971 3522 3674 5391 0 4517 3993 3281 4745 4246 3224 4420 5732 5218 5367 6824 3980 
4517 4729 5365 3719 4156 3412 4517 0 3105 3887 4897 3778 4527 4148 5494 4771 4929 5263 2779 
4680 4452 4820 4101 4696 5252 3993 3105 0 3207 5231 5064 4115 5422 4825 4956 5274 5426 3851 
4064 2981 2901 3018 3806 4433 3281 3887 3207 0 4921 4261 2846 3917 3577 3020 3936 4844 3692 
3657 4084 6400 3980 4936 3920 4745 4897 5231 4921 0 5233 5170 5745 6700 5306 3745 5154 4731 
3354 4768 5218 2858 4465 2955 4246 3778 5064 4261 5233 0 4189 3528 4620 5110 3895 5486 4580 
4874 3829 4870 3660 5335 5104 3224 4527 4115 2846 5170 4189 0 4314 4737 4304 4034 6413 3356 
5077 3837 4008 4121 4189 3678 4420 4148 5422 3917 5745 3528 4314 0 4622 3912 5039 5633 3322 
4197 3450 3561 4086 6048 4952 5732 5494 4825 3577 6700 4620 4737 4622 0 3588 4459 4729 5679 
4741 2426 4352 3373 5670 4179 5218 4771 4956 3020 5306 5110 4304 3912 3588 0 4260 5264 4113 
2213 3110 5102 3371 5474 3108 5367 4929 5274 3936 3745 3895 4034 5039 4459 4260 0 3871 5027 
3277 3931 4224 5328 5030 3909 6824 5263 5426 4844 5154 5486 6413 5633 4729 5264 3871 0 6080 
5406 3887 5234 4175 4724 4218 3980 2779 3851 3692 4731 4580 3356 3322 5679 4113 5027 6080 0 
