# rmTSP_19_8_20_euklid_101_100.mat
# n=19
# k=8
# a=20
# d="euklid"
# s=101
19
0 2265 2559 1625 2080 2185 1911 1895 3062 1396 2043 1764 1535 2171 2092 2649 2699 2240 1761 
2265 0 2388 2952 1940 2409 2605 3015 1995 1678 1629 2432 1969 2890 2213 2632 3259 1321 2077 
2559 2388 0 2670 2020 1773 2171 2618 2097 2135 2731 2663 2659 2927 2837 2240 2511 2000 2773 
1625 2952 2670 0 1997 1903 2797 2738 3325 2133 2773 2424 2747 2164 2157 2768 2121 2922 2772 
2080 1940 2020 1997 0 1363 2638 2599 2067 1810 2058 2557 2497 2571 2319 2773 2523 2176 2989 
2185 2409 1773 1903 1363 0 2407 2781 2362 2092 2678 2616 2426 2770 2002 2591 2267 2208 3006 
1911 2605 2171 2797 2638 2407 0 2482 2704 1681 2873 1735 1741 2407 2265 2470 2853 1653 2035 
1895 3015 2618 2738 2599 2781 2482 0 3150 2270 2265 2362 2472 2515 3342 2703 2649 3027 2474 
3062 1995 2097 3325 2067 2362 2704 3150 0 1857 2924 3139 2499 3005 2474 1924 2708 2087 2826 
1396 1678 2135 2133 1810 2092 1681 2270 1857 0 2245 2010 1212 2067 1597 1775 2405 1650 1515 
2043 1629 2731 2773 2058 2678 2873 2265 2924 2245 0 1948 2595 2480 2920 3082 3102 2140 2332 
1764 2432 2663 2424 2557 2616 1735 2362 3139 2010 1948 0 2420 1366 2294 2616 2451 1815 1838 
1535 1969 2659 2747 2497 2426 1741 2472 2499 1212 2595 2420 0 2897 1900 2443 3208 1924 1613 
2171 2890 2927 2164 2571 2770 2407 2515 3005 2067 2480 1366 2897 0 2283 2176 1597 2539 2208 
2092 2213 2837 2157 2319 2002 2265 3342 2474 1597 2920 2294 1900 2283 0 2197 2439 1945 2145 
2649 2632 2240 2768 2773 2591 2470 2703 1924 1775 3082 2616 2443 2176 2197 0 1666 2445 1948 
2699 3259 2511 2121 2523 2267 2853 2649 2708 2405 3102 2451 3208 1597 2439 1666 0 2989 2821 
2240 1321 2000 2922 2176 2208 1653 3027 2087 1650 2140 1815 1924 2539 1945 2445 2989 0 1969 
1761 2077 2773 2772 2989 3006 2035 2474 2826 1515 2332 1838 1613 2208 2145 1948 2821 1969 0 
