# rmTSP_13_2_40_manhattan_1_100.mat
# n=13
# k=2
# a=40
# d="manhattan"
# s=1
13
0 35 38 39 22 36 18 34 23 65 29 38 10 
35 0 3 4 17 17 31 15 40 30 26 3 25 
38 3 0 5 20 16 34 16 41 27 29 2 28 
39 4 5 0 21 21 35 19 36 26 30 3 29 
22 17 20 21 0 18 14 12 43 47 9 20 24 
36 17 16 21 18 0 32 14 57 29 27 18 38 
18 31 34 35 14 32 0 18 39 61 11 34 20 
34 15 16 19 12 14 18 0 55 43 13 16 36 
23 40 41 36 43 57 39 55 0 42 50 39 19 
65 30 27 26 47 29 61 43 42 0 56 27 55 
29 26 29 30 9 27 11 13 50 56 0 29 31 
38 3 2 3 20 18 34 16 39 27 29 0 28 
10 25 28 29 24 38 20 36 19 55 31 28 0 
