# rmTSP_11_2_20_maximum_1_100.mat
# n=11
# k=2
# a=20
# d="maximum"
# s=1
11
0 2 6 1 16 16 5 12 3 14 5 
2 0 5 2 15 15 7 11 2 13 7 
6 5 0 5 10 10 9 6 4 8 9 
1 2 5 0 15 15 5 11 2 13 5 
16 15 10 15 0 5 13 9 13 4 16 
16 15 10 15 5 0 13 4 13 2 16 
5 7 9 5 13 13 0 9 5 11 3 
12 11 6 11 9 4 9 0 9 5 12 
3 2 4 2 13 13 5 9 0 11 5 
14 13 8 13 4 2 11 5 11 0 14 
5 7 9 5 16 16 3 12 5 14 0 
