# rmTSP_19_6_40_euklid_101_100.mat
# n=19
# k=6
# a=40
# d="euklid"
# s=101
19
0 3870 3949 3936 5328 4501 4368 3552 2977 4600 1956 3532 4745 4878 2464 3186 4693 4477 3073 
3870 0 2919 4616 3134 3210 2563 3640 5031 2610 3388 4766 3942 3281 3837 3336 3376 4459 3738 
3949 2919 0 4330 4377 3102 3936 4499 5514 3088 3948 3683 4433 4060 3097 3328 3622 5199 4866 
3936 4616 4330 0 4478 5173 4968 3945 4569 4086 4189 2466 4530 4927 4167 1851 5358 3037 4728 
5328 3134 4377 4478 0 2988 2545 2736 5300 2484 4421 4573 2030 2194 4810 3768 3030 3043 4475 
4501 3210 3102 5173 2988 0 3276 3357 5382 2684 3345 3874 2640 1657 3532 3916 2819 4387 3827 
4368 2563 3936 4968 2545 3276 0 2693 3889 3658 3923 5069 2434 3199 3646 4041 2379 3646 4690 
3552 3640 4499 3945 2736 3357 2693 0 3223 3259 3210 3752 2020 3241 3771 3568 2687 2755 3351 
2977 5031 5514 4569 5300 5382 3889 3223 0 5834 3568 4688 4150 5365 3194 4276 4804 3722 4777 
4600 2610 3088 4086 2484 2684 3658 3259 5834 0 4024 3810 3483 2897 4632 3382 3048 4291 3697 
1956 3388 3948 4189 4421 3345 3923 3210 3568 4024 0 3313 3880 3371 2411 2821 4508 3787 2028 
3532 4766 3683 2466 4573 3874 5069 3752 4688 3810 3313 0 3992 4063 3254 2263 4879 3551 4039 
4745 3942 4433 4530 2030 2640 2434 2020 4150 3483 3880 3992 0 2263 3822 3854 2706 2638 4457 
4878 3281 4060 4927 2194 1657 3199 3241 5365 2897 3371 4063 2263 0 4020 3611 3611 3464 3688 
2464 3837 3097 4167 4810 3532 3646 3771 3194 4632 2411 3254 3822 4020 0 3017 4228 4068 4284 
3186 3336 3328 1851 3768 3916 4041 3568 4276 3382 2821 2263 3854 3611 3017 0 4765 2759 3701 
4693 3376 3622 5358 3030 2819 2379 2687 4804 3048 4508 4879 2706 3611 4228 4765 0 4724 4830 
4477 4459 5199 3037 3043 4387 3646 2755 3722 4291 3787 3551 2638 3464 4068 2759 4724 0 4418 
3073 3738 4866 4728 4475 3827 4690 3351 4777 3697 2028 4039 4457 3688 4284 3701 4830 4418 0 
