# rmTSP_12_3_80_maximum_1_100.mat
# n=12
# k=3
# a=80
# d="maximum"
# s=1
12
0 74 46 73 14 55 67 69 29 53 26 52 
74 0 49 20 70 19 35 28 64 67 66 46 
46 49 0 50 43 34 42 44 70 73 70 30 
73 20 50 0 69 18 42 35 44 47 65 53 
14 70 43 69 0 51 63 65 27 49 27 48 
55 19 34 18 51 0 26 19 48 51 48 37 
67 35 42 42 63 26 0 14 48 51 59 15 
69 28 44 35 65 19 14 0 62 65 62 22 
29 64 70 44 27 48 48 62 0 24 21 40 
53 67 73 47 49 51 51 65 24 0 45 43 
26 66 70 65 27 48 59 62 21 45 0 44 
52 46 30 53 48 37 15 22 40 43 44 0 
