# rmTSP_12_4_80_maximum_1_100.mat
# n=12
# k=4
# a=80
# d="maximum"
# s=1
12
0 40 34 27 19 36 69 53 16 53 68 27 
40 0 48 67 48 49 33 43 45 69 29 67 
34 48 0 59 32 45 78 62 33 62 77 59 
27 67 59 0 46 20 51 37 27 37 52 38 
19 48 32 46 0 37 78 54 25 54 77 46 
36 49 45 20 37 0 48 25 47 28 47 40 
69 33 78 51 78 48 0 53 58 64 41 56 
53 43 62 37 54 25 53 0 64 53 47 57 
16 45 33 27 25 47 58 64 0 64 52 26 
53 69 62 37 54 28 64 53 64 0 63 57 
68 29 77 52 77 47 41 47 52 63 0 52 
27 67 59 38 46 40 56 57 26 57 52 0 
