# rmTSP_10_6_80_maximum_1_100.mat
# n=10
# k=6
# a=80
# d="maximum"
# s=1
10
0 64 64 69 51 40 31 68 55 71 
64 0 57 66 63 68 33 63 59 65 
64 57 0 52 49 52 49 45 45 54 
69 66 52 0 75 73 53 44 47 44 
51 63 49 75 0 43 55 57 68 61 
40 68 52 73 43 0 38 72 56 75 
31 33 49 53 55 38 0 66 46 75 
68 63 45 44 57 72 66 0 47 32 
55 59 45 47 68 56 46 47 0 56 
71 65 54 44 61 75 75 32 56 0 
