# rmTSP_16_6_40_maximum_101_100.mat
# n=16
# k=6
# a=40
# d="maximum"
# s=101
16
0 3030 3636 1818 2525 2828 2929 3535 3030 3737 2424 3131 3636 3636 2626 3333 
3030 0 2727 2323 2121 2323 1818 2626 2727 3030 1919 2828 2727 2121 3030 2424 
3636 2727 0 3131 2020 3030 2121 2323 2525 3333 2626 2626 3232 2727 3030 3434 
1818 2323 3131 0 1313 2626 2222 3030 2121 3232 1818 2222 3131 2020 1616 2828 
2525 2121 2020 1313 0 2626 1818 1717 2323 2222 2222 2323 2727 1616 1313 2222 
2828 2323 3030 2626 2626 0 3030 2929 2929 3636 1010 2929 3535 3737 2828 2828 
2929 1818 2121 2222 1818 3030 0 2121 2727 3131 2626 2727 3030 1616 2727 2323 
3535 2626 2323 3030 1717 2929 2121 0 2424 2323 2525 2323 2424 1919 2929 3333 
3030 2727 2525 2121 2323 2929 2727 2424 0 2626 2525 1414 3131 3434 2424 3434 
3737 3030 3333 3232 2222 3636 3131 2323 2626 0 2828 2222 3636 3333 3131 3434 
2424 1919 2626 1818 2222 1010 2626 2525 2525 2828 0 2323 3030 3333 2424 2323 
3131 2828 2626 2222 2323 2929 2727 2323 1414 2222 2323 0 3131 3434 2424 3535 
3636 2727 3232 3131 2727 3535 3030 2424 3131 3636 3030 3131 0 2525 3636 2121 
3636 2121 2727 2020 1616 3737 1616 1919 3434 3333 3333 3434 2525 0 1717 3636 
2626 3030 3030 1616 1313 2828 2727 2929 2424 3131 2424 2424 3636 1717 0 2727 
3333 2424 3434 2828 2222 2828 2323 3333 3434 3434 2323 3535 2121 3636 2727 0 
