# rmTSP_12_3_40_euklid_101_100.mat
# n=12
# k=3
# a=40
# d="euklid"
# s=101
12
0 3772 4247 2358 2460 3395 3771 2252 2199 3446 1054 1407 
3772 0 2577 1708 3571 3710 707 1890 2977 4163 3605 3252 
4247 2577 0 3271 3604 2567 1953 3363 2910 2364 3807 3006 
2358 1708 3271 0 2330 3780 2033 1317 1898 3949 2603 2215 
2460 3571 3604 2330 0 4234 3604 3273 789 3430 3057 1843 
3395 3710 2567 3780 4234 0 3139 3098 3502 1708 2468 2575 
3771 707 1953 2033 3604 3139 0 2007 2920 3622 3447 3057 
2252 1890 3363 1317 3273 3098 2007 0 2686 3813 2025 2327 
2199 2977 2910 1898 789 3502 2920 2686 0 2839 2557 1278 
3446 4163 2364 3949 3430 1708 3622 3813 2839 0 2894 2208 
1054 3605 3807 2603 3057 2468 3447 2025 2557 2894 0 1403 
1407 3252 3006 2215 1843 2575 3057 2327 1278 2208 1403 0 
