# rmTSP_16_8_40_euklid_1_100.mat
# n=16
# k=8
# a=40
# d="euklid"
# s=1
16
0 31 42 37 46 38 30 54 39 48 38 42 36 31 39 46 
31 0 48 42 51 40 34 45 44 42 31 43 34 39 34 41 
42 48 0 52 48 63 44 60 42 38 51 43 41 16 49 45 
37 42 52 0 52 30 36 62 53 65 35 38 50 46 31 52 
46 51 48 52 0 50 37 37 34 49 62 32 36 42 44 42 
38 40 63 30 50 0 38 57 57 60 52 49 47 55 43 61 
30 34 44 36 37 38 0 52 32 48 43 40 38 39 29 44 
54 45 60 62 37 57 52 0 40 49 62 46 49 49 44 34 
39 44 42 53 34 57 32 40 0 52 49 37 41 37 31 23 
48 42 38 65 49 60 48 49 52 0 65 59 43 35 58 55 
38 31 51 35 62 52 43 62 49 65 0 39 47 45 31 41 
42 43 43 38 32 49 40 46 37 59 39 0 31 38 33 33 
36 34 41 50 36 47 38 49 41 43 47 31 0 37 47 46 
31 39 16 46 42 55 39 49 37 35 45 38 37 0 41 37 
39 34 49 31 44 43 29 44 31 58 31 33 47 41 0 27 
46 41 45 52 42 61 44 34 23 55 41 33 46 37 27 0 
