# rmTSP_12_4_20_manhattan_1_100.mat
# n=12
# k=4
# a=20
# d="manhattan"
# s=1
12
0 47 38 18 25 27 17 7 36 13 18 37 
47 0 21 37 28 50 36 40 13 54 41 24 
38 21 0 22 15 35 47 39 22 39 38 13 
18 37 22 0 25 29 27 19 28 17 36 25 
25 28 15 25 0 26 38 26 23 26 25 16 
27 50 35 29 26 0 44 28 49 18 45 26 
17 36 47 27 38 44 0 16 27 30 25 46 
7 40 39 19 26 28 16 0 29 14 19 38 
36 13 22 28 23 49 27 29 0 43 30 27 
13 54 39 17 26 18 30 14 43 0 27 38 
18 41 38 36 25 45 25 19 30 27 0 39 
37 24 13 25 16 26 46 38 27 38 39 0 
