# rmTSP_10_6_40_maximum_101_100.mat
# n=10
# k=6
# a=40
# d="maximum"
# s=101
10
0 2323 2929 3535 3333 3636 2020 3636 3131 2525 
2323 0 2929 2727 2424 2626 2424 1313 3131 2424 
2929 2929 0 1818 1919 1818 3131 2121 1616 3131 
3535 2727 1818 0 2727 2222 3636 2929 2222 3434 
3333 2424 1919 2727 0 909 3434 1313 1919 3232 
3636 2626 1818 2222 909 0 3737 1313 2121 3535 
2020 2424 3131 3636 3434 3737 0 3737 3333 2525 
3636 1313 2121 2929 1313 1313 3737 0 2121 3535 
3131 3131 1616 2222 1919 2121 3333 2121 0 3333 
2525 2424 3131 3434 3232 3535 2525 3535 3333 0 
