# rmTSP_12_4_80_maximum_101_100.mat
# n=12
# k=4
# a=80
# d="maximum"
# s=101
12
0 7575 6363 7575 4949 5656 7171 3838 4949 6464 4343 6060 
7575 0 7575 3232 2929 3838 2121 4141 3333 5757 5757 7676 
6363 7575 0 7575 4848 5353 7171 6363 4242 6464 3232 2929 
7575 3232 7575 0 6161 3535 3232 5656 6161 7373 5757 7676 
4949 2929 4848 6161 0 2626 5050 5555 2121 5858 3131 4949 
5656 3838 5353 3535 2626 0 4040 6464 3030 5454 3535 5454 
7171 2121 7171 3232 5050 4040 0 3939 5050 6262 5353 7272 
3838 4141 6363 5656 5555 6464 3939 0 4242 2626 5151 3939 
4949 3333 4242 6161 2121 3030 5050 4242 0 5858 3131 4343 
6464 5757 6464 7373 5858 5454 6262 2626 5858 0 4646 6565 
4343 5757 3232 5757 3131 3535 5353 5151 3131 4646 0 2929 
6060 7676 2929 7676 4949 5454 7272 3939 4343 6565 2929 0 
