# rmTSP_12_4_40_manhattan_1_100.mat
# n=12
# k=4
# a=40
# d="manhattan"
# s=1
12
0 57 60 54 68 42 55 47 64 72 30 34 
57 0 59 15 53 59 98 66 95 37 61 37 
60 59 0 58 30 70 71 63 36 50 44 62 
54 15 58 0 62 58 99 67 88 22 62 34 
68 53 30 62 0 56 45 55 46 48 38 80 
42 59 70 58 56 0 41 61 62 44 28 48 
55 98 71 99 45 41 0 56 47 85 37 89 
47 66 63 67 55 61 56 0 67 77 33 59 
64 95 36 88 46 62 47 67 0 70 46 66 
72 37 50 22 48 44 85 77 70 0 56 52 
30 61 44 62 38 28 37 33 46 56 0 52 
34 37 62 34 80 48 89 59 66 52 52 0 
