# rmTSP_15_3_80_manhattan_101_100.mat
# n=15
# k=3
# a=80
# d="manhattan"
# s=101
15
0 4949 10302 7777 3737 7979 10605 7373 10100 6666 5555 4545 2828 13938 7171 
4949 0 10201 5252 7878 5858 10504 9090 9595 6969 6868 4444 7777 9393 2626 
10302 10201 0 8181 6565 4343 3737 6363 8080 6060 10403 5757 8282 6666 8787 
7777 5252 8181 0 10100 3838 5252 11312 5353 9191 10100 3838 9999 7171 3838 
3737 7878 6565 10100 0 6262 7474 5050 12827 6161 8282 7272 3535 10403 9898 
7979 5858 4343 3838 6262 0 4646 7474 8787 6767 10302 4040 7979 5959 4444 
10605 10504 3737 5252 7474 4646 0 7676 5353 7373 10908 6060 8585 7171 9090 
7373 9090 6363 11312 5050 7474 7676 0 8181 2121 7474 8080 5353 13029 11110 
10100 9595 8080 5353 12827 8787 5353 8181 0 6666 9393 5555 10908 12524 8787 
6666 6969 6060 9191 6161 6767 7373 2121 6666 0 6767 5959 4646 12726 8989 
5555 6868 10403 10100 8282 10302 10908 7474 9393 6767 0 6262 6363 16261 9494 
4545 4444 5757 3838 7272 4040 6060 8080 5555 5959 6262 0 6767 9999 3232 
2828 7777 8282 9999 3535 7979 8585 5353 10908 4646 6363 6767 0 13938 9797 
13938 9393 6666 7171 10403 5959 7171 13029 12524 12726 16261 9999 13938 0 6767 
7171 2626 8787 3838 9898 4444 9090 11110 8787 8989 9494 3232 9797 6767 0 
