# rmTSP_15_4_20_manhattan_101_100.mat
# n=15
# k=4
# a=20
# d="manhattan"
# s=101
15
0 1414 2424 2323 1111 2929 1111 3131 1818 2525 1212 707 1818 2525 3131 
1414 0 3232 2727 1919 2929 2525 3535 3232 1717 1818 1919 2222 3131 4545 
2424 3232 0 2929 2727 2323 1515 2727 3434 4343 1414 2929 1818 2929 3333 
2323 2727 2929 0 2828 2020 2828 1010 1313 2222 1717 2020 1919 4242 2828 
1111 1919 2727 2828 0 4040 2020 3838 2121 3434 1313 1616 1919 2424 2626 
2929 2929 2323 2020 4040 0 2020 1616 2727 2424 2727 2424 3131 2828 4242 
1111 2525 1515 2828 2020 2020 0 2424 2121 3636 1515 1414 2929 1414 3636 
3131 3535 2727 1010 3838 1616 2424 0 1919 2828 2525 2828 2929 3838 3838 
1818 3232 3434 1313 2121 2727 2121 1919 0 3131 2222 1313 2626 3131 2121 
2525 1717 4343 2222 3434 2424 3636 2828 3131 0 3131 2222 2525 4444 4444 
1212 1818 1414 1717 1313 2727 1515 2525 2222 3131 0 1717 1616 2727 3131 
707 1919 2929 2020 1616 2424 1414 2828 1313 2222 1717 0 1717 2626 2626 
1818 2222 1818 1919 1919 3131 2929 2929 2626 2525 1616 1717 0 4343 2323 
2525 3131 2929 4242 2424 2828 1414 3838 3131 4444 2727 2626 4343 0 3232 
3131 4545 3333 2828 2626 4242 3636 3838 2121 4444 3131 2626 2323 3232 0 
