# rmTSP_14_6_40_maximum_101_100.mat
# n=14
# k=6
# a=40
# d="maximum"
# s=101
14
0 3131 2727 1919 1616 2020 2424 3535 2323 2323 1717 1919 3333 1919 
3131 0 3232 3535 2727 3232 3535 2828 2525 3636 2727 3131 3232 2828 
2727 3232 0 2424 2828 3939 2525 3434 1616 3333 2323 2222 2525 2525 
1919 3535 2424 0 2020 2323 1616 1616 1717 2727 1818 2323 2525 2121 
1616 2727 2828 2020 0 2222 2121 3232 2020 2121 1414 1717 3030 1919 
2020 3232 3939 2323 2222 0 2727 2424 3131 3636 2525 3131 3939 3030 
2424 3535 2525 1616 2121 2727 0 1111 1919 2727 2424 2323 2323 2727 
3535 2828 3434 1616 3232 2424 1111 0 2626 2222 2828 2323 3434 2525 
2323 2525 1616 1717 2020 3131 1919 2626 0 2525 2222 1616 2828 2525 
2323 3636 3333 2727 2121 3636 2727 2222 2525 0 3333 2222 3333 3636 
1717 2727 2323 1818 1414 2525 2424 2828 2222 3333 0 2828 2626 606 
1919 3131 2222 2323 1717 3131 2323 2323 1616 2222 2828 0 2727 3131 
3333 3232 2525 2525 3030 3939 2323 3434 2828 3333 2626 2727 0 2222 
1919 2828 2525 2121 1919 3030 2727 2525 2525 3636 606 3131 2222 0 
