# rmTSP_19_4_80_maximum_101_100.mat
# n=19
# k=4
# a=80
# d="maximum"
# s=101
19
0 6666 6161 6868 6666 6868 6060 3030 5353 5252 5959 7171 6161 6868 7676 6262 7070 5555 6767 
6666 0 6666 7171 7070 7070 6363 5959 5656 5555 6262 7474 6464 5858 5151 6565 7373 5858 6363 
6161 6666 0 4343 6666 6868 5050 4848 5555 5353 4747 4848 3737 6868 7676 4040 3535 4848 6767 
6868 7171 4343 0 5555 5757 3131 3838 4040 1818 909 3737 2626 5757 6565 808 3434 3939 5656 
6666 7070 6666 5555 0 1414 4646 5959 7171 4747 4747 2525 2929 5656 2828 5757 6868 3838 3131 
6868 7070 6868 5757 1414 0 4646 6161 7171 4747 4949 3030 3131 5656 1919 5959 6868 3838 1717 
6060 6363 5050 3131 4646 4646 0 3535 2525 1313 2323 4343 2525 2626 3434 3333 2222 4646 3939 
3030 5959 4848 3838 5959 6161 3535 0 4444 2222 2929 4141 3131 6161 6969 3232 4040 4444 6060 
5353 5656 5555 4040 7171 7171 2525 4444 0 2424 3232 6464 4646 1717 5252 4545 2020 5151 6464 
5252 5555 5353 1818 4747 4747 1313 2222 2424 0 1010 4646 2828 3939 4747 2121 2121 4949 4040 
5959 6262 4747 909 4747 4949 2323 2929 3232 1010 0 4040 2222 4949 5757 1414 2828 4343 4848 
7171 7474 4848 3737 2525 3030 4343 4141 6464 4646 4040 0 1818 4949 4444 3939 6161 3131 3636 
6161 6464 3737 2626 2929 3131 2525 3131 4646 2828 2222 1818 0 3131 3939 2828 4343 2121 3030 
6868 5858 6868 5757 5656 5656 2626 6161 1717 3939 4949 4949 3131 0 3737 5959 3636 4040 4949 
7676 5151 7676 6565 2828 1919 3434 6969 5252 4747 5757 4444 3939 3737 0 6767 4949 3636 1717 
6262 6565 4040 808 5757 5959 3333 3232 4545 2121 1414 3939 2828 5959 6767 0 4242 3939 5858 
7070 7373 3535 3434 6868 6868 2222 4040 2020 2121 2828 6161 4343 3636 4949 4242 0 3131 6161 
5555 5858 4848 3939 3838 3838 4646 4444 5151 4949 4343 3131 2121 4040 3636 3939 3131 0 3939 
6767 6363 6767 5656 3131 1717 3939 6060 6464 4040 4848 3636 3030 4949 1717 5858 6161 3939 0 
