# rmTSP_11_6_40_euklid_101_100.mat
# n=11
# k=6
# a=40
# d="euklid"
# s=101
11
0 2486 3293 3162 3221 2131 3969 3768 1784 3756 3639 
2486 0 3612 3827 2775 3042 3248 4423 3033 3569 2377 
3293 3612 0 5190 3531 1824 4855 4583 2135 3822 3569 
3162 3827 5190 0 4222 4129 4032 4688 3449 5739 5403 
3221 2775 3531 4222 0 2680 4841 5427 3348 2634 4270 
2131 3042 1824 4129 2680 0 4021 4813 1881 3591 3679 
3969 3248 4855 4032 4841 4021 0 6336 4444 6176 3956 
3768 4423 4583 4688 5427 4813 6336 0 3213 5642 4412 
1784 3033 2135 3449 3348 1881 4444 3213 0 3855 3763 
3756 3569 3822 5739 2634 3591 6176 5642 3855 0 4901 
3639 2377 3569 5403 4270 3679 3956 4412 3763 4901 0 
