# rmTSP_18_3_80_manhattan_101_100.mat
# n=18
# k=3
# a=80
# d="manhattan"
# s=101
18
0 7878 7878 6060 5252 5656 6464 13534 6868 5454 7070 11413 5454 8282 3838 11009 4343 6060 
7878 0 5858 5454 6262 6868 5252 5858 4646 6868 7272 4949 6060 7878 6464 3939 11009 5858 
7878 5858 0 6262 4848 2626 10302 11716 5858 7676 10908 6363 8282 8888 5454 3333 11009 5656 
6060 5454 6262 0 3232 7676 9696 8080 5252 7070 10302 10403 9494 12322 7878 7171 8383 10100 
5252 6262 4848 3232 0 6262 11514 10706 7070 8888 12120 8989 9494 10908 6666 5757 9393 8686 
5656 6868 2626 7676 6262 0 7676 12726 6060 5050 8282 6767 5656 6262 2828 5353 8787 3030 
6464 5252 10302 9696 11514 7676 0 8484 7070 6060 3434 7373 3434 5252 4848 9191 7171 4646 
13534 5858 11716 8080 10706 12726 8484 0 6666 8080 8484 7373 11918 13736 12322 8383 12423 11716 
6868 4646 5858 5252 7070 6060 7070 6666 0 2222 5050 8181 7070 9898 5656 7777 6363 7676 
5454 6868 7676 7070 8888 5050 6060 8080 2222 0 3232 10403 6060 8888 4444 9999 4343 6666 
7070 7272 10908 10302 12120 8282 3434 8484 5050 3232 0 10807 3434 5656 5454 10403 3939 5454 
11413 4949 6363 10403 8989 6767 7373 7373 8181 10403 10807 0 8787 8383 7979 5252 14544 5757 
5454 6060 8282 9494 9494 5656 3434 11918 7070 6060 3434 8787 0 2828 2828 8383 5757 3434 
8282 7878 8888 12322 10908 6262 5252 13736 9898 8888 5656 8383 2828 0 4444 7979 8181 3232 
3838 6464 5454 7878 6666 2828 4848 12322 5656 4444 5454 7979 2828 4444 0 7575 6565 2626 
11009 3939 3333 7171 5757 5353 9191 8383 7777 9999 10403 5252 8383 7979 7575 0 14140 4949 
4343 11009 11009 8383 9393 8787 7171 12423 6363 4343 3939 14544 5757 8181 6565 14140 0 9191 
6060 5858 5656 10100 8686 3030 4646 11716 7676 6666 5454 5757 3434 3232 2626 4949 9191 0 
