# rmTSP_20_3_40_euklid_101_100.mat
# n=20
# k=3
# a=40
# d="euklid"
# s=101
20
0 4234 3755 2476 2509 3934 2272 378 3191 2107 903 2938 3431 2657 863 1220 2185 1738 2772 1635 
4234 0 1488 3020 3344 821 2164 4180 1940 4515 4096 3176 1344 2589 3559 4401 3649 3333 1610 4491 
3755 1488 0 1924 2858 1860 1911 3833 2706 3887 3904 2860 1220 2403 3015 3661 3248 2411 1147 4542 
2476 3020 1924 0 1584 2899 1515 2701 3045 2161 3025 3176 1898 2764 2010 1919 1898 1418 1532 3649 
2509 3344 2858 1584 0 2832 1467 2636 2597 1317 2984 4111 2053 3541 2462 1860 544 2517 2085 3085 
3934 821 1860 2899 2832 0 1775 3858 1297 4037 3797 3459 1074 2786 3386 4066 3098 3333 1532 4011 
2272 2164 1911 1515 1467 1775 0 2281 1545 2418 2394 2846 1186 2199 1810 2294 1622 1868 814 2766 
378 4180 3833 2701 2636 3858 2281 0 3020 2323 553 2889 3455 2583 963 1545 2290 1943 2801 1301 
3191 1940 2706 3045 2597 1297 1545 3020 0 3564 2882 3313 1784 2607 2837 3559 2630 3178 1815 2864 
2107 4515 3887 2161 1317 4037 2418 2323 3564 0 2819 4509 3271 4064 2453 1111 1005 2686 3067 2873 
903 4096 3904 3025 2984 3797 2394 553 2882 2819 0 2661 3536 2364 1147 2085 2657 2157 2858 1134 
2938 3176 2860 3176 4111 3459 2846 2889 3313 4509 2661 0 3313 714 2169 3672 4137 2055 2497 3647 
3431 1344 1220 1898 2053 1074 1186 3455 1784 3271 3536 3313 0 2676 2873 3310 2428 2622 875 3891 
2657 2589 2403 2764 3541 2786 2199 2583 2607 4064 2364 714 2676 0 1865 3347 3579 1840 1876 3248 
863 3559 3015 2010 2462 3386 1810 963 2837 2453 1147 2169 2873 1865 0 1568 2305 1015 2104 2121 
1220 4401 3661 1919 1860 4066 2294 1545 3559 1111 2085 3672 3310 3347 1568 0 1597 1846 2823 2519 
2185 3649 3248 1898 544 3098 1622 2290 2630 1005 2657 4137 2428 3579 2305 1597 0 2563 2349 2645 
1738 3333 2411 1418 2517 3333 1868 1943 3178 2686 2157 2055 2622 1840 1015 1846 2563 0 1832 3113 
2772 1610 1147 1532 2085 1532 814 2801 1815 3067 2858 2497 875 1876 2104 2823 2349 1832 0 3409 
1635 4491 4542 3649 3085 4011 2766 1301 2864 2873 1134 3647 3891 3248 2121 2519 2645 3113 3409 0 
