# rmTSP_19_3_80_maximum_1_100.mat
# n=19
# k=3
# a=80
# d="maximum"
# s=1
19
0 73 49 30 48 18 46 41 45 38 47 56 37 36 24 42 53 56 38 
73 0 62 65 68 57 27 32 40 71 60 62 36 64 78 76 65 56 51 
49 62 0 19 15 67 70 38 63 19 18 36 61 37 59 40 33 36 17 
30 65 19 0 18 48 51 33 44 29 30 48 42 47 40 21 45 48 29 
48 68 15 18 0 66 69 37 62 19 33 51 60 37 58 39 48 51 32 
18 57 67 48 66 0 49 39 54 56 65 67 21 54 33 51 70 40 56 
46 27 70 51 69 49 0 32 13 59 68 70 30 60 51 49 73 52 59 
41 32 38 33 37 39 32 0 25 39 36 38 23 50 46 44 41 42 27 
45 40 63 44 62 54 13 25 0 52 61 63 35 65 38 36 66 57 52 
38 71 19 29 19 56 59 39 52 0 36 54 50 30 48 44 51 54 35 
47 60 18 30 33 65 68 36 61 36 0 18 59 25 57 41 15 29 15 
56 62 36 48 51 67 70 38 63 54 18 0 61 33 61 59 14 31 19 
37 36 61 42 60 21 30 23 35 50 59 61 0 48 42 40 64 30 50 
36 64 37 47 37 54 60 50 65 30 25 33 48 0 46 62 21 24 40 
24 78 59 40 58 33 51 46 38 48 57 61 42 46 0 19 62 61 48 
42 76 40 21 39 51 49 44 36 44 41 59 40 62 19 0 56 59 40 
53 65 33 45 48 70 73 41 66 51 15 14 64 21 62 56 0 34 21 
56 56 36 48 51 40 52 42 57 54 29 31 30 24 61 59 34 0 32 
38 51 17 29 32 56 59 27 52 35 15 19 50 40 48 40 21 32 0 
