# rmTSP_15_3_80_euklid_101_100.mat
# n=15
# k=3
# a=80
# d="euklid"
# s=101
15
0 2290 4709 6494 5135 2894 6756 5055 6135 1474 5617 953 7533 3793 8365 
2290 0 4867 6887 4832 4250 5146 5595 7051 1860 4565 3163 8566 4244 7135 
4709 4867 0 7978 8732 4990 6532 8500 3927 4126 6728 5292 8040 1020 7307 
6494 6887 7978 0 4868 4061 6231 3468 6173 5581 4076 6791 3144 7254 6254 
5135 4832 8732 4868 0 5016 6187 2194 8986 4752 4078 5422 7578 7910 7719 
2894 4250 4990 4061 5016 0 6479 3904 4334 2441 4823 3073 4639 4026 7376 
6756 5146 6532 6231 6187 6479 0 7019 7589 5363 2447 7655 8400 6399 2351 
5055 5595 8500 3468 2194 3904 7019 0 7883 4748 4635 5124 5754 7586 8091 
6135 7051 3927 6173 8986 4334 7589 7883 0 5440 6989 6430 4895 3661 7448 
1474 1860 4126 5581 4752 2441 5363 4748 5440 0 4295 2343 6849 3259 6895 
5617 4565 6728 4076 4078 4823 2447 4635 6989 4295 0 6370 6661 6240 3665 
953 3163 5292 6791 5422 3073 7655 5124 6430 2343 6370 0 7624 4345 9213 
7533 8566 8040 3144 7578 4639 8400 5754 4895 6849 6661 7624 0 7379 7996 
3793 4244 1020 7254 7910 4026 6399 7586 3661 3259 6240 4345 7379 0 7299 
8365 7135 7307 6254 7719 7376 2351 8091 7448 6895 3665 9213 7996 7299 0 
