# rmTSP_13_3_20_maximum_1_100.mat
# n=13
# k=3
# a=20
# d="maximum"
# s=1
13
0 11 11 9 9 9 10 8 10 11 10 9 11 
11 0 17 14 15 15 13 14 2 2 8 6 9 
11 17 0 17 11 5 13 19 18 17 13 13 14 
9 14 17 0 15 15 13 3 13 14 13 12 14 
9 15 11 15 0 8 10 17 16 15 7 11 6 
9 15 5 15 8 0 8 17 16 15 8 11 11 
10 13 13 13 10 8 0 14 13 12 5 8 13 
8 14 19 3 17 17 14 0 13 14 13 12 14 
10 2 18 13 16 16 13 13 0 1 9 5 10 
11 2 17 14 15 15 12 14 1 0 8 4 9 
10 8 13 13 7 8 5 13 9 8 0 4 8 
9 6 13 12 11 11 8 12 5 4 4 0 6 
11 9 14 14 6 11 13 14 10 9 8 6 0 
