# rmTSP_16_8_40_maximum_1_100.mat
# n=16
# k=8
# a=40
# d="maximum"
# s=1
16
0 31 27 29 32 34 21 28 39 39 28 23 32 28 31 37 
31 0 27 27 20 31 31 24 36 36 38 20 31 27 33 33 
27 27 0 31 18 21 29 34 19 30 35 25 28 20 26 35 
29 27 31 0 29 34 32 39 39 39 19 30 20 22 37 18 
32 20 18 29 0 26 35 36 24 25 24 27 20 21 31 24 
34 31 21 34 26 0 26 32 9 22 34 17 20 23 14 31 
21 31 29 32 35 26 0 26 31 31 26 28 26 27 35 37 
28 24 34 39 36 32 26 0 37 37 36 19 31 27 32 30 
39 36 19 39 24 9 31 37 0 31 39 18 29 26 11 29 
39 36 30 39 25 22 31 37 31 0 39 23 25 26 36 21 
28 38 35 19 24 34 26 36 39 39 0 27 15 37 28 21 
23 20 25 30 27 17 28 19 18 23 27 0 24 15 22 34 
32 31 28 20 20 20 26 31 29 25 15 24 0 29 34 25 
28 27 20 22 21 23 27 27 26 26 37 15 29 0 26 27 
31 33 26 37 31 14 35 32 11 36 28 22 34 26 0 36 
37 33 35 18 24 31 37 30 29 21 21 34 25 27 36 0 
