# rmTSP_14_3_10_euklid_101_100.mat
# n=14
# k=3
# a=10
# d="euklid"
# s=101
14
0 953 845 795 1129 721 226 1111 795 1186 1074 892 869 678 
953 0 440 909 378 869 821 714 1083 614 857 226 909 286 
845 440 0 742 505 735 735 735 833 378 440 515 589 335 
795 909 742 0 776 101 598 505 247 833 974 756 350 735 
1129 378 505 776 0 769 947 429 974 440 869 335 776 515 
721 869 735 101 769 0 515 515 303 863 1000 707 416 685 
226 821 735 598 947 515 0 892 647 1045 1020 721 721 553 
1111 714 735 505 429 515 892 0 735 678 1059 544 647 714 
795 1083 833 247 974 303 647 735 0 937 963 958 319 875 
1186 614 378 833 440 863 1045 678 937 0 505 670 639 647 
1074 857 440 974 869 1000 1020 1059 963 505 0 953 678 756 
892 226 515 756 335 707 721 544 958 670 953 0 833 303 
869 909 589 350 776 416 721 647 319 639 678 833 0 735 
678 286 335 735 515 685 553 714 875 647 756 303 735 0 
