# rmTSP_13_8_40_manhattan_101_100.mat
# n=13
# k=8
# a=40
# d="manhattan"
# s=101
13
0 10504 11110 13635 8181 9090 9696 6666 8989 4545 7777 8888 6767 
10504 0 6868 9797 7979 7878 7676 13332 7373 14039 8383 10504 11413 
11110 6868 0 9797 8181 8282 7070 15756 8383 13231 10807 5050 8787 
13635 9797 9797 0 7878 7979 8787 10807 8080 15958 11514 10403 11514 
8181 7979 8181 7878 0 3131 9191 11211 6262 9494 12726 6363 7272 
9090 7878 8282 7979 3131 0 10504 12322 7777 10807 13837 7878 8989 
9696 7676 7070 8787 9191 10504 0 9494 10807 11211 6161 8080 9191 
6666 13332 15756 10807 11211 12322 9494 0 13029 7979 6363 12928 10605 
8989 7373 8383 8080 6262 7777 10807 13029 0 11918 10302 8585 8080 
4545 14039 13231 15958 9494 10807 11211 7979 11918 0 10504 9999 8080 
7777 8383 10807 11514 12726 13837 6161 6363 10302 10504 0 12827 11312 
8888 10504 5050 10403 6363 7878 8080 12928 8585 9999 12827 0 5959 
6767 11413 8787 11514 7272 8989 9191 10605 8080 8080 11312 5959 0 
