# rmTSP_11_8_80_manhattan_101_100.mat
# n=11
# k=8
# a=80
# d="manhattan"
# s=101
11
0 18180 19998 13130 25351 19291 16564 15655 22523 11009 21715 
18180 0 21614 18988 26765 31411 21008 22523 28785 19897 17271 
19998 21614 0 17574 17069 28179 19190 15453 21917 20099 21513 
13130 18988 17574 0 25553 22321 19594 12423 25351 12221 16463 
25351 26765 17069 25553 0 28078 16867 26058 18180 27068 19998 
19291 31411 28179 22321 28078 0 20705 23028 31916 13332 35350 
16564 21008 19190 19594 16867 20705 0 12827 16665 12423 23129 
15655 22523 15453 12423 26058 23028 12827 0 21008 13938 19796 
22523 28785 21917 25351 18180 31916 16665 21008 0 25856 22624 
11009 19897 20099 12221 27068 13332 12423 13938 25856 0 25250 
21715 17271 21513 16463 19998 35350 23129 19796 22624 25250 0 
