# rmTSP_17_2_80_maximum_101_100.mat
# n=17
# k=2
# a=80
# d="maximum"
# s=101
17
0 6262 6060 5858 3232 2222 2323 5151 6060 7272 1717 5454 5959 3030 6161 3232 1111 
6262 0 1515 2020 4040 6060 5858 1111 606 1010 6262 5151 5656 3232 2929 4747 5151 
6060 1515 0 3535 5555 5858 5656 2626 2121 1818 6060 4949 5454 3030 4444 6262 4949 
5858 2020 3535 0 2626 5656 5454 909 1414 1717 5858 4747 5252 2828 909 2727 4747 
3232 4040 5555 2626 0 3434 3535 2929 3434 4040 3232 6666 7171 2828 2929 707 2121 
2222 6060 5858 5656 3434 0 202 4949 5858 7070 3939 3232 3737 2828 5959 4141 2727 
2323 5858 5656 5454 3535 202 0 4747 5656 6868 4040 3131 3636 2626 5757 4242 2828 
5151 1111 2626 909 2929 4949 4747 0 909 2121 5151 4040 4545 2121 1818 3636 4040 
6060 606 2121 1414 3434 5858 5656 909 0 1212 6060 4949 5454 3030 2323 4141 4949 
7272 1010 1818 1717 4040 7070 6868 2121 1212 0 7272 6161 6666 4242 2626 4444 6161 
1717 6262 6060 5858 3232 3939 4040 5151 6060 7272 0 7171 7676 3333 6161 3232 1212 
5454 5151 4949 4747 6666 3232 3131 4040 4949 6161 7171 0 505 3838 5555 7373 5959 
5959 5656 5454 5252 7171 3737 3636 4545 5454 6666 7676 505 0 4343 6060 7878 6464 
3030 3232 3030 2828 2828 2828 2626 2121 3030 4242 3333 3838 4343 0 3131 3535 2121 
6161 2929 4444 909 2929 5959 5757 1818 2323 2626 6161 5555 6060 3131 0 2929 5050 
3232 4747 6262 2727 707 4141 4242 3636 4141 4444 3232 7373 7878 3535 2929 0 2121 
1111 5151 4949 4747 2121 2727 2828 4040 4949 6161 1212 5959 6464 2121 5050 2121 0 
