# rmTSP_20_2_80_euklid_1_100.mat
# n=20
# k=2
# a=80
# d="euklid"
# s=1
20
0 47 62 31 76 7 48 53 61 34 27 38 7 40 60 55 27 40 16 35 
47 0 33 18 36 48 21 46 68 23 67 39 40 32 41 68 59 70 31 12 
62 33 0 45 18 59 15 25 47 28 70 30 56 64 13 52 59 66 51 36 
31 18 45 0 53 34 31 50 68 23 54 38 24 20 50 66 49 62 15 9 
76 36 18 53 0 74 28 43 65 42 87 48 69 68 31 70 77 84 62 45 
7 48 59 34 74 0 46 48 55 32 21 33 11 46 56 48 20 33 19 36 
48 21 15 31 28 46 0 25 48 14 59 23 42 50 20 50 49 58 36 22 
53 46 25 50 43 48 25 0 23 27 52 15 50 70 13 28 41 44 48 42 
61 68 47 68 65 55 48 23 0 46 49 30 61 88 34 10 39 35 62 62 
34 23 28 23 42 32 14 27 46 0 47 17 28 43 28 46 38 48 23 16 
27 67 70 54 87 21 59 52 49 47 0 40 32 67 63 40 11 17 40 55 
38 39 30 38 48 33 23 15 30 17 40 0 35 58 23 29 29 36 34 32 
7 40 56 24 69 11 42 50 61 28 32 35 0 35 55 55 30 43 9 28 
40 32 64 20 68 46 50 70 88 43 67 58 35 0 69 85 64 77 28 28 
60 41 13 50 31 56 20 13 34 28 63 23 55 69 0 40 52 56 51 41 
55 68 52 66 70 48 50 28 10 46 40 29 55 85 40 0 31 25 58 61 
27 59 59 49 77 20 49 41 39 38 11 29 30 64 52 31 0 13 36 48 
40 70 66 62 84 33 58 44 35 48 17 36 43 77 56 25 13 0 49 60 
16 31 51 15 62 19 36 48 62 23 40 34 9 28 51 58 36 49 0 19 
35 12 36 9 45 36 22 42 62 16 55 32 28 28 41 61 48 60 19 0 
