# rmTSP_19_4_80_euklid_1_100.mat
# n=19
# k=4
# a=80
# d="euklid"
# s=1
19
0 43 49 72 48 73 62 51 15 60 49 43 75 78 52 93 69 62 71 
43 0 62 66 55 82 79 81 40 84 66 22 93 64 49 102 89 80 71 
49 62 0 71 40 40 41 52 41 36 65 48 57 43 44 50 39 22 33 
72 66 71 0 85 105 107 62 77 65 50 66 53 70 42 101 66 91 92 
48 55 40 85 0 37 33 66 37 62 63 35 87 60 45 60 66 48 37 
73 82 40 105 37 0 19 80 61 64 90 64 91 59 69 37 65 30 21 
62 79 41 107 33 19 0 74 50 63 85 63 92 70 70 52 67 31 34 
51 81 52 62 66 80 74 0 58 27 34 73 40 84 52 79 35 62 79 
15 40 41 77 37 61 50 58 0 61 57 35 80 69 51 84 69 54 59 
60 84 36 65 62 64 63 27 61 0 53 71 31 67 50 57 10 43 62 
49 66 65 50 63 90 85 34 57 53 0 60 61 86 39 93 60 81 86 
43 22 48 66 35 64 63 73 35 71 60 0 86 50 35 82 76 65 52 
75 93 57 53 87 91 92 40 80 31 61 86 0 76 61 80 29 68 85 
78 64 43 70 60 59 70 84 69 67 86 50 76 0 49 60 65 56 39 
52 49 44 42 45 69 70 52 51 50 39 35 61 49 0 71 53 64 57 
93 102 50 101 60 37 52 79 84 57 93 82 80 60 71 0 53 42 38 
69 89 39 66 66 65 67 35 69 10 60 76 29 65 53 53 0 44 62 
62 80 22 91 48 30 31 62 54 43 81 65 68 56 64 42 44 0 33 
71 71 33 92 37 21 34 79 59 62 86 52 85 39 57 38 62 33 0 
