# rmTSP_13_8_40_maximum_1_100.mat
# n=13
# k=8
# a=40
# d="maximum"
# s=1
13
0 18 30 22 27 24 29 20 22 26 19 21 28 
18 0 31 32 30 25 24 15 24 31 30 16 37 
30 31 0 31 29 26 29 34 28 29 26 34 29 
22 32 31 0 27 35 23 31 30 38 34 32 27 
27 30 29 27 0 30 30 30 35 24 29 30 29 
24 25 26 35 30 0 35 26 28 19 33 31 30 
29 24 29 23 30 35 0 28 24 38 12 24 26 
20 15 34 31 30 26 28 0 27 30 29 13 36 
22 24 28 30 35 28 24 27 0 29 28 27 35 
26 31 29 38 24 19 38 30 29 0 36 34 27 
19 30 26 34 29 33 12 29 28 36 0 30 21 
21 16 34 32 30 31 24 13 27 34 30 0 37 
28 37 29 27 29 30 26 36 35 27 21 37 0 
