# rmTSP_17_2_40_manhattan_101_100.mat
# n=17
# k=2
# a=40
# d="manhattan"
# s=101
17
0 2929 3636 1919 1616 2828 2121 1515 707 2121 202 2727 1818 3232 2525 4444 1212 
2929 0 3333 1616 4545 4141 5050 3030 2626 3030 3131 2626 2525 3737 2424 1515 3131 
3636 3333 0 1717 2626 2222 3131 2121 2929 1515 3434 909 1818 1818 1111 3434 4848 
1919 1616 1717 0 3131 2727 3636 1616 1212 1616 1717 1212 1111 2323 1010 2929 3131 
1616 4545 2626 3131 0 1818 909 1515 1919 1515 1414 1919 2020 2222 2121 6060 2222 
2828 4141 2222 2727 1818 0 909 1313 2121 1111 2626 1515 1616 404 1717 5656 4040 
2121 5050 3131 3636 909 909 0 2020 2424 2020 1919 2424 2525 1313 2626 6565 3131 
1515 3030 2121 1616 1515 1313 2020 0 808 606 1313 1212 505 1717 1010 4545 2727 
707 2626 2929 1212 1919 2121 2424 808 0 1414 505 2020 1111 2525 1818 4141 1919 
2121 3030 1515 1616 1515 1111 2020 606 1414 0 1919 606 505 1111 606 4545 3333 
202 3131 3434 1717 1414 2626 1919 1313 505 1919 0 2525 1616 3030 2323 4646 1414 
2727 2626 909 1212 1919 1515 2424 1212 2020 606 2525 0 909 1111 202 4141 3939 
1818 2525 1818 1111 2020 1616 2525 505 1111 505 1616 909 0 1414 707 4040 3030 
3232 3737 1818 2323 2222 404 1313 1717 2525 1111 3030 1111 1414 0 1313 5252 4444 
2525 2424 1111 1010 2121 1717 2626 1010 1818 606 2323 202 707 1313 0 3939 3737 
4444 1515 3434 2929 6060 5656 6565 4545 4141 4545 4646 4141 4040 5252 3939 0 4646 
1212 3131 4848 3131 2222 4040 3131 2727 1919 3333 1414 3939 3030 4444 3737 4646 0 
