# rmTSP_14_4_20_euklid_101_100.mat
# n=14
# k=4
# a=20
# d="euklid"
# s=101
14
0 2082 2025 623 2243 1195 1005 1900 1723 1328 833 1396 2067 1407 
2082 0 1336 2468 1571 1956 2515 1403 1348 1385 1987 2254 685 2593 
2025 1336 0 2382 1005 1220 2033 655 1568 1945 1435 1600 1568 2010 
623 2468 2382 0 2401 1348 776 2377 1770 1555 1237 1359 2301 1160 
2243 1571 1005 2401 0 1366 2055 1439 1088 1790 1826 1732 1355 1956 
1195 1956 1220 1348 1366 0 839 1377 1403 1687 670 678 1908 892 
1005 2515 2033 776 2055 839 0 2145 1732 1884 1015 742 2369 463 
1900 1403 655 2377 1439 1377 2145 0 1865 1876 1286 1892 1764 2254 
1723 1348 1568 1770 1088 1403 1732 1865 0 1059 1752 1597 833 1717 
1328 1385 1945 1555 1790 1687 1884 1876 1059 0 1625 2055 1116 2116 
833 1987 1435 1237 1826 670 1015 1286 1752 1625 0 1129 2082 1301 
1396 2254 1600 1359 1732 678 742 1892 1597 2055 1129 0 2171 525 
2067 685 1568 2301 1355 1908 2369 1764 833 1116 2082 2171 0 2409 
1407 2593 2010 1160 1956 892 463 2254 1717 2116 1301 525 2409 0 
