# rmTSP_12_3_10_manhattan_1_100.mat
# n=12
# k=3
# a=10
# d="manhattan"
# s=1
12
0 16 15 12 6 19 8 16 6 6 6 7 
16 0 15 12 10 15 16 18 10 18 10 9 
15 15 0 23 15 8 13 15 9 9 11 10 
12 12 23 0 8 15 12 8 16 14 12 15 
6 10 15 8 0 17 10 14 8 8 4 7 
19 15 8 15 17 0 11 7 15 13 13 16 
8 16 13 12 10 11 0 8 14 4 10 15 
16 18 15 8 14 7 8 0 18 10 14 19 
6 10 9 16 8 15 14 18 0 10 4 1 
6 18 9 14 8 13 4 10 10 0 8 11 
6 10 11 12 4 13 10 14 4 8 0 5 
7 9 10 15 7 16 15 19 1 11 5 0 
