# rmTSP_18_4_80_euklid_101_100.mat
# n=18
# k=4
# a=80
# d="euklid"
# s=101
18
0 7100 6398 5234 5152 6629 9159 4648 4280 6520 5820 4702 4369 5876 6726 7457 8439 4577 
7100 0 10294 4238 9154 8813 2358 2733 7551 2173 5475 4099 4612 9732 7094 4881 4875 4402 
6398 10294 0 7273 1328 3444 12440 8775 6635 8502 7326 8713 10045 3825 4402 8089 8744 8156 
5234 4238 7273 0 6189 7175 6456 3973 7257 3585 6088 4917 5392 6364 4863 3449 4383 3068 
5152 9154 1328 6189 0 3254 11341 7516 5701 7466 6332 7574 8756 3290 3978 7338 7921 7043 
6629 8813 3444 7175 3254 0 10649 7484 4873 6815 4869 7359 9271 5868 3459 7395 7683 7796 
9159 2358 12440 6456 11341 10649 0 4689 9117 4012 7046 5433 5967 12069 8951 6316 6501 6159 
4648 2733 8775 3973 7516 7484 4689 0 5362 2950 4012 2844 2812 8127 6607 5721 5715 3730 
4280 7551 6635 7257 5701 4873 9117 5362 0 6405 3953 4599 6041 7815 6373 8093 9051 6328 
6520 2173 8502 3585 7466 6815 4012 2950 6405 0 4173 3846 5392 8442 5044 3722 3980 4170 
5820 5475 7326 6088 6332 4869 7046 4012 3953 4173 0 5045 6290 7516 5593 7098 5953 6535 
4702 4099 8713 4917 7574 7359 5433 2844 4599 3846 5045 0 3087 9126 6450 5306 7539 2837 
4369 4612 10045 5392 8756 9271 5967 2812 6041 5392 6290 3087 0 9354 8518 7177 8248 3799 
5876 9732 3825 6364 3290 5868 12069 8127 7815 8442 7516 9126 9354 0 6014 8601 7650 8132 
6726 7094 4402 4863 3978 3459 8951 6607 6373 5044 5593 6450 8518 6014 0 4287 5696 5909 
7457 4881 8089 3449 7338 7395 6316 5721 8093 3722 7098 5306 7177 8601 4287 0 5351 3861 
8439 4875 8744 4383 7921 7683 6501 5715 9051 3980 5953 7539 8248 7650 5696 5351 0 6923 
4577 4402 8156 3068 7043 7796 6159 3730 6328 4170 6535 2837 3799 8132 5909 3861 6923 0 
