# rmTSP_13_6_80_maximum_101_100.mat
# n=13
# k=6
# a=80
# d="maximum"
# s=101
13
0 5151 6868 4444 3434 4141 3636 7777 7676 3636 2424 3737 3939 
5151 0 4848 2424 6565 2727 4444 5757 7272 6666 3232 5252 6969 
6868 4848 0 3838 5959 5151 7171 6363 7070 5959 5757 5252 5555 
4444 2424 3838 0 5858 2020 6767 5959 6666 5858 2828 4545 6161 
3434 6565 5959 5858 0 3838 5959 7070 7070 6464 3838 5050 6767 
4141 2727 5151 2020 3838 0 6666 6060 6565 5656 2727 4242 5959 
3636 4444 7171 6767 5959 6666 0 4949 7474 6868 3939 5454 7171 
7777 5757 6363 5959 7070 6060 4949 0 5757 6868 6666 5757 5959 
7676 7272 7070 6666 7070 6565 7474 5757 0 6767 6565 5050 5656 
3636 6666 5959 5858 6464 5656 6868 6868 6767 0 5353 6666 3434 
2424 3232 5757 2828 3838 2727 3939 6666 6565 5353 0 4747 5656 
3737 5252 5252 4545 5050 4242 5454 5757 5050 6666 4747 0 6161 
3939 6969 5555 6161 6767 5959 7171 5959 5656 3434 5656 6161 0 
