# rmTSP_15_2_20_euklid_101_100.mat
# n=15
# k=2
# a=20
# d="euklid"
# s=101
15
0 1317 1568 1446 735 515 1152 1111 1538 1359 319 1597 1657 931 1428 
1317 0 1074 1054 1313 1229 404 1182 869 226 1578 1010 614 1328 1491 
1568 1074 0 2080 1010 1129 1403 571 226 857 1887 101 639 857 614 
1446 1054 2080 0 1906 1717 678 2000 1898 1278 1515 2033 1666 2020 2358 
735 1313 1010 1906 0 226 1374 452 1074 1229 1015 1074 1355 202 707 
515 1229 1129 1717 226 0 1229 614 1152 1182 808 1178 1374 416 915 
1152 404 1403 678 1374 1229 0 1374 1220 614 1355 1355 1015 1446 1720 
1111 1182 571 2000 452 614 1374 0 678 1030 1418 647 1030 286 364 
1538 869 226 1898 1074 1152 1220 678 0 647 1857 143 416 953 808 
1359 226 857 1278 1229 1182 614 1030 647 0 1644 789 404 1212 1313 
319 1578 1887 1515 1015 808 1355 1418 1857 1644 0 1916 1961 1216 1720 
1597 1010 101 2033 1074 1178 1355 647 143 789 1916 0 544 931 714 
1657 614 639 1666 1355 1374 1015 1030 416 404 1961 544 0 1278 1216 
931 1328 857 2020 202 416 1446 286 953 1212 1216 931 1278 0 505 
1428 1491 614 2358 707 915 1720 364 808 1313 1720 714 1216 505 0 
