# rmTSP_12_6_20_euklid_101_100.mat
# n=12
# k=6
# a=20
# d="euklid"
# s=101
12
0 1860 1363 1088 2714 2297 2403 1074 2204 1890 2263 1798 
1860 0 984 2354 2585 2281 2585 1635 2912 1793 2305 2495 
1363 984 0 1666 2263 1881 2245 1282 2428 1597 1744 1723 
1088 2354 1666 0 2351 1711 1778 1111 2099 1678 1738 1410 
2714 2585 2263 2351 0 1359 1552 2616 1979 1818 1989 2067 
2297 2281 1881 1711 1359 0 1403 1732 2573 1351 1746 2045 
2403 2585 2245 1778 1552 1403 0 2173 2330 1143 1749 2097 
1074 1635 1282 1111 2616 1732 2173 0 2708 1581 2023 2025 
2204 2912 2428 2099 1979 2573 2330 2708 0 2672 1995 1321 
1890 1793 1597 1678 1818 1351 1143 1581 2672 0 2094 2319 
2263 2305 1744 1738 1989 1746 1749 2023 1995 2094 0 1074 
1798 2495 1723 1410 2067 2045 2097 2025 1321 2319 1074 0 
