# rmTSP_12_4_40_euklid_1_100.mat
# n=12
# k=4
# a=40
# d="euklid"
# s=1
12
0 29 38 45 41 37 30 56 35 41 43 58 
29 0 36 22 31 44 21 43 25 40 23 42 
38 36 0 38 37 14 25 31 32 12 32 34 
45 22 38 0 28 45 19 28 36 38 12 25 
41 31 37 28 0 39 25 29 24 31 35 40 
37 44 14 45 39 0 29 36 39 11 41 41 
30 21 25 19 25 29 0 28 31 24 18 29 
56 43 31 28 29 36 28 0 41 26 29 16 
35 25 32 36 24 39 31 41 0 34 38 48 
41 40 12 38 31 11 24 26 34 0 35 33 
43 23 32 12 35 41 18 29 38 35 0 22 
58 42 34 25 40 41 29 16 48 33 22 0 
