# rmTSP_15_8_40_maximum_1_100.mat
# n=15
# k=8
# a=40
# d="maximum"
# s=1
15
0 37 37 35 29 37 30 27 35 36 33 29 25 20 26 
37 0 17 32 28 30 36 29 31 25 30 24 29 31 34 
37 17 0 32 26 30 31 26 35 29 30 24 21 31 21 
35 32 32 0 21 19 30 21 26 23 18 32 22 26 26 
29 28 26 21 0 26 37 28 36 25 26 31 30 30 16 
37 30 30 19 26 0 30 30 31 28 29 33 23 31 24 
30 36 31 30 37 30 0 35 22 25 31 38 23 24 35 
27 29 26 21 28 30 35 0 21 25 32 24 28 26 25 
35 31 35 26 36 31 22 21 0 27 30 29 24 29 23 
36 25 29 23 25 28 25 25 27 0 23 24 18 30 30 
33 30 30 18 26 29 31 32 30 23 0 35 15 16 24 
29 24 24 32 31 33 38 24 29 24 35 0 31 29 28 
25 29 21 22 30 23 23 28 24 18 15 31 0 19 28 
20 31 31 26 30 31 24 26 29 30 16 29 19 0 26 
26 34 21 26 16 24 35 25 23 30 24 28 28 26 0 
