# rmTSP_15_6_10_euklid_101_100.mat
# n=15
# k=6
# a=10
# d="euklid"
# s=101
15
0 1241 833 1225 1616 1106 1182 839 707 880 839 1325 1138 869 707 
1241 0 1289 833 692 1120 821 915 821 1336 958 1156 1088 1156 1253 
833 1289 0 1289 1443 1491 1321 1191 1120 990 1274 1178 1410 880 662 
1225 833 1289 0 942 920 869 1186 1169 1289 1237 1102 808 827 1363 
1616 692 1443 942 0 1286 721 1439 1321 1325 1225 903 1174 1212 1453 
1106 1120 1491 920 1286 0 776 942 1208 990 909 1229 1074 1204 1233 
1182 821 1321 869 721 776 0 1195 1010 789 670 662 756 920 1178 
839 915 1191 1186 1439 942 1195 0 857 1249 947 1548 1443 1351 926 
707 821 1120 1169 1321 1208 1010 857 0 1129 623 1233 969 1005 1059 
880 1336 990 1289 1325 990 789 1249 1129 0 763 808 1102 892 789 
839 958 1274 1237 1225 909 670 947 623 763 0 1045 958 1064 990 
1325 1156 1178 1102 903 1229 662 1548 1233 808 1045 0 863 903 1321 
1138 1088 1410 808 1174 1074 756 1443 969 1102 958 863 0 707 1478 
869 1156 880 827 1212 1204 920 1351 1005 892 1064 903 707 0 1025 
707 1253 662 1363 1453 1233 1178 926 1059 789 990 1321 1478 1025 0 
