# rmTSP_12_6_80_euklid_101_100.mat
# n=12
# k=6
# a=80
# d="euklid"
# s=101
12
0 9029 10866 3878 3887 5687 10416 7338 7239 9687 9381 8092 
9029 0 8605 9369 9262 7121 7494 6080 5497 7215 10304 5875 
10866 8605 0 10154 9585 12008 6434 9551 5533 9848 6036 5540 
3878 9369 10154 0 4943 5341 8965 7419 6123 11087 8969 8133 
3887 9262 9585 4943 0 6504 10174 9163 6140 10093 7014 6213 
5687 7121 12008 5341 6504 0 10044 7731 6818 10909 11351 8016 
10416 7494 6434 8965 10174 10044 0 6457 4968 8856 8025 7045 
7338 6080 9551 7419 9163 7731 6457 0 6439 5980 9925 8660 
7239 5497 5533 6123 6140 6818 4968 6439 0 8212 5936 3472 
9687 7215 9848 11087 10093 10909 8856 5980 8212 0 8940 8989 
9381 10304 6036 8969 7014 11351 8025 9925 5936 8940 0 6514 
8092 5875 5540 8133 6213 8016 7045 8660 3472 8989 6514 0 
