# rmTSP_13_6_80_euklid_1_100.mat
# n=13
# k=6
# a=80
# d="euklid"
# s=1
13
0 68 70 38 79 92 82 84 108 73 61 61 85 
68 0 98 76 53 116 67 82 86 78 97 88 75 
70 98 0 102 79 65 84 51 89 50 81 66 106 
38 76 102 0 96 107 100 111 121 93 63 77 93 
79 53 79 96 0 84 46 64 53 47 102 82 55 
92 116 65 107 84 0 88 78 72 43 78 78 101 
82 67 84 100 46 88 0 77 72 57 108 106 74 
84 82 51 111 64 78 77 0 58 45 85 64 87 
108 86 89 121 53 72 72 58 0 46 99 89 81 
73 78 50 93 47 43 57 45 46 0 74 65 76 
61 97 81 63 102 78 108 85 99 74 0 54 104 
61 88 66 77 82 78 106 64 89 65 54 0 84 
85 75 106 93 55 101 74 87 81 76 104 84 0 
