# rmTSP_20_3_80_maximum_1_100.mat
# n=20
# k=3
# a=80
# d="maximum"
# s=1
20
0 55 44 26 53 39 15 60 59 27 8 22 47 63 13 33 26 66 31 29 
55 0 54 69 40 25 63 12 54 29 53 67 40 52 47 57 38 34 26 26 
44 54 0 21 52 40 58 59 60 66 36 34 23 64 31 57 18 67 58 35 
26 69 21 0 67 44 40 74 39 48 18 16 38 43 22 39 31 46 45 43 
53 40 52 67 0 47 61 49 67 66 51 65 29 71 45 57 36 74 58 35 
39 25 40 44 47 0 46 37 29 54 34 42 34 27 40 45 43 27 46 23 
15 63 58 40 61 46 0 68 44 35 22 24 61 53 27 18 40 51 39 37 
60 12 59 74 49 37 68 0 59 33 58 72 52 57 52 62 43 36 29 31 
59 54 60 39 67 29 44 59 0 44 54 37 54 17 60 35 63 23 53 34 
27 29 66 48 66 54 35 33 44 0 30 39 69 61 35 29 48 43 17 31 
8 53 36 18 51 34 22 58 54 30 0 17 39 58 6 28 18 61 29 27 
22 67 34 16 65 42 24 72 37 39 17 0 37 41 23 23 29 44 43 41 
47 40 23 38 29 34 61 52 54 69 39 37 0 58 34 60 21 61 61 38 
63 52 64 43 71 27 53 57 17 61 58 41 58 0 64 52 67 27 57 38 
13 47 31 22 45 40 27 52 60 35 6 23 34 64 0 34 13 67 27 26 
33 57 57 39 57 45 18 62 35 29 28 23 60 52 34 0 39 33 33 31 
26 38 18 31 36 43 40 43 63 48 18 29 21 67 13 39 0 70 40 29 
66 34 67 46 74 27 51 36 23 43 61 44 61 27 67 33 70 0 60 41 
31 26 58 45 58 46 39 29 53 17 29 43 61 57 27 33 40 60 0 23 
29 26 35 43 35 23 37 31 34 31 27 41 38 38 26 31 29 41 23 0 
