# rmTSP_18_6_40_manhattan_1_100.mat
# n=18
# k=6
# a=40
# d="manhattan"
# s=1
18
0 79 55 68 93 59 77 113 52 79 88 47 76 68 88 78 69 61 
79 0 44 111 116 80 110 58 105 62 59 66 93 89 73 39 106 90 
55 44 0 79 106 70 70 74 73 56 43 72 89 71 75 65 88 72 
68 111 79 0 49 73 67 105 20 109 100 93 58 42 62 122 27 81 
93 116 106 49 0 78 94 104 69 106 113 102 55 37 105 135 36 128 
59 80 70 73 78 0 90 74 57 66 93 82 75 63 87 67 50 72 
77 110 70 67 94 90 0 100 61 80 61 120 119 73 111 119 92 70 
113 58 74 105 104 74 100 0 99 82 73 98 87 77 77 51 100 92 
52 105 73 20 69 57 61 99 0 103 94 89 62 48 52 106 45 65 
79 62 56 109 106 66 80 82 103 0 63 112 129 87 115 87 84 70 
88 59 43 100 113 93 61 73 94 63 0 105 114 76 82 74 111 57 
47 66 72 93 102 82 120 98 89 112 105 0 47 89 83 63 86 98 
76 93 89 58 55 75 119 87 62 129 114 47 0 58 58 86 51 109 
68 89 71 42 37 63 73 77 48 87 76 89 58 0 70 108 39 93 
88 73 75 62 105 87 111 77 52 115 82 83 58 70 0 64 85 67 
78 39 65 122 135 67 119 51 106 87 74 63 86 108 64 0 117 77 
69 106 88 27 36 50 92 100 45 84 111 86 51 39 85 117 0 104 
61 90 72 81 128 72 70 92 65 70 57 98 109 93 67 77 104 0 
