# rmTSP_19_3_80_euklid_1_100.mat
# n=19
# k=3
# a=80
# d="euklid"
# s=1
19
0 58 46 72 51 66 60 73 67 52 56 98 76 57 39 57 36 72 78 
58 0 79 74 58 23 58 101 101 55 57 84 69 88 46 39 56 39 56 
46 79 0 70 78 78 57 43 44 36 36 78 52 57 78 54 37 78 75 
72 74 70 0 47 58 20 52 53 51 68 49 55 38 68 73 83 46 34 
51 58 78 47 0 56 46 80 74 66 79 88 83 47 27 76 77 56 60 
66 23 78 58 56 0 42 90 93 46 53 63 55 80 55 39 64 16 35 
60 58 57 20 46 42 0 52 55 32 50 44 41 44 60 53 66 32 24 
73 101 43 52 80 90 52 0 15 51 63 64 56 40 94 81 77 82 70 
67 101 44 53 74 93 55 15 0 57 68 76 66 31 88 85 77 86 76 
52 55 36 51 66 46 32 51 57 0 18 50 24 60 69 30 41 44 43 
56 57 36 68 79 53 50 63 68 18 0 61 30 74 77 22 32 55 57 
98 84 78 49 88 63 44 64 76 50 61 0 32 78 102 67 90 50 33 
76 69 52 55 83 55 41 56 66 24 30 32 0 73 89 41 61 48 40 
57 88 57 38 47 80 44 40 31 60 74 78 73 0 66 84 78 74 67 
39 46 78 68 27 55 60 94 88 69 77 102 89 66 0 69 65 62 72 
57 39 54 73 76 39 53 81 85 30 22 67 41 84 69 0 34 46 55 
36 56 37 83 77 64 66 77 77 41 32 90 61 78 65 34 0 71 78 
72 39 78 46 56 16 32 82 86 44 55 50 48 74 62 46 71 0 19 
78 56 75 34 60 35 24 70 76 43 57 33 40 67 72 55 78 19 0 
