# rmTSP_15_6_20_euklid_101_100.mat
# n=15
# k=6
# a=20
# d="euklid"
# s=101
15
0 2455 1916 2649 1484 1924 1439 1969 1381 2371 1610 2334 1987 1199 1313 
2455 0 1542 2283 1305 700 2180 2545 1906 2441 1607 2589 1884 2208 2143 
1916 1542 0 1984 1143 1396 1305 1851 1843 2340 1478 1738 1903 1945 1717 
2649 2283 1984 0 2579 2265 2804 2587 2154 1914 2364 2668 2121 2517 2336 
1484 1305 1143 2579 0 942 1174 1840 1495 2422 1270 1857 1687 1752 1657 
1924 700 1396 2265 942 0 1846 2126 1558 2109 963 2396 1647 1761 1824 
1439 2180 1305 2804 1174 1846 0 1625 2213 2453 1699 2007 1795 1732 1948 
1969 2545 1851 2587 1840 2126 1625 0 2492 1587 1835 1565 1321 2553 2790 
1381 1906 1843 2154 1495 1558 2213 2492 0 2575 1723 2292 2213 1726 1106 
2371 2441 2340 1914 2422 2109 2453 1587 2575 0 1887 2701 1143 2416 2885 
1610 1607 1478 2364 1270 963 1699 1835 1723 1887 0 2499 1804 1418 1758 
2334 2589 1738 2668 1857 2396 2007 1565 2292 2701 2499 0 2126 3102 2749 
1987 1884 1903 2121 1687 1647 1795 1321 2213 1143 1804 2126 0 2236 2575 
1199 2208 1945 2517 1752 1761 1732 2553 1726 2416 1418 3102 2236 0 1106 
1313 2143 1717 2336 1657 1824 1948 2790 1106 2885 1758 2749 2575 1106 0 
