# rmTSP_13_8_40_euklid_1_100.mat
# n=13
# k=8
# a=40
# d="euklid"
# s=1
13
0 57 49 59 53 60 40 46 58 73 48 38 53 
57 0 48 30 39 49 56 45 26 42 49 43 48 
49 48 0 54 52 29 27 51 52 40 49 37 55 
59 30 54 0 48 49 52 43 13 40 39 41 40 
53 39 52 48 0 61 61 41 51 60 43 32 42 
60 49 29 49 61 0 34 51 47 38 55 50 65 
40 56 27 52 61 34 0 51 51 49 46 36 59 
46 45 51 43 41 51 51 0 47 58 34 37 45 
58 26 52 13 51 47 51 47 0 43 48 46 48 
73 42 40 40 60 38 49 58 43 0 47 48 52 
48 49 49 39 43 55 46 34 48 47 0 23 28 
38 43 37 41 32 50 36 37 46 48 23 0 34 
53 48 55 40 42 65 59 45 48 52 28 34 0 
