# rmTSP_19_6_20_euklid_101_100.mat
# n=19
# k=6
# a=20
# d="euklid"
# s=101
19
0 2065 2206 1446 1501 1660 1532 2187 963 1900 1862 1711 979 1481 1684 2173 1195 1568 1653 
2065 0 1956 1613 2472 2080 2885 2375 2145 1984 2185 1174 2665 2497 2579 2533 2539 1174 2583 
2206 1956 0 2312 2281 1741 2053 1927 1943 1439 1561 1641 2062 2000 1453 2531 2238 2090 2323 
1446 1613 2312 0 1795 1182 2206 1478 1911 2349 2447 1678 1887 2338 2131 1571 1804 782 1997 
1501 2472 2281 1795 0 2023 1669 1969 2005 1977 2659 2040 1374 1708 2107 1152 1403 2249 2451 
1660 2080 1741 1182 2023 0 1916 1165 1770 2119 2075 1997 1552 2345 1212 1881 1824 1216 1900 
1532 2885 2053 2206 1669 1916 0 1821 1587 2416 2133 2028 1160 1102 1653 2238 1392 2501 1301 
2187 2375 1927 1478 1969 1165 1821 0 2377 2593 2565 1989 2033 2351 1956 1471 1977 1857 1945 
963 2145 1943 1911 2005 1770 1587 2377 0 2058 1860 1610 1336 1270 1460 2668 1919 1801 1474 
1900 1984 1439 2349 1977 2119 2416 2593 2058 0 1505 2087 1840 2270 1755 2521 1851 2131 2917 
1862 2185 1561 2447 2659 2075 2133 2565 1860 1505 0 2028 1932 2173 1720 3144 1812 2116 2190 
1711 1174 1641 1678 2040 1997 2028 1989 1610 2087 2028 0 2229 1498 2279 2321 2178 1591 1752 
979 2665 2062 1887 1374 1552 1160 2033 1336 1840 1932 2229 0 1613 1160 2067 1020 2092 1890 
1481 2497 2000 2338 1708 2345 1102 2351 1270 2270 2173 1498 1613 0 2038 2511 1854 2490 1522 
1684 2579 1453 2131 2107 1212 1653 1956 1460 1755 1720 2279 1160 2038 0 2484 1846 2033 2055 
2173 2533 2531 1571 1152 1881 2238 1471 2668 2521 3144 2321 2067 2511 2484 0 1940 2180 2760 
1195 2539 2238 1804 1403 1824 1392 1977 1919 1851 1812 2178 1020 1854 1846 1940 0 2097 2035 
1568 1174 2090 782 2249 1216 2501 1857 1801 2131 2116 1591 2092 2490 2033 2180 2097 0 2126 
1653 2583 2323 1997 2451 1900 1301 1945 1474 2917 2190 1752 1890 1522 2055 2760 2035 2126 0 
