# rmTSP_11_3_80_manhattan_101_100.mat
# n=11
# k=3
# a=80
# d="manhattan"
# s=101
11
0 7575 3838 12322 9797 4747 11716 11817 3333 9898 6767 
7575 0 6767 10201 14140 7272 14645 4242 9696 12827 12524 
3838 6767 0 14140 11615 4949 13534 9999 3939 6060 6767 
12322 10201 14140 0 3939 9191 5656 11211 12423 14140 9393 
9797 14140 11615 3939 0 6868 3333 15150 9898 11615 5656 
4747 7272 4949 9191 6868 0 8585 8282 6868 6767 5252 
11716 14645 13534 5656 3333 8585 0 15655 11817 13534 6767 
11817 4242 9999 11211 15150 8282 15655 0 13938 9797 13534 
3333 9696 3939 12423 9898 6868 11817 13938 0 8585 6868 
9898 12827 6060 14140 11615 6767 13534 9797 8585 0 6767 
6767 12524 6767 9393 5656 5252 6767 13534 6868 6767 0 
