# rmTSP_13_2_80_maximum_1_100.mat
# n=13
# k=2
# a=80
# d="maximum"
# s=1
13
0 50 22 53 21 5 35 55 3 42 9 7 29 
50 0 72 29 71 52 49 5 47 44 55 43 44 
22 72 0 75 12 20 37 77 25 44 17 29 28 
53 29 75 0 74 55 52 25 50 45 58 46 56 
21 71 12 74 0 19 25 76 24 32 16 28 39 
5 52 20 55 19 0 40 57 7 47 14 10 24 
35 49 37 52 25 40 0 54 33 7 26 30 64 
55 5 77 25 76 57 54 0 52 47 60 48 49 
3 47 25 50 24 7 33 52 0 40 8 4 31 
42 44 44 45 32 47 7 47 40 0 33 37 71 
9 55 17 58 16 14 26 60 8 33 0 12 38 
7 43 29 46 28 10 30 48 4 37 12 0 34 
29 44 28 56 39 24 64 49 31 71 38 34 0 
