# rmTSP_19_2_20_euklid_101_100.mat
# n=19
# k=2
# a=20
# d="euklid"
# s=101
19
0 1862 515 1790 1212 1862 647 1359 833 1887 814 1428 1030 143 404 1943 1178 319 1943 
1862 0 1943 915 2432 808 1418 1681 2020 909 1054 2432 833 1744 1818 143 1293 1545 1317 
515 1943 0 1616 714 1720 1054 953 319 1717 931 915 1152 606 915 1989 915 639 1666 
1790 915 1616 0 1857 143 1657 953 1545 101 1092 1767 1000 1726 1943 833 714 1538 404 
1212 2432 714 1857 0 1989 1764 931 452 1951 1542 286 1738 1317 1616 2445 1178 1348 1744 
1862 808 1720 143 1989 0 1681 1092 1666 101 1129 1906 1010 1790 1989 714 833 1597 515 
647 1418 1054 1657 1764 1681 0 1597 1328 1738 571 1930 678 505 416 1528 1266 416 1930 
1359 1681 953 953 931 1092 1597 0 735 1040 1116 814 1216 1374 1681 1657 416 1266 814 
833 2020 319 1545 452 1666 1328 735 0 1644 1092 606 1293 915 1229 2045 833 915 1518 
1887 909 1717 101 1951 101 1738 1040 1644 0 1178 1854 1074 1821 2033 814 814 1632 416 
814 1054 931 1092 1542 1129 571 1116 1092 1178 0 1632 226 707 863 1129 735 505 1359 
1428 2432 915 1767 286 1906 1930 814 606 1854 1632 0 1807 1518 1829 2428 1143 1518 1597 
1030 833 1152 1000 1738 1010 678 1216 1293 1074 226 1807 0 915 1030 915 808 714 1317 
143 1744 606 1726 1317 1790 505 1374 915 1821 707 1518 915 0 319 1829 1152 202 1906 
404 1818 915 1943 1616 1989 416 1681 1229 2033 863 1829 1030 319 0 1922 1428 429 2161 
1943 143 1989 833 2445 714 1528 1657 2045 814 1129 2428 915 1829 1922 0 1286 1629 1229 
1178 1293 915 714 1178 833 1266 416 833 814 735 1143 808 1152 1428 1286 0 1000 769 
319 1545 639 1538 1348 1597 416 1266 915 1632 505 1518 714 202 429 1629 1000 0 1738 
1943 1317 1666 404 1744 515 1930 814 1518 416 1359 1597 1317 1906 2161 1229 769 1738 0 
