# rmTSP_15_6_40_maximum_101_100.mat
# n=15
# k=6
# a=40
# d="maximum"
# s=101
15
0 3232 1111 1515 3131 2121 2626 2828 2424 2525 2121 2525 2222 3131 2828 
3232 0 3535 2323 1414 2424 3232 2828 1919 2323 1919 3232 2020 2222 2929 
1111 3535 0 2020 3434 3030 3131 3131 2727 2828 2929 3030 3030 3434 3131 
1515 2323 2020 0 2222 2121 1616 1919 1515 2121 1919 2525 2020 2222 2020 
3131 1414 3434 2222 0 3131 3131 3131 2222 3333 2020 3333 1616 3232 3232 
2121 2424 3030 2121 3131 0 2525 2626 2626 1919 2525 1818 2727 2121 2222 
2626 3232 3131 1616 3131 2525 0 3030 2424 2525 1818 3131 1717 3131 3434 
2828 2828 3131 1919 3131 2626 3030 0 2323 1818 1515 2828 2424 1212 2222 
2424 1919 2727 1515 2222 2626 2424 2323 0 2828 1515 2828 1313 2727 2525 
2525 2323 2828 2121 3333 1919 2525 1818 2828 0 1515 2525 2929 808 2222 
2121 1919 2929 1919 2020 2525 1818 1515 1515 1515 0 2424 1616 1313 3737 
2525 3232 3030 2525 3333 1818 3131 2828 2828 2525 2424 0 2929 3131 2828 
2222 2020 3030 2020 1616 2727 1717 2424 1313 2929 1616 2929 0 2828 3838 
3131 2222 3434 2222 3232 2121 3131 1212 2727 808 1313 3131 2828 0 3030 
2828 2929 3131 2020 3232 2222 3434 2222 2525 2222 3737 2828 3838 3030 0 
