# rmTSP_14_8_80_maximum_1_100.mat
# n=14
# k=8
# a=80
# d="maximum"
# s=1
14
0 68 63 68 58 43 69 41 60 49 27 60 63 59 
68 0 54 61 70 52 63 27 65 49 41 60 59 67 
63 54 0 56 65 49 52 44 71 53 42 51 61 33 
68 61 56 0 63 52 41 71 74 63 54 77 64 74 
58 70 65 63 0 44 70 61 64 57 44 67 58 64 
43 52 49 52 44 0 38 45 41 41 35 51 51 48 
69 63 52 41 70 38 0 43 60 53 61 39 69 70 
41 27 44 71 61 45 43 0 63 45 20 45 66 50 
60 65 71 74 64 41 60 63 0 59 46 69 73 74 
49 49 53 63 57 41 53 45 59 0 30 44 54 65 
27 41 42 54 44 35 61 20 46 30 0 52 60 44 
60 60 51 77 67 51 39 45 69 44 52 0 68 69 
63 59 61 64 58 51 69 66 73 54 60 68 0 57 
59 67 33 74 64 48 70 50 74 65 44 69 57 0 
