# rmTSP_19_3_80_manhattan_101_100.mat
# n=19
# k=3
# a=80
# d="manhattan"
# s=101
19
0 5757 1010 11716 4242 7676 6363 6969 11716 6565 4444 7878 5959 8787 10504 6161 3333 9595 6161 
5757 0 5757 11817 9797 6767 3030 6464 5959 1414 3939 7979 3838 10100 9595 6060 5252 4040 11918 
1010 5757 0 11716 4242 8282 5353 7979 11716 6565 5454 7878 4949 8787 9494 5959 2323 9595 6161 
11716 11817 11716 0 7474 10100 8787 7777 14140 11211 8282 8282 7979 6161 6060 5757 12423 12019 5959 
4242 9797 4242 7474 0 11716 8181 9191 15756 10605 8484 9898 6969 4545 8080 5353 4949 13635 2121 
7676 6767 8282 10100 11716 0 6565 5151 4040 5353 3232 2222 6565 12019 4646 6363 10605 3131 13837 
6363 3030 5353 8787 8181 6565 0 6262 7575 2424 3737 5959 1212 8484 6565 3030 4040 5454 10302 
6969 6464 7979 7777 9191 5151 6262 0 7777 5050 2525 6161 6262 8282 9595 5858 10302 6666 10100 
11716 5959 11716 14140 15756 4040 7575 7777 0 5151 7272 5858 8787 16059 8080 10403 11211 2121 17877 
6565 1414 6565 11211 10605 5353 2424 5050 5151 0 2929 7373 3636 10908 8989 5454 6060 3030 12726 
4444 3939 5454 8282 8484 3232 3737 2525 7272 2929 0 4444 3737 8787 7070 3333 7777 5151 10605 
7878 7979 7878 8282 9898 2222 5959 6161 5858 7373 4444 0 5959 10201 4040 5555 9999 5353 12019 
5959 3838 4949 7979 6969 6565 1212 6262 8787 3636 3737 5959 0 7272 5757 2222 4444 6666 9090 
8787 10100 8787 6161 4545 12019 8484 8282 16059 10908 8787 10201 7272 0 7979 5656 9494 13938 4646 
10504 9595 9494 6060 8080 4646 6565 9595 8080 8989 7070 4040 5757 7979 0 4343 10201 6969 9797 
6161 6060 5959 5757 5353 6363 3030 5858 10403 5454 3333 5555 2222 5656 4343 0 6666 8282 7474 
3333 5252 2323 12423 4949 10605 4040 10302 11211 6060 7777 9999 4444 9494 10201 6666 0 9090 6868 
9595 4040 9595 12019 13635 3131 5454 6666 2121 3030 5151 5353 6666 13938 6969 8282 9090 0 15756 
6161 11918 6161 5959 2121 13837 10302 10100 17877 12726 10605 12019 9090 4646 9797 7474 6868 15756 0 
