# rmTSP_12_2_40_maximum_1_100.mat
# n=12
# k=2
# a=40
# d="maximum"
# s=1
12
0 17 13 9 15 22 10 28 22 9 6 18 
17 0 28 26 18 19 10 24 22 18 22 13 
13 28 0 14 26 9 18 39 33 10 19 15 
9 26 14 0 24 23 16 37 31 10 12 19 
15 18 26 24 0 24 12 13 7 16 12 20 
22 19 9 23 24 0 12 30 28 13 28 6 
10 10 18 16 12 12 0 21 16 8 16 8 
28 24 39 37 13 30 21 0 6 29 25 26 
22 22 33 31 7 28 16 6 0 23 19 24 
9 18 10 10 16 13 8 29 23 0 15 9 
6 22 19 12 12 28 16 25 19 15 0 24 
18 13 15 19 20 6 8 26 24 9 24 0 
