# rmTSP_17_2_80_maximum_1_100.mat
# n=17
# k=2
# a=80
# d="maximum"
# s=1
17
0 32 44 18 49 46 30 21 36 14 13 32 10 7 33 11 35 
32 0 12 50 54 59 59 24 10 46 30 1 38 31 7 43 6 
44 12 0 62 66 55 57 36 8 58 31 12 50 37 19 55 18 
18 50 62 0 58 64 21 30 54 5 31 50 19 25 43 7 44 
49 54 66 58 0 79 79 30 58 53 50 54 39 51 47 59 48 
46 59 55 64 79 0 59 51 49 60 33 58 52 39 63 57 65 
30 59 57 21 79 59 0 51 49 26 29 58 40 28 63 20 65 
21 24 36 30 30 51 51 0 28 25 22 24 14 23 17 31 18 
36 10 8 54 58 49 49 28 0 50 23 9 42 29 14 47 16 
14 46 58 5 53 60 26 25 50 0 27 46 14 21 39 6 40 
13 30 31 31 50 33 29 22 23 27 0 29 19 6 34 24 36 
32 1 12 50 54 58 58 24 9 46 29 0 38 30 7 43 7 
10 38 50 19 39 52 40 14 42 14 19 38 0 13 31 20 32 
7 31 37 25 51 39 28 23 29 21 6 30 13 0 35 18 37 
33 7 19 43 47 63 63 17 14 39 34 7 31 35 0 43 2 
11 43 55 7 59 57 20 31 47 6 24 43 20 18 43 0 45 
35 6 18 44 48 65 65 18 16 40 36 7 32 37 2 45 0 
