# rmTSP_15_3_10_euklid_101_100.mat
# n=15
# k=3
# a=10
# d="euklid"
# s=101
15
0 839 909 553 707 789 515 1040 247 623 589 440 416 101 614 
839 0 553 909 247 1186 598 598 839 662 1092 623 937 833 378 
909 553 0 721 404 1010 416 707 1005 1015 1054 589 1059 845 728 
553 909 721 0 776 335 378 821 606 821 378 303 544 463 721 
707 247 404 776 0 1088 416 707 776 735 1015 515 892 685 452 
789 1186 1010 335 1088 0 707 953 776 974 303 589 623 714 947 
515 598 416 378 416 707 0 728 623 756 685 226 678 440 544 
1040 598 707 821 707 953 728 0 958 728 937 647 909 1005 544 
247 839 1005 606 776 776 623 958 0 429 515 463 226 303 525 
623 662 1015 821 735 974 756 728 429 0 742 580 463 662 303 
589 1092 1054 378 1015 303 685 937 515 742 0 505 335 544 789 
440 623 589 303 515 589 226 647 463 580 505 0 474 378 429 
416 937 1059 544 892 623 678 909 226 463 335 474 0 429 589 
101 833 845 463 685 714 440 1005 303 662 544 378 429 0 623 
614 378 728 721 452 947 544 544 525 303 789 429 589 623 0 
