# rmTSP_16_8_20_manhattan_1_100.mat
# n=16
# k=8
# a=20
# d="manhattan"
# s=1
16
0 67 61 58 50 45 52 64 63 39 58 58 40 31 50 83 
67 0 74 61 63 50 49 41 48 56 25 53 35 56 69 50 
61 74 0 47 39 58 75 57 34 68 63 55 69 52 55 56 
58 61 47 0 42 53 42 60 63 69 50 48 50 45 42 49 
50 63 39 42 0 43 68 46 63 57 40 40 38 37 60 65 
45 50 58 53 43 0 55 27 56 58 41 39 35 26 63 78 
52 49 75 42 68 55 0 54 61 45 54 56 40 41 48 57 
64 41 57 60 46 27 54 0 47 53 40 36 30 39 54 75 
63 48 34 63 63 56 61 47 0 40 55 45 53 54 51 70 
39 56 68 69 57 58 45 53 40 0 45 51 33 54 39 76 
58 25 63 50 40 41 54 40 55 45 0 56 30 51 64 49 
58 53 55 48 40 39 56 36 45 51 56 0 36 39 48 87 
40 35 69 50 38 35 40 30 53 33 30 36 0 33 48 75 
31 56 52 45 37 26 41 39 54 54 51 39 33 0 59 68 
50 69 55 42 60 63 48 54 51 39 64 48 48 59 0 77 
83 50 56 49 65 78 57 75 70 76 49 87 75 68 77 0 
