# rmTSP_18_2_10_euklid_101_100.mat
# n=18
# k=2
# a=10
# d="euklid"
# s=101
18
0 647 915 505 931 452 226 958 286 735 515 639 614 857 101 814 571 647 
647 0 505 515 319 303 728 416 364 286 505 364 452 226 589 319 101 143 
915 505 0 995 678 769 863 202 714 226 452 869 953 589 909 789 589 647 
505 515 995 0 639 226 714 931 364 769 789 226 143 614 404 452 416 404 
931 319 678 639 0 505 1040 505 647 515 814 416 515 101 857 202 364 286 
452 303 769 226 505 0 614 714 202 544 589 202 226 452 364 364 202 226 
226 728 863 714 1040 614 0 953 416 728 416 814 808 953 319 958 678 769 
958 416 202 931 505 714 953 0 714 226 571 769 863 429 931 647 515 544 
286 364 714 364 647 202 416 714 0 505 429 404 416 571 226 544 286 364 
735 286 226 769 515 544 728 226 505 0 364 647 728 416 714 589 364 429 
515 505 452 789 814 589 416 571 429 364 0 769 814 714 544 814 515 614 
639 364 869 226 416 202 814 769 404 647 769 0 101 404 544 226 286 226 
614 452 953 143 515 226 808 863 416 728 814 101 0 505 515 319 364 319 
857 226 589 614 101 452 953 429 571 416 714 404 505 0 789 226 286 226 
101 589 909 404 857 364 319 931 226 714 544 544 515 789 0 728 505 571 
814 319 789 452 202 364 958 647 544 589 814 226 319 226 728 0 303 202 
571 101 589 416 364 202 678 515 286 364 515 286 364 286 505 303 0 101 
647 143 647 404 286 226 769 544 364 429 614 226 319 226 571 202 101 0 
