# rmTSP_17_2_80_euklid_1_100.mat
# n=17
# k=2
# a=80
# d="euklid"
# s=1
17
0 15 32 62 13 66 16 33 38 70 55 60 48 69 37 19 63 
15 0 26 60 9 57 27 25 23 71 60 64 52 66 22 34 66 
32 26 0 35 35 34 29 3 28 47 42 43 34 40 30 44 45 
62 60 35 0 69 34 50 37 60 14 27 22 25 9 63 65 19 
13 9 35 69 0 66 29 34 30 78 66 70 58 75 28 32 73 
66 57 34 34 66 0 62 33 44 47 57 54 52 30 47 78 52 
16 27 29 50 29 62 0 31 46 56 39 45 33 59 46 16 49 
33 25 3 37 34 33 31 0 25 49 45 46 37 42 27 46 47 
38 23 28 60 30 44 46 25 0 73 69 71 62 64 3 56 72 
70 71 47 14 78 47 56 49 73 0 22 15 25 18 76 70 11 
55 60 42 27 66 57 39 45 69 22 0 8 8 36 71 50 12 
60 64 43 22 70 54 45 46 71 15 8 0 12 30 73 57 4 
48 52 34 25 58 52 33 37 62 25 8 12 0 34 63 45 16 
69 66 40 9 75 30 59 42 64 18 36 30 34 0 66 74 26 
37 22 30 63 28 47 46 27 3 76 71 73 63 66 0 56 74 
19 34 44 65 32 78 16 46 56 70 50 57 45 74 56 0 61 
63 66 45 19 73 52 49 47 72 11 12 4 16 26 74 61 0 
