# rmTSP_14_6_80_euklid_1_100.mat
# n=14
# k=6
# a=80
# d="euklid"
# s=1
14
0 68 88 74 61 62 88 77 79 62 75 41 59 86 
68 0 55 96 48 99 66 96 58 78 73 75 54 72 
88 55 0 93 46 103 54 86 68 76 52 82 68 78 
74 96 93 0 79 64 116 54 77 107 90 74 79 125 
61 48 46 79 0 88 66 87 73 78 73 49 31 89 
62 99 103 64 88 0 97 79 106 83 98 89 76 107 
88 66 54 116 66 97 0 116 93 72 73 98 69 47 
77 96 86 54 87 79 116 0 80 81 67 80 99 121 
79 58 68 77 73 106 93 80 0 99 60 79 83 84 
62 78 76 107 78 83 72 81 99 0 58 82 89 74 
75 73 52 90 73 98 73 67 60 58 0 79 92 68 
41 75 82 74 49 89 98 80 79 82 79 0 60 104 
59 54 68 79 31 76 69 99 83 89 92 60 0 92 
86 72 78 125 89 107 47 121 84 74 68 104 92 0 
