# rmTSP_10_2_40_manhattan_101_100.mat
# n=10
# k=2
# a=40
# d="manhattan"
# s=101
10
0 707 2929 1212 2525 1818 3030 2222 2323 2828 
707 0 3636 909 2626 1919 3737 2121 3030 2121 
2929 3636 0 4141 1616 1717 909 1515 606 5757 
1212 909 4141 0 3131 2424 4242 2626 3535 1616 
2525 2626 1616 3131 0 707 2525 505 2222 4747 
1818 1919 1717 2424 707 0 1818 404 1515 4040 
3030 3737 909 4242 2525 1818 0 2222 707 5858 
2222 2121 1515 2626 505 404 2222 0 1919 4242 
2323 3030 606 3535 2222 1515 707 1919 0 5151 
2828 2121 5757 1616 4747 4040 5858 4242 5151 0 
