# rmTSP_20_6_80_manhattan_1_100.mat
# n=20
# k=6
# a=80
# d="manhattan"
# s=1
20
0 101 173 110 132 216 190 162 237 224 147 195 166 216 43 137 118 193 183 157 
101 0 98 105 119 141 129 103 172 251 224 214 153 153 138 98 115 108 198 162 
173 98 0 113 167 149 123 79 192 207 188 180 151 89 210 116 133 158 152 112 
110 105 113 0 154 108 196 178 175 152 119 193 206 114 147 131 140 147 195 113 
132 119 167 154 0 142 132 156 197 222 195 205 130 182 169 53 124 99 225 123 
216 141 149 108 142 0 150 228 139 224 193 209 198 114 253 147 218 57 301 185 
190 129 123 196 132 150 0 100 207 266 271 185 96 136 227 127 122 123 227 193 
162 103 79 178 156 228 100 0 261 252 253 225 150 148 199 125 108 195 173 165 
237 172 192 175 197 139 207 261 0 303 282 196 137 225 242 202 261 186 240 240 
224 251 207 152 222 224 266 252 303 0 81 155 248 136 213 195 144 243 139 103 
147 224 188 119 195 193 271 253 282 81 0 202 249 151 160 168 173 218 200 88 
195 214 180 193 205 209 185 225 196 155 202 0 105 191 152 196 137 224 108 172 
166 153 151 206 130 198 96 150 137 248 249 105 0 196 171 121 124 179 135 161 
216 153 89 114 182 114 136 148 225 136 151 191 196 0 253 129 130 135 213 123 
43 138 210 147 169 253 227 199 242 213 160 152 171 253 0 174 145 230 140 172 
137 98 116 131 53 147 127 125 202 195 168 196 121 129 174 0 97 114 190 92 
118 115 133 140 124 218 122 108 261 144 173 137 124 130 145 97 0 185 135 109 
193 108 158 147 99 57 123 195 186 243 218 224 179 135 230 114 185 0 286 180 
183 198 152 195 225 301 227 173 240 139 200 108 135 213 140 190 135 286 0 122 
157 162 112 113 123 185 193 165 240 103 88 172 161 123 172 92 109 180 122 0 
