# rmTSP_14_3_40_euklid_1_100.mat
# n=14
# k=3
# a=40
# d="euklid"
# s=1
14
0 34 15 46 36 40 41 41 33 44 39 35 19 14 
34 0 20 14 12 31 26 17 10 38 20 15 41 35 
15 20 0 33 22 31 30 26 22 37 25 21 24 19 
46 14 33 0 19 41 35 26 14 48 31 22 54 47 
36 12 22 19 0 37 33 19 19 47 22 3 45 40 
40 31 31 41 37 0 7 22 36 11 19 38 31 30 
41 26 30 35 33 7 0 18 31 15 16 35 35 33 
41 17 26 26 19 22 18 0 26 33 5 20 41 38 
33 10 22 14 19 36 31 26 0 41 29 22 43 35 
44 38 37 48 47 11 15 33 41 0 30 48 32 31 
39 20 25 31 22 19 16 5 29 30 0 22 38 35 
35 15 21 22 3 38 35 20 22 48 22 0 44 39 
19 41 24 54 45 31 35 41 43 32 38 44 0 9 
14 35 19 47 40 30 33 38 35 31 35 39 9 0 
