# rmTSP_20_6_80_manhattan_101_100.mat
# n=20
# k=6
# a=80
# d="manhattan"
# s=101
20
0 16564 15554 14544 8383 13433 14140 6060 14746 12524 7777 15857 9595 15857 10504 11817 12928 16362 12221 19796 
16564 0 22624 24038 15655 26563 17978 14746 18180 20200 14039 17473 14443 11211 10302 6969 10908 10908 16665 7676 
15554 22624 0 19998 20705 16261 29088 17776 15150 23836 14443 14443 8787 22321 17372 26159 22422 21614 23533 17372 
14544 24038 19998 0 13635 8989 15352 18988 8484 15352 12019 29391 18281 19493 15554 18079 19998 20604 9797 22826 
8383 15655 20705 13635 0 11716 13433 9797 17069 13837 9494 21210 12928 19594 15857 12120 13837 19089 11918 16867 
13433 26563 16261 8989 11716 0 17069 17675 13433 16665 12524 26260 14544 23028 18079 23836 21513 22523 14948 24745 
14140 17978 29088 15352 13433 17069 0 19998 21210 9090 14645 17473 20301 13635 14948 11009 17372 20604 12019 24846 
6060 14746 17776 18988 9797 17675 19998 0 19796 18382 13433 20705 14039 20907 13938 10605 9898 17170 18281 18382 
14746 18180 15150 8484 17069 13433 21210 19796 0 19392 8181 24947 13029 17271 13332 19493 19190 17170 13231 14948 
12524 20200 23836 15352 13837 16665 9090 18382 19392 0 15655 16261 17877 9393 17170 13231 16160 22422 12221 27068 
7777 14039 14443 12019 9494 12524 14645 13433 8181 15655 0 17574 8686 16766 10403 14544 13635 13635 12524 14645 
15857 17473 14443 29391 21210 26260 17473 20705 24947 16261 17574 0 13130 15958 17675 18786 19291 19089 25048 20705 
9595 14443 8787 18281 12928 14544 20301 14039 13029 17877 8686 13130 0 16564 13837 17372 17877 18281 18382 12423 
15857 11211 22321 19493 19594 23028 13635 20907 17271 9393 16766 15958 16564 0 8585 11716 11817 15251 12928 18685 
10504 10302 17372 15554 15857 18079 14948 13938 13332 17170 10403 17675 13837 8585 0 11413 8282 8686 13231 15756 
11817 6969 26159 18079 12120 23836 11009 10605 19493 13231 14544 18786 17372 11716 11413 0 8585 14645 14342 13837 
12928 10908 22422 19998 13837 21513 17372 9898 19190 16160 13635 19291 17877 11817 8282 8585 0 10706 19291 15756 
16362 10908 21614 20604 19089 22523 20604 17170 17170 22422 13635 19089 18281 15251 8686 14645 10706 0 16059 13736 
12221 16665 23533 9797 11918 14948 12019 18281 13231 12221 12524 25048 18382 12928 13231 14342 19291 16059 0 19089 
19796 7676 17372 22826 16867 24745 24846 18382 14948 27068 14645 20705 12423 18685 15756 13837 15756 13736 19089 0 
