# rmTSP_10_3_40_euklid_1_100.mat
# n=10
# k=3
# a=40
# d="euklid"
# s=1
10
0 38 17 8 29 18 12 32 34 22 
38 0 36 43 19 34 34 8 30 34 
17 36 0 19 25 12 18 29 19 18 
8 43 19 0 36 24 20 37 37 20 
29 19 25 36 0 18 21 16 23 33 
18 34 12 24 18 0 12 28 21 27 
12 34 18 20 21 12 0 30 31 29 
32 8 29 37 16 28 30 0 23 26 
34 30 19 37 23 21 31 23 0 25 
22 34 18 20 33 27 29 26 25 0 
