# rmTSP_14_4_80_manhattan_101_100.mat
# n=14
# k=4
# a=80
# d="manhattan"
# s=101
14
0 10403 5454 6262 11615 6868 3030 8585 10504 12827 10807 6666 7979 12928 
10403 0 9797 10403 16766 6363 7575 6262 7979 5656 13534 5757 5454 13231 
5454 9797 0 2424 9393 4848 4040 4545 5454 10605 7575 8484 5757 11312 
6262 10403 2424 0 6969 6868 5454 6767 5858 10807 6161 10908 6565 10100 
11615 16766 9393 6969 0 13837 12423 13736 9797 16362 5050 17877 13332 7777 
6868 6363 4848 6868 13837 0 4040 7575 8484 10605 10605 7070 5757 10302 
3030 7575 4040 5454 12423 4040 0 7979 9090 11413 9393 5454 6565 10100 
8585 6262 4545 6767 13736 7575 7979 0 5555 6868 11312 5555 3030 15049 
10504 7979 5454 5858 9797 8484 9090 5555 0 7373 8787 9090 6363 12524 
12827 5656 10605 10807 16362 10605 11413 6868 7373 0 11312 9797 5858 11413 
10807 13534 7575 6161 5050 10605 9393 11312 8787 11312 0 14645 10100 3939 
6666 5757 8484 10908 17877 7070 5454 5555 9090 9797 14645 0 4949 14948 
7979 5454 5757 6565 13332 5757 6565 3030 6363 5858 10100 4949 0 12019 
12928 13231 11312 10100 7777 10302 10100 15049 12524 11413 3939 14948 12019 0 
