# rmTSP_10_6_80_manhattan_1_100.mat
# n=10
# k=6
# a=80
# d="manhattan"
# s=1
10
0 71 124 101 170 201 144 93 147 170 
71 0 105 110 183 162 95 126 86 157 
124 105 0 129 148 201 146 137 167 70 
101 110 129 0 229 144 181 152 128 169 
170 183 148 229 0 267 170 135 179 172 
201 162 201 144 267 0 177 164 148 215 
144 95 146 181 170 177 0 199 97 188 
93 126 137 152 135 164 199 0 176 193 
147 86 167 128 179 148 97 176 0 219 
170 157 70 169 172 215 188 193 219 0 
