# rmTSP_17_6_40_euklid_101_100.mat
# n=17
# k=6
# a=40
# d="euklid"
# s=101
17
0 3380 4271 4018 2824 3150 5844 3425 4710 5692 4545 2824 4063 4711 4974 5633 3433 
3380 0 4421 886 2390 2224 3670 3585 4565 5363 3874 4711 4058 5011 4955 3967 2616 
4271 4421 0 4676 3857 4534 4844 4476 4489 4564 2686 4127 742 3295 3271 5192 3189 
4018 886 4676 0 2826 2416 3277 4076 4606 5190 3992 5267 4272 4897 5044 3516 2543 
2824 2390 3857 2826 0 2460 4894 3752 2772 4451 3575 3175 3322 4530 4074 3993 2007 
3150 2224 4534 2416 2460 0 3715 3167 4186 4197 4524 3990 4141 4071 3714 2878 2610 
5844 3670 4844 3277 4894 3715 0 4035 5494 4337 4044 6063 4744 4528 4241 3342 3947 
3425 3585 4476 4076 3752 3167 4035 0 4876 4821 3815 3037 4519 4991 4056 5127 4124 
4710 4565 4489 4606 2772 4186 5494 4876 0 3065 3542 3598 3973 4345 3875 4172 2747 
5692 5363 4564 5190 4451 4197 4337 4821 3065 0 4178 4551 4254 2924 2292 3092 3480 
4545 3874 2686 3992 3575 4524 4044 3815 3542 4178 0 4041 2663 4134 3999 5036 2910 
2824 4711 4127 5267 3175 3990 6063 3037 3598 4551 4041 0 4017 4716 3874 5745 3947 
4063 4058 742 4272 3322 4141 4744 4519 3973 4254 2663 4017 0 3083 3121 4702 2608 
4711 5011 3295 4897 4530 4071 4528 4991 4345 2924 4134 4716 3083 0 2768 3834 2988 
4974 4955 3271 5044 4074 3714 4241 4056 3875 2292 3999 3874 3121 2768 0 3534 3525 
5633 3967 5192 3516 3993 2878 3342 5127 4172 3092 5036 5745 4702 3834 3534 0 3120 
3433 2616 3189 2543 2007 2610 3947 4124 2747 3480 2910 3947 2608 2988 3525 3120 0 
