# rmTSP_12_6_40_euklid_1_100.mat
# n=12
# k=6
# a=40
# d="euklid"
# s=1
12
0 23 38 43 42 28 33 39 44 48 31 35 
23 0 32 37 42 34 41 34 40 39 33 43 
38 32 0 37 41 36 32 27 33 40 32 43 
43 37 37 0 40 35 33 28 43 14 41 54 
42 42 41 40 0 46 41 17 37 36 45 49 
28 34 36 35 46 0 28 38 55 44 15 45 
33 41 32 33 41 28 0 35 46 38 36 30 
39 34 27 28 17 38 35 0 29 26 36 49 
44 40 33 43 37 55 46 29 0 43 53 56 
48 39 40 14 36 44 38 26 43 0 48 53 
31 33 32 41 45 15 36 36 53 48 0 50 
35 43 43 54 49 45 30 49 56 53 50 0 
