# rmTSP_13_4_40_maximum_1_100.mat
# n=13
# k=4
# a=40
# d="maximum"
# s=1
13
0 21 12 31 12 32 19 30 16 22 15 24 18 
21 0 18 31 16 29 26 22 37 16 17 26 22 
12 18 0 24 9 22 11 18 19 10 10 19 15 
31 31 24 0 33 23 31 37 33 32 27 22 32 
12 16 9 33 0 31 10 18 21 10 19 28 20 
32 29 22 23 31 0 29 35 31 30 28 23 33 
19 26 11 31 10 29 0 11 11 11 17 26 23 
30 22 18 37 18 35 11 0 18 17 26 32 31 
16 37 19 33 21 31 11 18 0 21 26 28 34 
22 16 10 32 10 30 11 17 21 0 18 27 23 
15 17 10 27 19 28 17 26 26 18 0 10 15 
24 26 19 22 28 23 26 32 28 27 10 0 12 
18 22 15 32 20 33 23 31 34 23 15 12 0 
