# rmTSP_19_4_40_manhattan_1_100.mat
# n=19
# k=4
# a=40
# d="manhattan"
# s=1
19
0 74 65 64 38 85 42 65 69 41 53 82 56 69 75 29 73 38 61 
74 0 37 26 44 77 32 23 49 43 75 18 54 47 9 75 47 52 63 
65 37 0 45 55 76 55 42 58 38 56 29 73 44 34 52 42 33 46 
64 26 45 0 38 99 32 41 67 37 77 44 40 49 25 69 49 58 69 
38 44 55 38 0 119 22 61 87 39 79 54 34 59 39 45 65 62 89 
85 77 76 99 119 0 97 58 32 88 50 65 91 60 86 96 54 57 32 
42 32 55 32 22 97 0 39 65 45 85 46 42 57 33 65 57 70 73 
65 23 42 41 61 58 39 0 26 36 56 31 49 34 28 76 32 57 44 
69 49 58 67 87 32 65 26 0 56 42 57 59 48 54 80 48 61 38 
41 43 38 37 39 88 45 36 56 0 40 51 43 40 44 40 44 39 58 
53 75 56 77 79 50 85 56 42 40 0 73 51 34 80 52 40 35 28 
82 18 29 44 54 65 46 31 57 51 73 0 72 39 21 77 35 44 51 
56 54 73 40 34 91 42 49 59 43 51 72 0 35 53 65 43 74 67 
69 47 44 49 59 60 57 34 48 40 34 39 35 0 52 80 8 41 32 
75 9 34 25 39 86 33 28 54 44 80 21 53 52 0 68 52 57 68 
29 75 52 69 45 96 65 76 80 40 52 77 65 80 68 0 84 39 72 
73 47 42 49 65 54 57 32 48 44 40 35 43 8 52 84 0 45 24 
38 52 33 58 62 57 70 57 61 39 35 44 74 41 57 39 45 0 33 
61 63 46 69 89 32 73 44 38 58 28 51 67 32 68 72 24 33 0 
