# rmTSP_12_8_10_euklid_101_100.mat
# n=12
# k=8
# a=10
# d="euklid"
# s=101
12
0 1460 647 984 1030 1059 1199 1216 1467 1607 1257 942 
1460 0 1261 1421 1481 1644 1143 903 1317 670 869 1143 
647 1261 0 892 1005 953 1143 1106 1186 1309 869 639 
984 1421 892 0 544 875 937 1069 1278 1301 1325 990 
1030 1481 1005 544 0 742 942 1138 1129 1336 1328 839 
1059 1644 953 875 742 0 839 1083 1064 1581 1410 974 
1199 1143 1143 937 942 839 0 534 937 1212 1270 1030 
1216 903 1106 1069 1138 1083 534 0 833 1212 1229 1050 
1467 1317 1186 1278 1129 1064 937 833 0 1421 1229 833 
1607 670 1309 1301 1336 1581 1212 1212 1421 0 769 1106 
1257 869 869 1325 1328 1410 1270 1229 1229 769 0 670 
942 1143 639 990 839 974 1030 1050 833 1106 670 0 
