# rmTSP_16_6_80_manhattan_1_100.mat
# n=16
# k=6
# a=80
# d="manhattan"
# s=1
16
0 153 185 80 182 131 130 71 144 151 203 176 127 165 84 121 
153 0 180 179 215 272 275 156 201 296 208 243 176 222 161 176 
185 180 0 147 243 210 191 234 169 198 164 263 224 130 195 174 
80 179 147 0 250 131 128 127 212 149 207 226 143 155 124 133 
182 215 243 250 0 137 206 159 252 165 343 184 241 247 190 261 
131 272 210 131 137 0 105 172 211 42 244 159 200 180 173 172 
130 275 191 128 206 105 0 139 208 83 229 178 137 193 130 157 
71 156 234 127 159 172 139 0 149 182 238 139 120 226 67 156 
144 201 169 212 252 211 208 149 0 219 91 160 161 127 152 125 
151 296 198 149 165 42 83 182 219 0 252 155 194 220 183 180 
203 208 164 207 343 244 229 238 91 252 0 195 138 124 177 84 
176 243 263 226 184 159 178 139 160 155 195 0 113 253 104 131 
127 176 224 143 241 200 137 120 161 194 138 113 0 202 57 54 
165 222 130 155 247 180 193 226 127 220 124 253 202 0 185 164 
84 161 195 124 190 173 130 67 152 183 177 104 57 185 0 95 
121 176 174 133 261 172 157 156 125 180 84 131 54 164 95 0 
