# rmTSP_12_2_20_maximum_101_100.mat
# n=12
# k=2
# a=20
# d="maximum"
# s=101
12
0 1010 808 202 909 1313 303 1313 808 1010 1010 707 
1010 0 707 1111 1515 1010 808 303 707 1111 808 404 
808 707 0 606 909 1717 505 1010 303 1818 1515 303 
202 1111 606 0 707 1414 303 1414 808 1212 1111 808 
909 1515 909 707 0 1818 707 1818 1212 1919 1616 1212 
1313 1010 1717 1414 1818 0 1212 707 1717 1313 303 1414 
303 808 505 303 707 1212 0 1111 505 1313 1010 505 
1313 303 1010 1414 1818 707 1111 0 1010 1313 505 707 
808 707 303 808 1212 1717 505 1010 0 1818 1515 303 
1010 1111 1818 1212 1919 1313 1313 1313 1818 0 1010 1515 
1010 808 1515 1111 1616 303 1010 505 1515 1010 0 1212 
707 404 303 808 1212 1414 505 707 303 1515 1212 0 
