# rmTSP_18_2_40_euklid_101_100.mat
# n=18
# k=2
# a=40
# d="euklid"
# s=101
18
0 2285 1092 1930 2695 1501 3536 1359 2364 2875 3386 1528 1922 1922 2123 2729 3057 1152 
2285 0 2332 364 1428 2794 2575 2597 2499 1317 1726 1418 1545 1545 2543 1879 2466 2684 
1092 2332 0 1984 2102 515 2674 319 1328 2367 2830 1010 1233 2651 1054 1951 2131 364 
1930 364 1984 0 1403 2457 2549 2258 2270 1374 1843 1116 1313 1446 2279 1787 2358 2332 
2695 1428 2102 1403 0 2358 1152 2215 1471 319 728 1182 869 2846 1672 515 1088 2445 
1501 2794 515 2457 2358 0 2720 202 1249 2651 3072 1407 1515 3163 931 2102 2140 364 
3536 2575 2674 2549 1152 2720 0 2651 1491 1293 1152 2043 1629 3984 1807 833 589 2941 
1359 2597 319 2258 2215 202 2651 0 1216 2501 2936 1220 1359 2970 909 1992 2082 303 
2364 2499 1328 2270 1471 1249 1491 1216 0 1790 2080 1233 958 3455 319 1040 903 1518 
2875 1317 2367 1374 319 2651 1293 2501 1790 0 515 1403 1143 2814 1989 808 1348 2718 
3386 1726 2830 1843 728 3072 1152 2936 2080 515 0 1898 1597 3260 2325 1040 1428 3171 
1528 1418 1010 1116 1182 1407 2043 1220 1233 1403 1898 0 416 2224 1182 1216 1632 1374 
1922 1545 1233 1313 869 1515 1629 1359 958 1143 1597 416 0 2571 1010 808 1220 1578 
1922 1545 2651 1446 2846 3163 3984 2970 3455 2814 3260 2224 2571 0 3362 3194 3738 2892 
2123 2543 1054 2279 1672 931 1807 909 319 1989 2325 1182 1010 3362 0 1293 1220 1212 
2729 1879 1951 1787 515 2102 833 1992 1040 808 1040 1216 808 3194 1293 0 589 2258 
3057 2466 2131 2358 1088 2140 589 2082 903 1348 1428 1632 1220 3738 1220 589 0 2377 
1152 2684 364 2332 2445 364 2941 303 1518 2718 3171 1374 1578 2892 1212 2258 2377 0 
