# rmTSP_11_3_40_euklid_1_100.mat
# n=11
# k=3
# a=40
# d="euklid"
# s=1
11
0 14 30 40 22 46 32 30 34 30 33 
14 0 22 31 16 35 31 26 25 20 21 
30 22 0 37 18 28 23 7 9 38 13 
40 31 37 0 23 20 32 42 42 26 32 
22 16 18 23 0 24 16 21 25 28 20 
46 35 28 20 24 0 28 33 32 37 24 
32 31 23 32 16 28 0 22 32 43 31 
30 26 7 42 21 33 22 0 13 43 20 
34 25 9 42 25 32 32 13 0 39 12 
30 20 38 26 28 37 43 43 39 0 29 
33 21 13 32 20 24 31 20 12 29 0 
