# rmTSP_13_3_40_manhattan_101_100.mat
# n=13
# k=3
# a=40
# d="manhattan"
# s=101
13
0 4646 5555 1818 3434 7474 4545 4545 3939 5454 1212 2121 2020 
4646 0 1717 4242 5252 6666 4949 2727 2323 5454 4040 2727 5252 
5555 1717 0 5151 5757 5959 4444 2020 2828 4747 4343 3434 4545 
1818 4242 5151 0 2222 6262 3333 3333 2727 5050 3030 1717 3636 
3434 5252 5757 2222 0 4040 1313 3939 2929 5656 4242 2525 4848 
7474 6666 5959 6262 4040 0 2929 3939 4343 3838 8282 5959 6666 
4545 4949 4444 3333 1313 2929 0 2626 2626 4949 5353 3030 4949 
4545 2727 2020 3333 3939 3939 2626 0 1010 4545 5353 3030 4545 
3939 2323 2828 2727 2929 4343 2626 1010 0 5353 4747 2424 5353 
5454 5454 4747 5050 5656 3838 4949 4545 5353 0 5252 3333 3636 
1212 4040 4343 3030 4242 8282 5353 5353 4747 5252 0 2525 1616 
2121 2727 3434 1717 2525 5959 3030 3030 2424 3333 2525 0 3131 
2020 5252 4545 3636 4848 6666 4949 4545 5353 3636 1616 3131 0 
