# rmTSP_11_8_10_manhattan_1_100.mat
# n=11
# k=8
# a=10
# d="manhattan"
# s=1
11
0 19 23 25 28 34 23 34 34 16 24 
19 0 26 30 33 35 28 31 29 35 39 
23 26 0 24 29 21 22 19 33 21 23 
25 30 24 0 35 17 18 33 23 15 21 
28 33 29 35 0 30 29 22 30 22 16 
34 35 21 17 30 0 19 28 20 22 22 
23 28 22 18 29 19 0 33 17 23 27 
34 31 19 33 22 28 33 0 36 30 24 
34 29 33 23 30 20 17 36 0 34 36 
16 35 21 15 22 22 23 30 34 0 8 
24 39 23 21 16 22 27 24 36 8 0 
