# rmTSP_20_2_80_maximum_1_100.mat
# n=20
# k=2
# a=80
# d="maximum"
# s=1
20
0 29 35 25 22 39 8 25 26 16 32 29 32 29 24 23 35 39 25 35 
29 0 64 6 14 43 30 18 30 21 42 25 15 25 26 19 39 40 21 31 
35 64 0 60 57 63 34 60 59 43 22 56 67 50 59 54 65 74 46 53 
25 6 60 0 8 49 26 12 36 26 42 19 21 19 32 13 45 46 15 25 
22 14 57 8 0 57 26 4 44 34 50 11 29 11 40 5 53 54 11 19 
39 43 63 49 57 0 31 61 13 23 41 68 28 68 17 62 4 11 64 74 
8 30 34 26 26 31 0 30 25 9 24 37 33 37 25 31 31 40 33 43 
25 18 60 12 4 61 30 0 48 38 54 7 33 10 44 6 57 58 14 22 
26 30 59 36 44 13 25 48 0 16 37 55 15 55 4 49 9 15 51 61 
16 21 43 26 34 23 9 38 16 0 21 45 24 45 16 39 22 31 41 51 
32 42 22 42 50 41 24 54 37 21 0 61 45 61 37 55 43 52 57 67 
29 25 56 19 11 68 37 7 55 45 61 0 40 6 51 6 64 65 10 18 
32 15 67 21 29 28 33 33 15 24 45 40 0 40 11 34 24 25 36 46 
29 25 50 19 11 68 37 10 55 45 61 6 40 0 51 6 64 65 4 12 
24 26 59 32 40 17 25 44 4 16 37 51 11 51 0 45 13 15 47 57 
23 19 54 13 5 62 31 6 49 39 55 6 34 6 45 0 58 59 8 16 
35 39 65 45 53 4 31 57 9 22 43 64 24 64 13 58 0 9 60 70 
39 40 74 46 54 11 40 58 15 31 52 65 25 65 15 59 9 0 61 71 
25 21 46 15 11 64 33 14 51 41 57 10 36 4 47 8 60 61 0 10 
35 31 53 25 19 74 43 22 61 51 67 18 46 12 57 16 70 71 10 0 
