# rmTSP_15_8_10_manhattan_1_100.mat
# n=15
# k=8
# a=10
# d="manhattan"
# s=1
15
0 34 35 23 36 31 26 25 28 29 22 38 26 31 28 
34 0 31 29 22 23 18 25 30 27 28 34 26 33 26 
35 31 0 36 25 20 39 28 31 32 35 25 21 24 25 
23 29 36 0 31 18 17 28 39 28 31 27 31 16 29 
36 22 25 31 0 21 22 37 28 45 28 34 22 23 28 
31 23 20 18 21 0 25 26 31 34 27 23 17 16 17 
26 18 39 17 22 25 0 31 38 29 26 44 30 23 34 
25 25 28 28 37 26 31 0 27 28 35 27 27 28 19 
28 30 31 39 28 31 38 27 0 47 20 32 36 43 22 
29 27 32 28 45 34 29 28 47 0 43 33 29 24 37 
22 28 35 31 28 27 26 35 20 43 0 38 30 39 24 
38 34 25 27 34 23 44 27 32 33 38 0 30 27 20 
26 26 21 31 22 17 30 27 36 29 30 30 0 23 16 
31 33 24 16 23 16 23 28 43 24 39 27 23 0 31 
28 26 25 29 28 17 34 19 22 37 24 20 16 31 0 
