# rmTSP_18_8_80_manhattan_101_100.mat
# n=18
# k=8
# a=80
# d="manhattan"
# s=101
18
0 25755 26058 23028 21109 23937 18988 28078 21210 12625 23028 21412 27674 24442 19796 23937 19594 20200 
25755 0 23937 7373 25250 15352 29189 23129 23533 23432 29189 22119 20907 17675 14645 16968 26967 11211 
26058 23937 0 22220 23533 19897 21412 15958 28078 18079 13332 14544 15958 13938 22624 11615 14746 19392 
23028 7373 22220 0 23129 12423 25856 24240 20604 19695 27472 17574 21614 15554 14746 13635 24240 11716 
21109 25250 23533 23129 0 23836 21917 23735 26159 19796 22119 28785 28987 28583 13635 23836 19493 29593 
23937 15352 19897 12423 23836 0 25351 24139 20907 17978 20301 15857 19897 18685 16059 15958 15049 16867 
18988 29189 21412 25856 21917 25351 0 19392 21008 14847 18584 30906 16160 31916 16160 28179 22422 20200 
28078 23129 15958 24240 23735 24139 19392 0 31916 19291 24240 28482 18988 26664 20200 22725 26462 20604 
21210 23533 28078 20604 26159 20907 21008 31916 0 24543 18382 23028 15756 26260 20402 23129 19392 21412 
12625 23432 18079 19695 19796 17978 14847 19291 24543 0 24139 19493 20503 22119 20099 23028 18281 16261 
23028 29189 13332 27472 22119 20301 18584 24240 18382 24139 0 21412 18180 22422 18786 17877 9090 25856 
21412 22119 14544 17574 28785 15857 30906 28482 23028 19493 21412 0 23836 7878 29088 11615 16564 16968 
27674 20907 15958 21614 28987 19897 16160 18988 15756 20503 18180 23836 0 27068 19594 22523 22624 14140 
24442 17675 13938 15554 28583 18685 31916 26664 26260 22119 22422 7878 27068 0 28280 13635 20200 15150 
19796 14645 22624 14746 13635 16059 16160 20200 20402 20099 18786 29088 19594 28280 0 18483 22220 16766 
23937 16968 11615 13635 23836 15958 28179 22725 23129 23028 17877 11615 22523 13635 18483 0 18079 19695 
19594 26967 14746 24240 19493 15049 22422 26462 19392 18281 9090 16564 22624 20200 22220 18079 0 26462 
20200 11211 19392 11716 29593 16867 20200 20604 21412 16261 25856 16968 14140 15150 16766 19695 26462 0 
