# rmTSP_12_8_20_euklid_1_100.mat
# n=12
# k=8
# a=20
# d="euklid"
# s=1
12
0 29 30 15 21 13 24 29 28 22 28 21 
29 0 23 24 23 20 26 30 27 19 26 25 
30 23 0 23 21 27 28 22 17 29 12 23 
15 24 23 0 22 15 23 21 20 15 21 18 
21 23 21 22 0 18 21 28 18 24 20 24 
13 20 27 15 18 0 17 29 25 18 27 18 
24 26 28 23 21 17 0 33 22 23 27 21 
29 30 22 21 28 29 33 0 25 24 17 19 
28 27 17 20 18 25 22 25 0 26 16 24 
22 19 29 15 24 18 23 24 26 0 24 21 
28 26 12 21 20 27 27 17 16 24 0 22 
21 25 23 18 24 18 21 19 24 21 22 0 
