# rmTSP_13_8_10_euklid_101_100.mat
# n=13
# k=8
# a=10
# d="euklid"
# s=101
13
0 756 920 1111 1261 1249 915 1005 1220 915 1064 1233 670 
756 0 814 909 1332 1389 903 1045 1195 404 1015 1102 958 
920 814 0 958 1403 1220 802 1229 1467 735 833 1050 789 
1111 909 958 0 963 937 953 769 1638 920 892 1116 1289 
1261 1332 1403 963 0 749 1050 707 1629 1293 1208 1015 1457 
1249 1389 1220 937 749 0 735 1069 1581 1396 1040 1253 1289 
915 903 802 953 1050 735 0 1129 1340 979 678 1054 903 
1005 1045 1229 769 707 1069 1129 0 1528 995 1237 1050 1199 
1220 1195 1467 1638 1629 1581 1340 1528 0 1270 1876 1787 1245 
915 404 735 920 1293 1396 979 995 1270 0 1074 863 903 
1064 1015 833 892 1208 1040 678 1237 1876 1074 0 958 1174 
1233 1102 1050 1116 1015 1253 1054 1050 1787 863 958 0 1165 
670 958 789 1289 1457 1289 903 1199 1245 903 1174 1165 0 
