# rmTSP_20_6_40_euklid_1_100.mat
# n=20
# k=6
# a=40
# d="euklid"
# s=1
20
0 36 56 55 33 47 51 32 66 37 48 39 40 59 50 57 24 57 56 41 
36 0 29 38 33 49 38 39 47 36 37 19 27 34 47 38 30 31 26 22 
56 29 0 48 40 54 34 56 36 52 33 39 29 27 49 34 44 34 33 36 
55 38 48 0 47 49 54 41 54 34 44 32 45 46 48 47 48 37 47 33 
33 33 40 47 0 56 36 41 51 33 44 32 41 53 43 40 39 47 48 37 
47 49 54 49 56 0 49 32 48 42 43 57 30 52 33 49 37 47 59 38 
51 38 34 54 36 49 0 48 34 45 42 50 38 41 26 25 46 40 34 29 
32 39 56 41 41 32 48 0 50 15 53 40 36 60 34 43 37 41 55 30 
66 47 36 54 51 48 34 50 0 46 56 55 36 51 37 17 60 25 49 38 
37 36 52 34 33 42 45 15 46 0 54 33 39 60 36 36 43 36 52 28 
48 37 33 44 44 43 42 53 56 54 0 46 33 22 46 53 27 52 42 39 
39 19 39 32 32 57 50 40 55 33 46 0 39 47 55 45 39 36 40 32 
40 27 29 45 41 30 38 36 36 39 33 39 0 36 40 36 28 31 42 28 
59 34 27 46 53 52 41 60 51 60 22 47 36 0 51 49 40 45 28 36 
50 47 49 48 43 33 26 34 37 36 46 55 40 51 0 31 46 43 48 29 
57 38 34 47 40 49 25 43 17 36 53 45 36 49 31 0 54 22 39 27 
24 30 44 48 39 37 46 37 60 43 27 39 28 40 46 54 0 51 46 35 
57 31 34 37 47 47 40 41 25 36 52 36 31 45 43 22 51 0 37 25 
56 26 33 47 48 59 34 55 49 52 42 40 42 28 48 39 46 37 0 26 
41 22 36 33 37 38 29 30 38 28 39 32 28 36 29 27 35 25 26 0 
