# rmTSP_11_8_40_manhattan_1_100.mat
# n=11
# k=8
# a=40
# d="manhattan"
# s=1
11
0 84 118 92 127 58 102 66 130 112 53 
84 0 86 86 107 108 76 118 138 102 103 
118 86 0 90 95 106 90 112 124 124 133 
92 86 90 0 87 80 76 104 120 100 91 
127 107 95 87 0 75 83 97 125 113 102 
58 108 106 80 75 0 90 48 122 106 41 
102 76 90 76 83 90 0 100 120 68 95 
66 118 112 104 97 48 100 0 126 80 59 
130 138 124 120 125 122 120 126 0 132 123 
112 102 124 100 113 106 68 80 132 0 95 
53 103 133 91 102 41 95 59 123 95 0 
