# rmTSP_10_2_40_manhattan_1_100.mat
# n=10
# k=2
# a=40
# d="manhattan"
# s=1
10
0 30 6 33 23 17 27 8 29 30 
30 0 34 7 7 33 41 38 23 40 
6 34 0 37 27 11 21 4 33 24 
33 7 37 0 10 36 44 41 16 39 
23 7 27 10 0 26 34 31 16 33 
17 33 11 36 26 0 10 15 32 13 
27 41 21 44 34 10 0 25 40 5 
8 38 4 41 31 15 25 0 37 28 
29 23 33 16 16 32 40 37 0 35 
30 40 24 39 33 13 5 28 35 0 
