# rmTSP_14_6_80_maximum_1_100.mat
# n=14
# k=6
# a=80
# d="maximum"
# s=1
14
0 56 69 48 53 45 36 72 64 23 49 29 57 66 
56 0 53 63 15 38 34 56 48 60 31 64 45 64 
69 53 0 48 38 48 45 46 53 52 48 49 54 49 
48 63 48 0 60 52 39 62 56 44 56 31 41 29 
53 15 38 60 0 51 35 41 57 57 36 61 58 61 
45 38 48 52 51 0 48 61 65 49 39 53 46 53 
36 34 45 39 35 48 0 50 40 32 27 33 38 44 
72 56 46 62 41 61 50 0 67 57 51 63 68 69 
64 48 53 56 57 65 40 67 0 47 44 46 42 61 
23 60 52 44 57 49 32 57 47 0 53 29 53 49 
49 31 48 56 36 39 27 51 44 53 0 57 45 57 
29 64 49 31 61 53 33 63 46 29 57 0 42 41 
57 45 54 41 58 46 38 68 42 53 45 42 0 44 
66 64 49 29 61 53 44 69 61 49 57 41 44 0 
