# rmTSP_19_6_20_manhattan_101_100.mat
# n=19
# k=6
# a=20
# d="manhattan"
# s=101
19
0 3030 3939 5252 5454 2828 2020 2929 5252 2525 2525 4949 4141 2525 5858 3838 4949 4343 3838 
3030 0 2525 3030 4040 3838 2828 3131 3232 2525 4545 5353 4747 3535 5252 4242 4141 4545 2424 
3939 2525 0 2525 4141 2727 3333 4242 3737 2222 3434 3434 5252 3434 3333 3737 3030 3030 2727 
5252 3030 2525 0 2828 4242 3636 5151 4040 3737 4949 3535 5555 3737 3434 3838 3535 4141 4242 
5454 4040 4141 2828 0 6262 4242 6363 6868 5959 5555 4747 3939 3737 5454 3232 2323 4545 3232 
2828 3838 2727 4242 6262 0 2828 2525 2424 1919 2727 2727 3535 4343 3030 4646 4949 2323 3838 
2020 2828 3333 3636 4242 2828 0 2323 5050 3131 3131 4141 3131 2929 4242 3232 3939 3131 3232 
2929 3131 4242 5151 6363 2525 2323 0 3333 4040 5252 3838 3232 4040 4343 4747 6060 4848 3737 
5252 3232 3737 4040 6868 2424 5050 3333 0 2929 5151 4747 5959 6767 4444 7070 6363 3939 4646 
2525 2525 2222 3737 5959 1919 3131 4040 2929 0 2222 4646 5454 4444 4141 4747 4646 2828 3333 
2525 4545 3434 4949 5555 2727 3131 5252 5151 2222 0 4848 5454 4242 4141 4747 3838 2222 4545 
4949 5353 3434 3535 4747 2727 4141 3838 4747 4646 4848 0 3030 2828 2525 2525 4242 3838 4343 
4141 4747 5252 5555 3939 3535 3131 3232 5959 5454 5454 3030 0 3636 4949 2929 4242 4040 3333 
2525 3535 3434 3737 3737 4343 2929 4040 6767 4444 4242 2828 3636 0 4747 1515 4040 5454 3939 
5858 5252 3333 3434 5454 3030 4242 4343 4444 4141 4141 2525 4949 4747 0 4646 3737 3535 5454 
3838 4242 3737 3838 3232 4646 3232 4747 7070 4747 4747 2525 2929 1515 4646 0 3333 4343 3232 
4949 4141 3030 3535 2323 4949 3939 6060 6363 4646 3838 4242 4242 4040 3737 3333 0 3030 2323 
4343 4545 3030 4141 4545 2323 3131 4848 3939 2828 2222 3838 4040 5454 3535 4343 3030 0 3333 
3838 2424 2727 4242 3232 3838 3232 3737 4646 3333 4545 4343 3333 3939 5454 3232 2323 3333 0 
