# rmTSP_11_3_20_euklid_1_100.mat
# n=11
# k=3
# a=20
# d="euklid"
# s=1
11
0 12 7 12 10 12 5 11 13 16 11 
12 0 7 18 5 16 7 21 12 9 18 
7 7 0 17 8 16 4 18 14 14 17 
12 18 17 0 14 16 15 11 13 21 7 
10 5 8 14 0 12 6 18 7 8 13 
12 16 16 16 12 0 12 12 8 12 10 
5 7 4 15 6 12 0 15 11 12 13 
11 21 18 11 18 12 15 0 16 22 8 
13 12 14 13 7 8 11 16 0 8 9 
16 9 14 21 8 12 12 22 8 0 17 
11 18 17 7 13 10 13 8 9 17 0 
