# rmTSP_11_3_80_euklid_1_100.mat
# n=11
# k=3
# a=80
# d="euklid"
# s=1
11
0 37 50 77 39 77 26 36 82 66 68 
37 0 43 90 65 84 44 68 102 62 92 
50 43 0 52 50 42 38 55 71 19 71 
77 90 52 0 46 18 68 54 25 44 68 
39 65 50 46 0 54 43 18 44 58 62 
77 84 42 18 54 0 64 60 42 29 68 
26 44 38 68 43 64 0 36 76 51 49 
36 68 55 54 18 60 36 0 51 63 47 
82 102 71 25 44 42 76 51 0 66 69 
66 62 19 44 58 29 51 63 66 0 70 
68 92 71 68 62 68 49 47 69 70 0 
