# rmTSP_16_3_40_maximum_101_100.mat
# n=16
# k=3
# a=40
# d="maximum"
# s=101
16
0 1414 1818 2424 2020 1111 2020 2525 1212 2323 2222 707 1212 2323 1111 2121 
1414 0 1616 2929 3030 2121 2424 3333 808 909 3232 2121 2222 1919 2121 2626 
1818 1616 0 1313 2323 1313 1515 2020 909 909 1616 2525 2626 1212 2222 1616 
2424 2929 1313 0 2929 1818 1818 2626 2222 2222 2121 3131 3232 2222 2828 2222 
2020 3030 2323 2929 0 1111 2525 1616 2323 2828 808 2525 3232 2323 1111 1212 
1111 2121 1313 1818 1111 0 1414 2727 1414 1717 1717 1616 2323 2525 1010 2323 
2020 2424 1515 1818 2525 1414 0 2929 1717 1717 1919 2727 2828 2727 2424 2525 
2525 3333 2020 2626 1616 2727 2929 0 2626 2626 1010 2828 3535 2626 2727 707 
1212 808 909 2222 2323 1414 1717 2626 0 1414 2525 1616 1717 1111 1414 1919 
2323 909 909 2222 2828 1717 1717 2626 1414 0 2525 3030 3131 2121 2727 2121 
2222 3232 1616 2121 808 1717 1919 1010 2525 2525 0 2727 3434 2525 1717 606 
707 2121 2525 3131 2525 1616 2727 2828 1616 3030 2727 0 707 2525 1616 2121 
1212 2222 2626 3232 3232 2323 2828 3535 1717 3131 3434 707 0 2626 2323 2828 
2323 1919 1212 2222 2323 2525 2727 2626 1111 2121 2525 2525 2626 0 2525 1919 
1111 2121 2222 2828 1111 1010 2424 2727 1414 2727 1717 1616 2323 2525 0 2323 
2121 2626 1616 2222 1212 2323 2525 707 1919 2121 606 2121 2828 1919 2323 0 
