# rmTSP_18_2_80_maximum_101_100.mat
# n=18
# k=2
# a=80
# d="maximum"
# s=101
18
0 4848 1111 4545 4444 4343 6161 4444 6161 3434 4747 5353 808 6060 2828 202 3939 4242 
4848 0 5959 1515 1616 1919 2020 5454 5858 3535 4343 3030 4444 1919 3232 4848 1010 808 
1111 5959 0 5656 5555 4040 5757 5555 5757 3030 5858 4949 1515 5656 2727 1111 5050 5353 
4545 1515 5656 0 101 1717 3535 3939 5555 3232 2828 2727 4141 3434 2929 4545 606 707 
4444 1616 5555 101 0 1818 3636 3838 5454 3131 2727 2828 4040 3535 2828 4444 606 808 
4343 1919 4040 1717 1818 0 1818 5656 3939 1616 4545 1111 3535 1717 1515 4545 1212 1313 
6161 2020 5757 3535 3636 1818 0 7474 5353 3030 6363 2525 5353 202 3333 6363 3030 2828 
4444 5454 5555 3939 3838 5656 7474 0 7474 4747 1111 6666 4040 7373 4141 4444 4444 4646 
6161 5858 5757 5555 5454 3939 5353 7474 0 2727 6363 2828 5353 5555 3333 6363 4949 5252 
3434 3535 3030 3232 3131 1616 3030 4747 2727 0 3636 1919 2626 3232 606 3636 2626 2929 
4747 4343 5858 2828 2727 4545 6363 1111 6363 3636 0 5555 4343 6262 3131 4747 3333 3535 
5353 3030 4949 2727 2828 1111 2525 6666 2828 1919 5555 0 4545 2727 2525 5555 2222 2424 
808 4444 1515 4141 4040 3535 5353 4040 5353 2626 4343 4545 0 5252 2020 1010 3535 3838 
6060 1919 5656 3434 3535 1717 202 7373 5555 3232 6262 2727 5252 0 3232 6262 2929 2727 
2828 3232 2727 2929 2828 1515 3333 4141 3333 606 3131 2525 2020 3232 0 3030 2323 2626 
202 4848 1111 4545 4444 4545 6363 4444 6363 3636 4747 5555 1010 6262 3030 0 3939 4242 
3939 1010 5050 606 606 1212 3030 4444 4949 2626 3333 2222 3535 2929 2323 3939 0 303 
4242 808 5353 707 808 1313 2828 4646 5252 2929 3535 2424 3838 2727 2626 4242 303 0 
