# rmTSP_15_8_40_euklid_1_100.mat
# n=15
# k=8
# a=40
# d="euklid"
# s=1
15
0 62 41 58 43 40 43 40 39 54 44 22 44 59 44 
62 0 44 65 59 41 57 49 66 65 63 47 33 60 40 
41 44 0 47 48 41 33 43 55 39 59 27 44 67 44 
58 65 47 0 63 56 45 68 57 59 69 52 61 59 44 
43 59 48 63 0 41 53 41 37 60 38 42 40 63 56 
40 41 41 56 41 0 36 27 42 51 40 30 36 46 30 
43 57 33 45 53 36 0 47 42 21 47 33 55 52 44 
40 49 43 68 41 27 47 0 50 55 51 29 38 59 42 
39 66 55 57 37 42 42 50 0 49 21 39 51 43 49 
54 65 39 59 60 51 21 55 49 0 53 43 64 61 60 
44 63 59 69 38 40 47 51 21 53 0 45 49 47 55 
22 47 27 52 42 30 33 29 39 43 45 0 39 54 33 
44 33 44 61 40 36 55 38 51 64 49 39 0 49 40 
59 60 67 59 63 46 52 59 43 61 47 54 49 0 44 
44 40 44 44 56 30 44 42 49 60 55 33 40 44 0 
