# rmTSP_12_4_40_maximum_1_100.mat
# n=12
# k=4
# a=40
# d="maximum"
# s=1
12
0 28 17 19 34 33 18 15 25 14 30 20 
28 0 27 26 13 21 29 22 26 30 22 26 
17 27 0 13 33 32 27 15 25 21 29 19 
19 26 13 0 29 25 33 6 31 27 29 23 
34 13 33 29 0 24 35 26 31 36 27 29 
33 21 32 25 24 0 34 25 32 35 28 13 
18 29 27 33 35 34 0 29 26 17 31 33 
15 22 15 6 26 25 29 0 27 23 25 23 
25 26 25 31 31 32 26 27 0 28 5 31 
14 30 21 27 36 35 17 23 28 0 32 27 
30 22 29 29 27 28 31 25 5 32 0 29 
20 26 19 23 29 13 33 23 31 27 29 0 
