# rmTSP_13_2_80_manhattan_1_100.mat
# n=13
# k=2
# a=80
# d="manhattan"
# s=1
13
0 28 47 91 70 69 65 74 48 37 31 95 43 
28 0 55 99 54 77 53 82 28 65 11 103 51 
47 55 0 44 91 64 86 45 69 16 52 48 26 
91 99 44 0 61 34 56 17 71 60 88 4 48 
70 54 91 61 0 27 5 46 26 107 43 63 65 
69 77 64 34 27 0 24 19 49 80 66 36 38 
65 53 86 56 5 24 0 41 25 102 42 58 60 
74 82 45 17 46 19 41 0 54 61 71 21 31 
48 28 69 71 26 49 25 54 0 85 17 75 43 
37 65 16 60 107 80 102 61 85 0 68 64 42 
31 11 52 88 43 66 42 71 17 68 0 92 40 
95 103 48 4 63 36 58 21 75 64 92 0 52 
43 51 26 48 65 38 60 31 43 42 40 52 0 
