# rmTSP_17_2_40_euklid_1_100.mat
# n=17
# k=2
# a=40
# d="euklid"
# s=1
17
0 16 26 3 18 10 14 14 22 18 6 17 12 17 36 30 4 
16 0 22 13 6 17 3 5 12 28 17 15 8 9 23 24 20 
26 22 0 24 28 17 24 18 34 20 21 36 17 31 20 4 27 
3 13 24 0 15 9 11 11 20 19 6 16 9 15 33 27 7 
18 6 28 15 0 22 5 11 6 33 20 10 13 4 27 30 22 
10 17 17 9 22 0 17 13 28 11 4 25 10 23 31 21 10 
14 3 24 11 5 17 0 6 11 28 16 12 8 7 25 26 18 
14 5 18 11 11 13 6 0 17 23 13 18 3 13 22 20 17 
22 12 34 20 6 28 11 17 0 38 26 9 19 5 30 35 26 
18 28 20 19 33 11 28 23 38 0 13 35 20 33 38 24 16 
6 17 21 6 20 4 16 13 26 13 0 22 10 21 33 25 6 
17 15 36 16 10 25 12 18 9 35 22 0 19 6 37 38 21 
12 8 17 9 13 10 8 3 19 20 10 19 0 15 24 20 15 
17 9 31 15 4 23 7 13 5 33 21 6 15 0 31 33 21 
36 23 20 33 27 31 25 22 30 38 33 37 24 31 0 17 39 
30 24 4 27 30 21 26 20 35 24 25 38 20 33 17 0 31 
4 20 27 7 22 10 18 17 26 16 6 21 15 21 39 31 0 
