# rmTSP_16_3_20_manhattan_101_100.mat
# n=16
# k=3
# a=20
# d="manhattan"
# s=101
16
0 3030 1414 1212 707 3636 2525 2323 2828 2626 2121 3030 2424 2323 2929 808 
3030 0 4242 1818 3131 1616 2929 2121 3434 3232 2929 2626 3232 3131 1313 3232 
1414 4242 0 2424 2121 3030 1313 2929 1616 1212 1919 1616 1010 1111 2929 1010 
1212 1818 2424 0 1313 3030 2121 2929 2424 2020 1919 3232 2020 1919 2323 1414 
707 3131 2121 1313 0 4343 3232 2424 3535 3333 2828 3737 3131 3030 3636 1515 
3636 1616 3030 3030 4343 0 1717 2121 1818 2020 1717 1414 2020 1919 707 2828 
2525 2929 1313 2121 3232 1717 0 2424 1515 1111 2020 1111 303 202 1616 1717 
2323 2121 2929 2929 2424 2121 2424 0 3939 3535 3434 1515 2727 2626 1818 1919 
2828 3434 1616 2424 3535 1818 1515 3939 0 808 707 2626 1414 1313 2121 2020 
2626 3232 1212 2020 3333 2020 1111 3535 808 0 1313 2020 808 909 1919 1818 
2121 2929 1919 1919 2828 1717 2020 3434 707 1313 0 3131 1919 1818 1616 1515 
3030 2626 1616 3232 3737 1414 1111 1515 2626 2020 3131 0 1212 1313 1717 2222 
2424 3232 1010 2020 3131 2020 303 2727 1414 808 1919 1212 0 101 1919 1616 
2323 3131 1111 1919 3030 1919 202 2626 1313 909 1818 1313 101 0 1818 1515 
2929 1313 2929 2323 3636 707 1616 1818 2121 1919 1616 1717 1919 1818 0 2121 
808 3232 1010 1414 1515 2828 1717 1919 2020 1818 1515 2222 1616 1515 2121 0 
