# rmTSP_13_8_20_manhattan_101_100.mat
# n=13
# k=8
# a=20
# d="manhattan"
# s=101
13
0 5656 4848 5757 7070 4444 5757 8282 7575 7979 3838 5555 5858 
5656 0 5050 4747 5454 5454 5757 7070 3737 5353 4646 5353 3030 
4848 5050 0 6969 5858 4848 6565 7474 6565 6565 6666 6363 6060 
5757 4747 6969 0 3737 4141 5454 3737 4848 3434 3737 5252 4141 
7070 5454 5858 3737 0 6060 5959 5252 6565 4545 4646 3535 5252 
4444 5454 4848 4141 6060 0 5555 4040 6969 4949 4444 6363 5050 
5757 5757 6565 5454 5959 5555 0 4343 4848 4646 7373 4040 4747 
8282 7070 7474 3737 5252 4040 4343 0 6565 3939 6868 5353 5858 
7575 3737 6565 4848 6565 6969 4848 6565 0 4444 6363 6262 5757 
7979 5353 6565 3434 4545 4949 4646 3939 4444 0 5151 7070 6565 
3838 4646 6666 3737 4646 4444 7373 6868 6363 5151 0 5959 5858 
5555 5353 6363 5252 3535 6363 4040 5353 6262 7070 5959 0 4747 
5858 3030 6060 4141 5252 5050 4747 5858 5757 6565 5858 4747 0 
