# rmTSP_10_6_80_euklid_1_100.mat
# n=10
# k=6
# a=80
# d="euklid"
# s=1
10
0 120 106 80 62 86 98 87 49 103 
120 0 97 85 78 100 70 85 99 57 
106 97 0 89 87 114 115 88 96 121 
80 85 89 0 58 63 84 44 60 98 
62 78 87 58 0 79 94 65 49 87 
86 100 114 63 79 0 97 34 59 89 
98 70 115 84 94 97 0 97 96 49 
87 85 88 44 65 34 97 0 53 93 
49 99 96 60 49 59 96 53 0 95 
103 57 121 98 87 89 49 93 95 0 
