# rmTSP_19_6_20_manhattan_1_100.mat
# n=19
# k=6
# a=20
# d="manhattan"
# s=1
19
0 41 43 33 40 46 30 33 25 20 49 35 36 54 51 39 57 42 40 
41 0 34 22 37 37 53 12 46 41 32 48 63 35 38 36 62 51 31 
43 34 0 22 37 39 35 32 30 27 46 48 49 27 36 50 42 27 25 
33 22 22 0 45 45 45 20 26 25 30 40 45 45 36 34 56 49 31 
40 37 37 45 0 36 26 43 49 42 55 47 70 28 55 45 29 30 40 
46 37 39 45 36 0 46 43 41 34 67 43 64 48 51 33 51 32 18 
30 53 35 45 26 46 0 51 41 32 55 43 56 34 55 51 39 26 48 
33 12 32 20 43 43 51 0 44 39 36 50 59 41 42 40 70 47 29 
25 46 30 26 49 41 41 44 0 13 46 34 25 47 38 44 42 37 31 
20 41 27 25 42 34 32 39 13 0 49 33 36 50 41 39 47 34 30 
49 32 46 30 55 67 55 36 46 49 0 32 45 43 30 50 52 61 55 
35 48 48 40 47 43 43 50 34 33 32 0 29 49 34 36 36 45 43 
36 63 49 45 70 64 56 59 25 36 45 29 0 56 33 65 45 50 50 
54 35 27 45 28 48 34 41 47 50 43 49 56 0 27 67 29 34 42 
51 38 36 36 55 51 55 42 38 41 30 34 33 27 0 60 32 39 43 
39 36 50 34 45 33 51 40 44 39 50 36 65 67 60 0 54 53 43 
57 62 42 56 29 51 39 70 42 47 52 36 45 29 32 54 0 31 55 
42 51 27 49 30 32 26 47 37 34 61 45 50 34 39 53 31 0 34 
40 31 25 31 40 18 48 29 31 30 55 43 50 42 43 43 55 34 0 
