# rmTSP_11_2_80_manhattan_1_100.mat
# n=11
# k=2
# a=80
# d="manhattan"
# s=1
11
0 20 76 47 68 45 72 76 32 97 50 
20 0 96 67 88 65 74 96 38 117 70 
76 96 0 29 28 43 62 36 58 21 26 
47 67 29 0 55 16 89 29 29 50 53 
68 88 28 55 0 71 34 64 70 41 18 
45 65 43 16 71 0 105 31 27 52 69 
72 74 62 89 34 105 0 98 104 75 36 
76 96 36 29 64 31 98 0 58 23 62 
32 38 58 29 70 27 104 58 0 79 68 
97 117 21 50 41 52 75 23 79 0 47 
50 70 26 53 18 69 36 62 68 47 0 
