# rmTSP_18_6_20_manhattan_1_100.mat
# n=18
# k=6
# a=20
# d="manhattan"
# s=1
18
0 47 63 34 33 48 38 60 50 42 36 38 49 28 24 28 53 54 
47 0 46 51 52 61 61 33 19 51 47 31 34 49 51 45 48 37 
63 46 0 39 40 29 35 31 41 47 37 49 26 49 49 37 24 33 
34 51 39 0 13 34 22 38 50 40 42 42 27 38 18 36 33 36 
33 52 40 13 0 25 17 39 51 43 43 53 26 45 21 45 34 33 
48 61 29 34 25 0 14 48 48 44 34 66 39 50 44 48 19 28 
38 61 35 22 17 14 0 40 44 42 26 54 31 38 34 40 17 32 
60 33 31 38 39 48 40 0 30 56 46 30 19 34 46 44 35 34 
50 19 41 50 51 48 44 30 0 56 32 36 29 42 52 44 31 38 
42 51 47 40 43 44 42 56 56 0 36 38 53 46 44 28 53 34 
36 47 37 42 43 34 26 46 32 36 0 38 41 24 42 24 29 48 
38 31 49 42 53 66 54 30 36 38 38 0 39 24 38 20 53 42 
49 34 26 27 26 39 31 19 29 53 41 39 0 43 33 41 26 33 
28 49 49 38 45 50 38 34 42 46 24 24 43 0 32 24 43 54 
24 51 49 18 21 44 34 46 52 44 42 38 33 32 0 32 45 40 
28 45 37 36 45 48 40 44 44 28 24 20 41 24 32 0 39 42 
53 48 24 33 34 19 17 35 31 53 29 53 26 43 45 39 0 29 
54 37 33 36 33 28 32 34 38 34 48 42 33 54 40 42 29 0 
