# rmTSP_10_8_20_manhattan_1_100.mat
# n=10
# k=8
# a=20
# d="manhattan"
# s=1
10
0 37 38 44 48 22 54 42 47 49 
37 0 51 39 35 41 41 57 66 52 
38 51 0 42 66 46 68 24 65 47 
44 39 42 0 58 62 44 40 69 47 
48 35 66 58 0 48 48 60 81 47 
22 41 46 62 48 0 52 46 49 55 
54 41 68 44 48 52 0 60 69 53 
42 57 24 40 60 46 60 0 63 41 
47 66 65 69 81 49 69 63 0 64 
49 52 47 47 47 55 53 41 64 0 
