# rmTSP_18_4_40_manhattan_1_100.mat
# n=18
# k=4
# a=40
# d="manhattan"
# s=1
18
0 75 73 79 79 44 78 55 57 32 35 48 61 24 59 65 73 64 
75 0 80 48 104 81 63 90 64 83 68 73 42 99 70 58 36 85 
73 80 0 72 24 77 63 26 64 41 64 57 44 51 68 62 44 85 
79 48 72 0 80 43 29 72 26 57 56 39 48 77 46 30 34 41 
79 104 24 80 0 77 55 28 70 55 88 79 68 57 90 78 68 83 
44 81 77 43 77 0 42 55 21 42 45 36 79 40 53 59 49 20 
78 63 63 29 55 42 0 59 23 56 67 58 65 76 75 59 35 38 
55 90 26 72 28 55 59 0 54 35 68 59 48 33 70 62 58 73 
57 64 64 26 70 21 23 54 0 35 52 43 66 55 60 44 36 21 
32 83 41 57 55 42 56 35 35 0 33 32 41 20 43 43 51 50 
35 68 64 56 88 45 67 68 52 33 0 17 44 41 30 44 50 49 
48 73 57 39 79 36 58 59 43 32 17 0 43 44 17 27 47 44 
61 42 44 48 68 79 65 48 66 41 44 43 0 57 38 32 40 87 
24 99 51 77 57 40 76 33 55 20 41 44 57 0 55 63 71 60 
59 70 68 46 90 53 75 70 60 43 30 17 38 55 0 22 64 53 
65 58 62 30 78 59 59 62 44 43 44 27 32 63 22 0 54 65 
73 36 44 34 68 49 35 58 36 51 50 47 40 71 64 54 0 57 
64 85 85 41 83 20 38 73 21 50 49 44 87 60 53 65 57 0 
