# rmTSP_10_6_20_euklid_1_100.mat
# n=10
# k=6
# a=20
# d="euklid"
# s=1
10
0 11 23 25 24 16 15 26 15 20 
11 0 20 20 16 14 22 20 11 17 
23 20 0 19 22 29 29 27 19 24 
25 20 19 0 17 23 28 23 19 23 
24 16 22 17 0 21 26 14 12 14 
16 14 29 23 21 0 22 18 19 17 
15 22 29 28 26 22 0 27 16 21 
26 20 27 23 14 18 27 0 19 7 
15 11 19 19 12 19 16 19 0 14 
20 17 24 23 14 17 21 7 14 0 
