# rmTSP_11_4_40_euklid_1_100.mat
# n=11
# k=4
# a=40
# d="euklid"
# s=1
11
0 41 42 31 26 22 32 14 28 46 36 
41 0 25 27 33 26 23 36 15 17 40 
42 25 0 45 46 28 39 32 30 41 48 
31 27 45 0 13 31 20 37 16 24 35 
26 33 46 13 0 31 22 33 20 34 32 
22 26 28 31 31 0 21 14 19 32 27 
32 23 39 20 22 21 0 32 14 18 19 
14 36 32 37 33 14 32 0 27 44 35 
28 15 30 16 20 19 14 27 0 20 31 
46 17 41 24 34 32 18 44 20 0 36 
36 40 48 35 32 27 19 35 31 36 0 
