# rmTSP_10_6_10_manhattan_101_100.mat
# n=10
# k=6
# a=10
# d="manhattan"
# s=101
10
0 2020 1717 707 1515 2525 2222 1818 2222 1414 
2020 0 2121 1919 2121 2121 3232 2020 808 3030 
1717 2121 0 1818 606 2828 2323 1919 1919 1717 
707 1919 1818 0 1616 2626 1717 1515 2525 1717 
1515 2121 606 1616 0 2424 1919 2323 2121 2121 
2525 2121 2828 2626 2424 0 1717 3131 2121 3131 
2222 3232 2323 1717 1919 1717 0 2424 3434 2222 
1818 2020 1919 1515 2323 3131 2424 0 2222 1414 
2222 808 1919 2525 2121 2121 3434 2222 0 2828 
1414 3030 1717 1717 2121 3131 2222 1414 2828 0 
