# rmTSP_16_4_10_euklid_101_100.mat
# n=16
# k=4
# a=10
# d="euklid"
# s=101
16
0 749 742 1005 776 769 515 735 544 364 937 429 763 647 589 589 
749 0 662 869 429 1289 1092 1020 1078 795 942 814 892 979 1005 984 
742 662 0 647 440 1020 1010 802 1015 580 869 1078 335 931 857 515 
1005 869 647 0 685 1083 1174 769 1000 1020 1305 1191 926 714 1374 931 
776 429 440 685 0 1054 1182 742 1125 670 707 984 655 926 942 763 
769 1289 1020 1083 1054 0 1020 391 875 721 1050 1020 953 721 958 655 
515 1092 1010 1174 1182 1020 0 1074 335 776 1421 655 1035 749 926 845 
735 1020 802 769 742 391 1074 0 892 685 920 963 845 589 1005 647 
544 1078 1015 1000 1125 875 335 892 0 833 1439 614 1097 452 1074 875 
364 795 580 1020 670 721 776 685 833 0 662 763 474 857 364 335 
937 942 869 1305 707 1050 1421 920 1439 662 0 1186 763 1321 685 821 
429 814 1078 1191 984 1020 655 963 614 763 1186 0 1165 707 915 1010 
763 892 335 926 655 953 1035 845 1097 474 763 1165 0 1078 662 335 
647 979 931 714 926 721 749 589 452 857 1321 707 1078 0 1182 875 
589 1005 857 1374 942 958 926 1005 1074 364 685 915 662 1182 0 589 
589 984 515 931 763 655 845 647 875 335 821 1010 335 875 589 0 
