# rmTSP_13_6_40_euklid_1_100.mat
# n=13
# k=6
# a=40
# d="euklid"
# s=1
13
0 48 58 60 42 58 53 34 39 34 38 27 47 
48 0 49 56 53 45 39 41 50 36 42 41 48 
58 49 0 32 40 23 32 38 51 49 55 42 57 
60 56 32 0 32 31 45 49 39 60 44 52 57 
42 53 40 32 0 34 42 38 28 46 27 32 48 
58 45 23 31 34 0 21 35 51 42 45 44 44 
53 39 32 45 42 21 0 22 58 33 46 40 30 
34 41 38 49 38 35 22 0 51 23 41 27 27 
39 50 51 39 28 51 58 51 0 54 29 38 61 
34 36 49 60 46 42 33 23 54 0 44 33 32 
38 42 55 44 27 45 46 41 29 44 0 36 41 
27 41 42 52 32 44 40 27 38 33 36 0 48 
47 48 57 57 48 44 30 27 61 32 41 48 0 
