# rmTSP_15_6_10_manhattan_1_100.mat
# n=15
# k=6
# a=10
# d="manhattan"
# s=1
15
0 27 23 24 14 22 20 31 24 22 21 15 21 18 26 
27 0 16 21 29 7 15 10 17 23 32 22 20 15 19 
23 16 0 19 21 15 25 22 9 11 18 18 28 7 17 
24 21 19 0 18 20 24 21 18 12 17 21 15 20 14 
14 29 21 18 0 28 24 25 18 16 21 23 25 18 24 
22 7 15 20 28 0 16 17 20 22 27 15 17 16 20 
20 15 25 24 24 16 0 17 28 28 41 23 25 24 18 
31 10 22 21 25 17 17 0 23 25 38 30 20 21 17 
24 17 9 18 18 20 28 23 0 14 17 19 29 6 22 
22 23 11 12 16 22 28 25 14 0 19 17 25 14 12 
21 32 18 17 21 27 41 38 17 19 0 18 24 17 31 
15 22 18 21 23 15 23 30 19 17 18 0 16 17 25 
21 20 28 15 25 17 25 20 29 25 24 16 0 25 21 
18 15 7 20 18 16 24 21 6 14 17 17 25 0 20 
26 19 17 14 24 20 18 17 22 12 31 25 21 20 0 
