# rmTSP_11_6_20_manhattan_101_100.mat
# n=11
# k=6
# a=20
# d="manhattan"
# s=101
11
0 3636 4747 2626 4242 4949 4949 3636 3535 4141 3636 
3636 0 4949 3838 3636 4949 6565 3838 3939 2323 2626 
4747 4949 0 5151 6161 6464 4848 2525 5454 4646 2929 
2626 3838 5151 0 3838 5555 5555 2626 3131 3737 3030 
4242 3636 6161 3838 0 1919 2929 4242 2323 2323 3434 
4949 4949 6464 5555 1919 0 2828 5959 3838 2626 3939 
4949 6565 4848 5555 2929 2828 0 5151 3434 4242 4545 
3636 3838 2525 2626 4242 5959 5151 0 3939 4141 2424 
3535 3939 5454 3131 2323 3838 3434 3939 0 3030 3939 
4141 2323 4646 3737 2323 2626 4242 4141 3030 0 1717 
3636 2626 2929 3030 3434 3939 4545 2424 3939 1717 0 
