# rmTSP_11_2_80_maximum_1_100.mat
# n=11
# k=2
# a=80
# d="maximum"
# s=1
11
0 18 53 10 52 59 47 55 35 73 70 
18 0 35 8 38 45 29 41 17 55 56 
53 35 0 43 55 16 31 21 43 40 41 
10 8 43 0 42 49 37 45 25 63 60 
52 38 55 42 0 40 49 34 52 75 18 
59 45 16 49 40 0 47 6 59 56 26 
47 29 31 37 49 47 0 43 12 26 58 
55 41 21 45 34 6 43 0 55 52 20 
35 17 43 25 52 59 12 55 0 38 70 
73 55 40 63 75 56 26 52 38 0 67 
70 56 41 60 18 26 58 20 70 67 0 
