# rmTSP_11_8_10_euklid_101_100.mat
# n=11
# k=8
# a=10
# d="euklid"
# s=101
11
0 1186 1439 969 1212 1035 1571 1613 1083 1191 1233 
1186 0 1074 623 1050 1199 1143 1233 974 931 931 
1439 1074 0 931 909 1340 898 1097 1237 880 1106 
969 623 931 0 714 1191 1253 1241 931 721 735 
1212 1050 909 714 0 1389 1355 1439 1453 995 851 
1035 1199 1340 1191 1389 0 1083 1245 1491 1317 1464 
1571 1143 898 1253 1355 1083 0 851 1396 1174 1305 
1613 1233 1097 1241 1439 1245 851 0 1245 821 1078 
1083 974 1237 931 1453 1491 1396 1245 0 821 1040 
1191 931 880 721 995 1317 1174 821 821 0 495 
1233 931 1106 735 851 1464 1305 1078 1040 495 0 
