# rmTSP_11_4_80_maximum_101_100.mat
# n=11
# k=4
# a=80
# d="maximum"
# s=101
11
0 5454 5555 4747 3636 6464 5454 4848 3434 3838 4242 
5454 0 6868 6060 6060 6767 5555 6161 2020 2525 5959 
5555 6868 0 2626 7676 6464 5353 5959 5151 4343 6060 
4747 6060 2626 0 6464 5757 4747 5151 4242 3737 3434 
3636 6060 7676 6464 0 7171 6868 7474 4040 4444 5959 
6464 6767 6464 5757 7171 0 5656 6262 5252 5050 6969 
5454 5555 5353 4747 6868 5656 0 3636 4343 3333 5959 
4848 6161 5959 5151 7474 6262 3636 0 4949 3939 5858 
3434 2020 5151 4242 4040 5252 4343 4949 0 1010 3939 
3838 2525 4343 3737 4444 5050 3333 3939 1010 0 4343 
4242 5959 6060 3434 5959 6969 5959 5858 3939 4343 0 
