# rmTSP_11_6_40_euklid_1_100.mat
# n=11
# k=6
# a=40
# d="euklid"
# s=1
11
0 18 40 40 46 49 25 17 41 33 42 
18 0 32 39 52 54 23 21 32 34 38 
40 32 0 37 36 56 30 32 16 33 38 
40 39 37 0 36 45 34 39 39 43 14 
46 52 36 36 0 46 38 43 40 47 41 
49 54 56 45 46 0 58 57 53 52 47 
25 23 30 34 38 58 0 20 29 40 33 
17 21 32 39 43 57 20 0 35 25 40 
41 32 16 39 40 53 29 35 0 37 34 
33 34 33 43 47 52 40 25 37 0 45 
42 38 38 14 41 47 33 40 34 45 0 
