# rmTSP_12_8_80_maximum_101_100.mat
# n=12
# k=8
# a=80
# d="maximum"
# s=101
12
0 5151 7171 6565 7373 6767 6868 4747 4242 5757 5151 5757 
5151 0 4848 5050 4444 6868 4343 6969 4848 5757 6464 7171 
7171 4848 0 3434 5858 7070 5454 7272 6666 6060 6363 7373 
6565 5050 3434 0 4646 7373 6767 7474 5353 6565 5959 7676 
7373 4444 5858 4646 0 5757 5454 7474 6868 6767 7474 3737 
6767 6868 7070 7373 5757 0 5656 6868 6262 6868 6060 3333 
6868 4343 5454 6767 5454 5656 0 6969 6363 6060 6060 6868 
4747 6969 7272 7474 7474 6868 6969 0 3030 6969 6262 4848 
4242 4848 6666 5353 6868 6262 6363 3030 0 5959 5656 6767 
5757 5757 6060 6565 6767 6868 6060 6969 5959 0 2929 7171 
5151 6464 6363 5959 7474 6060 6060 6262 5656 2929 0 6363 
5757 7171 7373 7676 3737 3333 6868 4848 6767 7171 6363 0 
