# rmTSP_20_6_80_maximum_101_100.mat
# n=20
# k=6
# a=80
# d="maximum"
# s=101
20
0 7070 5959 5151 7070 7474 7575 6767 5050 4141 1919 5252 5555 6060 6969 5555 7272 6969 6060 3232 
7070 0 5050 7171 4444 5353 6767 6969 4040 6262 6464 7272 5555 4747 6969 6767 5454 4747 6969 5050 
5959 5050 0 5252 5050 6060 5454 7676 6060 6161 7171 2727 6262 3434 7676 4646 6161 4949 7676 5252 
5151 7171 5252 0 7171 7575 7474 6868 5151 5050 6363 2525 5454 5555 6868 5656 7373 7070 6868 5050 
7070 4444 5050 7171 0 2727 4747 4343 4242 6262 5151 7272 5555 3434 5555 2323 4444 1111 4343 4444 
7474 5353 6060 7575 2727 0 5454 4646 5656 6666 5555 7676 5959 6161 4747 4242 3333 1616 3636 4848 
7575 6767 5454 7474 4747 5454 0 4040 5151 6565 7474 7575 6464 5555 7878 6464 6767 4242 4848 5858 
6767 6969 7676 6868 4343 4646 4040 0 3030 4747 6666 6969 4545 7777 5959 5858 4848 3636 4040 5050 
5050 4040 6060 5151 4242 5656 5151 3030 0 5353 4545 5252 3737 4747 5151 4141 4040 4848 3030 5858 
4141 6262 6161 5050 6262 6666 6565 4747 5353 0 3535 5353 2727 4646 3939 4747 6464 6161 5252 6666 
1919 6464 7171 6363 5151 5555 7474 6666 4545 3535 0 6464 5353 7272 6767 5353 5656 5050 4141 3737 
5252 7272 2727 2525 7272 7676 7575 6969 5252 5353 6464 0 5555 5656 6969 5757 7474 7171 6969 4545 
5555 5555 6262 5454 5555 5959 6464 4545 3737 2727 5353 5555 0 6363 2525 6464 5757 5454 4545 5858 
6060 4747 3434 5555 3434 6161 5555 7777 4747 4646 7272 5656 6363 0 7777 4343 6262 4545 7777 5353 
6969 6969 7676 6868 5555 4747 7878 5959 5151 3939 6767 6969 2525 7777 0 7878 4545 5858 4141 5151 
5555 6767 4646 5656 2323 4242 6464 5858 4141 4747 5353 5757 6464 4343 7878 0 6767 2626 5858 4343 
7272 5454 6161 7373 4444 3333 6767 4848 4040 6464 5656 7474 5757 6262 4545 6767 0 4747 2525 4646 
6969 4747 4949 7070 1111 1616 4242 3636 4848 6161 5050 7171 5454 4545 5858 2626 4747 0 3232 4343 
6060 6969 7676 6868 4343 3636 4848 4040 3030 5252 4141 6969 4545 7777 4141 5858 2525 3232 0 4141 
3232 5050 5252 5050 4444 4848 5858 5050 5858 6666 3737 4545 5858 5353 5151 4343 4646 4343 4141 0 
