# rmTSP_14_2_80_euklid_101_100.mat
# n=14
# k=2
# a=80
# d="euklid"
# s=101
14
0 3227 1738 2445 4958 2060 4185 7154 5488 7545 5968 3897 3194 4571 
3227 0 4051 1182 1961 2779 1220 3971 3285 5900 4286 4557 2786 4348 
1738 4051 0 2931 5316 1538 5214 7982 6884 9133 7518 5632 2587 6291 
2445 1182 2931 0 2531 1597 2401 5051 4385 6931 5293 4849 1767 4925 
4958 1961 5316 2531 0 3803 2121 3038 4121 6752 5316 6420 3146 6028 
2060 2779 1538 1597 3803 0 3996 6577 5911 8371 6727 5592 1178 5965 
4185 1220 5214 2401 2121 3996 0 3003 2185 4850 3302 4474 3960 3944 
7154 3971 7982 5051 3038 6577 3003 0 3257 5160 4315 6999 6124 6121 
5488 3285 6884 4385 4121 5911 2185 3257 0 2668 1216 3951 6071 2929 
7545 5900 9133 6931 6752 8371 4850 5160 2668 0 1644 4650 8665 3447 
5968 4286 7518 5293 5316 6727 3302 4315 1216 1644 0 3552 7035 2364 
3897 4557 5632 4849 6420 5592 4474 6999 3951 4650 3552 0 6443 1216 
3194 2786 2587 1767 3146 1178 3960 6124 6071 8665 7035 6443 0 6645 
4571 4348 6291 4925 6028 5965 3944 6121 2929 3447 2364 1216 6645 0 
