# rmTSP_11_3_40_manhattan_1_100.mat
# n=11
# k=3
# a=40
# d="manhattan"
# s=1
11
0 29 38 45 27 25 41 47 48 49 19 
29 0 33 40 56 34 36 42 43 20 10 
38 33 0 35 57 23 13 31 12 23 33 
45 40 35 0 48 30 22 16 23 58 40 
27 56 57 48 0 34 44 50 51 76 46 
25 34 23 30 34 0 16 26 23 42 34 
41 36 13 22 44 16 0 18 7 36 36 
47 42 31 16 50 26 18 0 19 54 42 
48 43 12 23 51 23 7 19 0 35 43 
49 20 23 58 76 42 36 54 35 0 30 
19 10 33 40 46 34 36 42 43 30 0 
