# rmTSP_15_4_80_maximum_1_100.mat
# n=15
# k=4
# a=80
# d="maximum"
# s=1
15
0 29 13 40 48 60 46 55 23 45 52 34 32 57 59 
29 0 40 58 64 47 42 61 20 25 54 54 34 73 31 
13 40 0 39 35 60 46 51 34 45 48 30 42 44 55 
40 58 39 0 44 21 34 26 52 54 62 28 60 50 51 
48 64 35 44 0 65 51 29 51 50 27 31 37 10 46 
60 47 60 21 65 0 19 37 60 39 47 49 45 71 36 
46 42 46 34 51 19 0 26 46 24 28 35 35 57 30 
55 61 51 26 29 37 26 0 48 43 36 26 61 39 43 
23 20 34 52 51 60 46 48 0 45 41 48 32 60 46 
45 25 45 54 50 39 24 43 45 0 36 50 35 56 30 
52 54 48 62 27 47 28 36 41 36 0 58 58 36 36 
34 54 30 28 31 49 35 26 48 50 58 0 56 38 47 
32 34 42 60 37 45 35 61 32 35 58 56 0 43 65 
57 73 44 50 10 71 57 39 60 56 36 38 43 0 55 
59 31 55 51 46 36 30 43 46 30 36 47 65 55 0 
