# rmTSP_12_8_40_euklid_1_100.mat
# n=12
# k=8
# a=40
# d="euklid"
# s=1
12
0 41 42 41 47 54 50 38 45 36 19 34 
41 0 35 43 45 37 49 31 30 50 40 43 
42 35 0 56 51 40 37 36 35 48 40 45 
41 43 56 0 52 48 66 45 38 45 52 31 
47 45 51 52 0 53 58 37 40 49 50 41 
54 37 40 48 53 0 50 33 33 49 55 47 
50 49 37 66 58 50 0 48 40 67 46 43 
38 31 36 45 37 33 48 0 30 41 43 44 
45 30 35 38 40 33 40 30 0 56 45 32 
36 50 48 45 49 49 67 41 56 0 49 46 
19 40 40 52 50 55 46 43 45 49 0 41 
34 43 45 31 41 47 43 44 32 46 41 0 
