# rmTSP_11_6_10_manhattan_101_100.mat
# n=11
# k=6
# a=10
# d="manhattan"
# s=101
11
0 2929 2626 2626 1111 808 2525 1414 2727 1616 1919 
2929 0 2323 1515 2424 2323 2626 2525 808 1919 2424 
2626 2323 0 2020 2121 2020 1515 1818 1515 2626 1919 
2626 1515 2020 0 1919 1818 1717 2020 1313 2222 1515 
1111 2424 2121 1919 0 1313 2222 1313 2020 1717 1616 
808 2323 2020 1818 1313 0 2323 1212 2121 1616 1919 
2525 2626 1515 1717 2222 2323 0 2727 2424 1515 2020 
1414 2525 1818 2020 1313 1212 2727 0 2323 2222 1919 
2727 808 1515 1313 2020 2121 2424 2323 0 2525 1616 
1616 1919 2626 2222 1717 1616 1515 2222 2525 0 3131 
1919 2424 1919 1515 1616 1919 2020 1919 1616 3131 0 
