# rmTSP_15_8_80_manhattan_101_100.mat
# n=15
# k=8
# a=80
# d="manhattan"
# s=101
15
0 32825 17776 15655 16665 32421 19291 13837 18483 22523 15958 23129 19998 26260 13736 
32825 0 28179 25250 24644 10302 26866 29492 22220 16968 24745 21816 25149 22119 28179 
17776 28179 0 23331 15251 27573 27573 20301 13029 21917 13938 22523 18786 24846 20806 
15655 25250 23331 0 24038 25856 28078 27068 15352 15958 13635 26058 19291 15857 15655 
16665 24644 15251 24038 0 20200 16968 21412 16160 21816 22321 22220 23533 19089 14645 
32421 10302 27573 25856 20200 0 20200 33532 23230 19392 22725 24038 28583 16463 24139 
19291 26866 27573 28078 16968 20200 0 18180 21614 25856 23735 21816 18483 20503 19291 
13837 29492 20301 27068 21412 33532 18180 0 23836 25856 24543 21816 14645 27169 19291 
18483 22220 13029 15352 16160 23230 21614 23836 0 13534 12019 20402 12423 22523 22927 
22523 16968 21917 15958 21816 19392 25856 25856 13534 0 15857 21614 15049 19897 24947 
15958 24745 13938 13635 22321 22725 23735 24543 12019 15857 0 28987 18988 20200 19190 
23129 21816 22523 26058 22220 24038 21816 21816 20402 21614 28987 0 17877 24341 28381 
19998 25149 18786 19291 23533 28583 18483 14645 12423 15049 18988 17877 0 20806 24846 
26260 22119 24846 15857 19089 16463 20503 27169 22523 19897 20200 24341 20806 0 19594 
13736 28179 20806 15655 14645 24139 19291 19291 22927 24947 19190 28381 24846 19594 0 
