# rmTSP_16_6_80_maximum_1_100.mat
# n=16
# k=6
# a=80
# d="maximum"
# s=1
16
0 54 35 26 53 61 49 62 44 70 51 66 53 40 68 71 
54 0 44 64 40 42 46 75 51 30 58 72 48 51 59 31 
35 44 0 30 31 37 54 64 33 74 56 70 40 29 72 75 
26 64 30 0 33 48 56 60 27 64 58 49 63 20 47 50 
53 40 31 33 0 63 56 59 46 68 51 64 39 32 66 69 
61 42 37 48 63 0 50 62 38 72 70 68 63 66 70 73 
49 46 54 56 56 50 0 66 42 63 49 63 69 72 61 64 
62 75 64 60 59 62 66 0 51 75 66 58 74 57 21 59 
44 51 33 27 46 38 42 51 0 51 53 37 50 30 39 44 
70 30 74 64 68 72 63 75 51 0 68 72 38 67 59 32 
51 58 56 58 51 70 49 66 53 68 0 68 64 67 66 69 
66 72 70 49 64 68 63 58 37 72 68 0 71 67 39 56 
53 48 40 63 39 63 69 74 50 38 64 71 0 46 58 65 
40 51 29 20 32 66 72 57 30 67 67 67 46 0 65 68 
68 59 72 47 66 70 61 21 39 59 66 39 58 65 0 43 
71 31 75 50 69 73 64 59 44 32 69 56 65 68 43 0 
