# rmTSP_13_2_80_manhattan_101_100.mat
# n=13
# k=2
# a=80
# d="manhattan"
# s=101
13
0 5959 1111 2121 3737 5454 4848 303 3434 7171 3232 3838 4141 
5959 0 7070 7070 9696 6969 10807 5858 2525 6868 2727 6767 2222 
1111 7070 0 1010 2626 6565 3737 1414 4545 6060 4343 4949 5252 
2121 7070 1010 0 2626 7575 3737 2424 4545 5050 4343 5959 5252 
3737 9696 2626 2626 0 6565 2727 3838 7171 6060 6969 4949 7878 
5454 6969 6565 7575 6565 0 9292 5151 4848 12625 6060 1616 4747 
4848 10807 3737 3737 2727 9292 0 4949 8282 3939 8080 7676 8989 
303 5858 1414 2424 3838 5151 4949 0 3333 7474 3131 3535 4040 
3434 2525 4545 4545 7171 4848 8282 3333 0 7777 1212 4242 707 
7171 6868 6060 5050 6060 12625 3939 7474 7777 0 6565 11009 7878 
3232 2727 4343 4343 6969 6060 8080 3131 1212 6565 0 4444 1313 
3838 6767 4949 5959 4949 1616 7676 3535 4242 11009 4444 0 4949 
4141 2222 5252 5252 7878 4747 8989 4040 707 7878 1313 4949 0 
