# rmTSP_10_2_80_euklid_101_100.mat
# n=10
# k=2
# a=80
# d="euklid"
# s=101
10
0 6609 4915 4297 6063 2801 1644 4857 2835 2626 
6609 0 4400 2710 4043 3934 5678 3850 5512 5369 
4915 4400 0 4428 7012 4021 5214 6081 2258 2364 
4297 2710 4428 0 2607 1501 3078 1681 4287 4043 
6063 4043 7012 2607 0 3676 4473 1216 6790 6527 
2801 3934 4021 1501 3676 0 1767 2495 3170 2894 
1644 5678 5214 3078 4473 1767 0 3288 3621 3345 
4857 3850 6081 1681 1216 2495 3288 0 5646 5376 
2835 5512 2258 4287 6790 3170 3621 5646 0 286 
2626 5369 2364 4043 6527 2894 3345 5376 286 0 
