# rmTSP_20_3_20_manhattan_101_100.mat
# n=20
# k=3
# a=20
# d="manhattan"
# s=101
20
0 3535 2323 2828 1818 3131 1717 2222 3636 1717 2121 2020 2222 2323 1818 1616 3434 1717 2323 1414 
3535 0 1212 707 1717 606 3838 2525 2121 2020 4040 2525 2121 1818 3939 1919 707 2222 2424 4343 
2323 1212 0 505 2323 1010 2626 1919 2121 1818 2828 1515 2727 1010 2727 1111 1717 2222 2828 3131 
2828 707 505 0 2020 707 3131 1818 2020 1717 3333 1818 2424 1111 3232 1414 1414 1919 2525 3636 
1818 1717 2323 2020 0 1919 2525 1818 3030 1111 2323 2020 404 2121 2222 2424 1616 505 707 2626 
3131 606 1010 707 1919 0 3434 2121 1515 1616 3636 2121 2323 1414 3535 1515 707 1818 2626 3939 
1717 3838 2626 3131 2525 3434 0 1313 2121 1818 808 1313 2929 2020 1111 2525 3737 2424 3030 909 
2222 2525 1919 1818 1818 2121 1313 0 1414 909 1515 404 2222 909 1414 2424 2424 1717 2323 1818 
3636 2121 2121 2020 3030 1515 2121 1414 0 1919 2323 1616 3434 1313 2626 2626 1818 2929 3737 2828 
1717 2020 1818 1717 1111 1616 1818 909 1919 0 2020 1111 1515 1212 1919 2323 1919 1010 1818 2323 
2121 4040 2828 3333 2323 3636 808 1515 2323 2020 0 1515 2323 2222 505 3333 3939 1818 2222 707 
2020 2525 1515 1818 2020 2121 1313 404 1616 1111 1515 0 2424 707 1414 2020 2424 1919 2525 1818 
2222 2121 2727 2424 404 2323 2929 2222 3434 1515 2323 2424 0 2525 2222 2828 1616 505 303 2626 
2323 1818 1010 1111 2121 1414 2020 909 1313 1212 2222 707 2525 0 2121 1515 1717 2020 2626 2525 
1818 3939 2727 3232 2222 3535 1111 1414 2626 1919 505 1414 2222 2121 0 3030 3838 1717 2121 606 
1616 1919 1111 1414 2424 1515 2525 2424 2626 2323 3333 2020 2828 1515 3030 0 1818 2323 2929 2626 
3434 707 1717 1414 1616 707 3737 2424 1818 1919 3939 2424 1616 1717 3838 1818 0 2121 1919 4242 
1717 2222 2222 1919 505 1818 2424 1717 2929 1010 1818 1919 505 2020 1717 2323 2121 0 808 2121 
2323 2424 2828 2525 707 2626 3030 2323 3737 1818 2222 2525 303 2626 2121 2929 1919 808 0 2525 
1414 4343 3131 3636 2626 3939 909 1818 2828 2323 707 1818 2626 2525 606 2626 4242 2121 2525 0 
