# rmTSP_16_3_40_manhattan_101_100.mat
# n=16
# k=3
# a=40
# d="manhattan"
# s=101
16
0 3232 2020 1010 4545 4848 5555 5050 2424 2727 3636 2323 2424 2323 2222 2727 
3232 0 1212 3030 3939 4242 4949 7272 5050 1313 5050 2525 2828 3535 3232 4747 
2020 1212 0 1818 5151 5454 6161 6262 4040 909 4040 2929 1818 2525 2020 3737 
1010 3030 1818 0 3535 4444 5151 4444 2828 2525 4242 1313 2424 2929 2828 1919 
4545 3939 5151 3535 0 1111 1616 3939 2727 4242 3737 2222 3737 5050 6363 2828 
4848 4242 5454 4444 1111 0 707 3434 3030 4545 2626 3131 4040 5353 6666 3737 
5555 4949 6161 5151 1616 707 0 3131 3737 5252 3333 3838 4747 6060 7373 4444 
5050 7272 6262 4444 3939 3434 3131 0 3232 5959 2828 4747 4444 5555 6868 2525 
2424 5050 4040 2828 2727 3030 3737 3232 0 3737 1818 3131 2222 2323 3636 1919 
2727 1313 909 2525 4242 4545 5252 5959 3737 0 3737 2020 1515 2222 2727 3434 
3636 5050 4040 4242 3737 2626 3333 2828 1818 3737 0 4545 2222 2727 4040 3333 
2323 2525 2929 1313 2222 3131 3838 4747 3131 2020 4545 0 2727 3232 4141 2222 
2424 2828 1818 2424 3737 4040 4747 4444 2222 1515 2222 2727 0 1515 2626 1919 
2323 3535 2525 2929 5050 5353 6060 5555 2323 2222 2727 3232 1515 0 1313 3232 
2222 3232 2020 2828 6363 6666 7373 6868 3636 2727 4040 4141 2626 1313 0 4545 
2727 4747 3737 1919 2828 3737 4444 2525 1919 3434 3333 2222 1919 3232 4545 0 
