# rmTSP_20_8_40_manhattan_101_100.mat
# n=20
# k=8
# a=40
# d="manhattan"
# s=101
20
0 9393 8787 6060 8383 7777 13534 12928 11110 5555 7878 8282 12625 12625 11312 9999 6565 5959 7676 13837 
9393 0 12120 6565 9292 9090 15857 9393 9595 8686 9999 13029 12120 11514 9999 10908 14746 11312 7171 11110 
8787 12120 0 7575 13534 12928 8787 12019 10201 6666 10605 6767 9696 12928 10605 8080 9292 10302 10201 13938 
6060 6565 7575 0 8989 9191 13130 15352 11312 6363 13534 11110 13029 9999 9090 10403 9393 6565 6464 12221 
8383 9292 13534 8989 0 9494 12019 15251 12827 9696 11817 15049 11514 10100 10403 12928 9898 9090 12625 8282 
7777 9090 12928 9191 9494 0 16463 10201 12221 11716 11211 11211 10908 15352 11009 8484 9696 10100 9595 15958 
13534 15857 8787 13130 12019 16463 0 15756 9494 12221 12322 7070 9191 7575 10302 11615 13231 14241 15352 15655 
12928 9393 12019 15352 15251 10201 15756 0 13534 11009 7878 10100 10605 15655 14140 9393 14443 13837 12726 12019 
11110 9595 10201 11312 12827 12221 9494 13534 0 12625 12726 10504 11413 10201 11716 13635 17271 16665 10302 17675 
5555 8686 6666 6363 9696 11716 12221 11009 12625 0 8787 8383 11110 10504 8585 10504 7878 6262 6565 9898 
7878 9999 10605 13534 11817 11211 12322 7878 12726 8787 0 8484 14847 14645 12120 10403 8383 11211 13130 14847 
8282 13029 6767 11110 15049 11211 7070 10100 10504 8383 8484 0 9191 13231 9696 6565 9999 10807 10504 17271 
12625 12120 9696 13029 11514 10908 9191 10605 11413 11110 14847 9191 0 11716 10605 7676 14342 14342 11615 11110 
12625 11514 12928 9999 10100 15352 7575 15655 10201 10504 14645 13231 11716 0 8989 16362 14948 11110 12221 11716 
11312 9999 10605 9090 10403 11009 10302 14140 11716 8585 12120 9696 10605 8989 0 11615 11009 10807 9090 13635 
9999 10908 8080 10403 12928 8484 11615 9393 13635 10504 10403 6565 7676 16362 11615 0 10100 10504 12827 14544 
6565 14746 9292 9393 9898 9696 13231 14443 17271 7878 8383 9999 14342 14948 11009 10100 0 5656 14241 14544 
5959 11312 10302 6565 9090 10100 14241 13837 16665 6262 11211 10807 14342 11110 10807 10504 5656 0 11413 11110 
7676 7171 10201 6464 12625 9595 15352 12726 10302 6565 13130 10504 11615 12221 9090 12827 14241 11413 0 13231 
13837 11110 13938 12221 8282 15958 15655 12019 17675 9898 14847 17271 11110 11716 13635 14544 14544 11110 13231 0 
