# rmTSP_18_6_20_euklid_101_100.mat
# n=18
# k=6
# a=20
# d="euklid"
# s=101
18
0 2723 3067 2416 2503 1568 2624 3243 2527 2145 2557 2356 3308 1922 2249 2065 2915 2119 
2723 0 1908 2569 1305 1829 1932 2133 1992 1616 2035 2097 1435 1561 1495 1826 2449 942 
3067 1908 0 1738 1641 1735 1997 1432 1565 2305 2243 2334 1804 2351 2119 1916 2678 1622 
2416 2569 1738 0 2416 1568 2169 1561 2104 2443 2422 2204 2678 1974 1943 2486 2775 2213 
2503 1305 1641 2416 0 1282 1613 2072 1807 1083 2164 1591 1396 1890 1922 1744 2023 821 
1568 1829 1735 1568 1282 0 1840 1989 1903 1125 2263 1723 2000 1297 1600 1574 2407 1233 
2624 1932 1997 2169 1613 1840 0 1635 1625 2065 1868 886 1974 2409 1594 2077 1088 1481 
3243 2133 1432 1561 2072 1989 1635 0 2274 2330 2691 2097 1635 2283 1613 2476 2519 2087 
2527 1992 1565 2104 1807 1903 1625 2274 0 2557 898 1784 2620 2571 2249 1801 1849 1332 
2145 1616 2305 2443 1083 1125 2065 2330 2557 0 2747 1854 1641 1313 1781 2072 2515 1396 
2557 2035 2243 2422 2164 2263 1868 2691 898 2747 0 1793 3010 2585 2396 2310 1761 1568 
2356 2097 2334 2204 1591 1723 886 2097 1784 1854 1793 0 2362 2281 1958 2441 789 1552 
3308 1435 1804 2678 1396 2000 1974 1635 2620 1641 3010 2362 0 2116 1705 2131 2773 1693 
1922 1561 2351 1974 1890 1297 2409 2283 2571 1313 2585 2281 2116 0 1399 2147 2960 1635 
2249 1495 2119 1943 1922 1600 1594 1613 2249 1781 2396 1958 1705 1399 0 1726 2480 1538 
2065 1826 1916 2486 1744 1574 2077 2476 1801 2072 2310 2441 2131 2147 1726 0 2801 1317 
2915 2449 2678 2775 2023 2407 1088 2519 1849 2515 1761 789 2773 2960 2480 2801 0 1940 
2119 942 1622 2213 821 1233 1481 2087 1332 1396 1568 1552 1693 1635 1538 1317 1940 0 
