# rmTSP_13_6_20_euklid_101_100.mat
# n=13
# k=6
# a=20
# d="euklid"
# s=101
13
0 1289 2161 2507 1708 1594 2050 1212 1821 1974 1116 2783 2023 
1289 0 1699 2413 1644 2356 2043 1102 2185 1501 1607 2382 2449 
2161 1699 0 1491 1040 2967 1995 1824 2048 1498 2706 2017 1843 
2507 2413 1491 0 1498 2783 1755 1989 2164 2128 2806 1241 2048 
1708 1644 1040 1498 0 2693 1471 1484 2247 1571 2399 2140 1581 
1594 2356 2967 2783 2693 0 2319 1793 2176 2513 984 2821 2258 
2050 2043 1995 1755 1471 2319 0 1666 2905 1301 2176 1650 2077 
1212 1102 1824 1989 1484 1793 1666 0 2097 1778 1212 2154 1821 
1821 2185 2048 2164 2247 2176 2905 2097 0 2647 2247 2710 2249 
1974 1501 1498 2128 1571 2513 1301 1778 2647 0 2199 1903 2247 
1116 1607 2706 2806 2399 984 2176 1212 2247 2199 0 2749 2375 
2783 2382 2017 1241 2140 2821 1650 2154 2710 1903 2749 0 2817 
2023 2449 1843 2048 1581 2258 2077 1821 2249 2247 2375 2817 0 
