# rmTSP_10_3_20_manhattan_1_100.mat
# n=10
# k=3
# a=20
# d="manhattan"
# s=1
10
0 24 22 34 16 27 22 21 30 19 
24 0 32 34 30 13 16 31 12 37 
22 32 0 22 8 19 36 19 44 13 
34 34 22 0 28 21 18 13 22 33 
16 30 8 28 0 17 34 17 42 7 
27 13 19 21 17 0 23 18 25 24 
22 16 36 18 34 23 0 17 8 41 
21 31 19 13 17 18 17 0 25 24 
30 12 44 22 42 25 8 25 0 49 
19 37 13 33 7 24 41 24 49 0 
