# rmTSP_11_4_20_maximum_1_100.mat
# n=11
# k=4
# a=20
# d="maximum"
# s=1
11
0 10 13 9 10 10 14 13 12 10 11 
10 0 11 9 7 10 10 9 14 14 13 
13 11 0 9 7 10 9 8 14 14 13 
9 9 9 0 4 10 9 8 8 7 8 
10 7 7 4 0 6 5 5 9 7 6 
10 10 10 10 6 0 8 7 12 12 11 
14 10 9 9 5 8 0 4 13 8 7 
13 9 8 8 5 7 4 0 12 12 11 
12 14 14 8 9 12 13 12 0 9 10 
10 14 14 7 7 12 8 12 9 0 2 
11 13 13 8 6 11 7 11 10 2 0 
