# rmTSP_12_8_20_manhattan_101_100.mat
# n=12
# k=8
# a=20
# d="manhattan"
# s=101
12
0 5353 4545 5353 4343 5151 5151 5858 5959 5555 4646 5454 
5353 0 5454 3838 4444 7070 6060 2727 4444 3232 4545 3535 
4545 5454 0 5656 5656 5252 6868 4141 5252 4242 4747 4545 
5353 3838 5656 0 3030 6262 4040 4141 5454 6464 7575 5353 
4343 4444 5656 3030 0 7272 4646 6363 5454 6060 5959 4747 
5151 7070 5252 6262 7272 0 5656 5555 6464 6262 3535 6565 
5151 6060 6868 4040 4646 5656 0 6767 3434 5050 7171 4747 
5858 2727 4141 4141 6363 5555 6767 0 5555 3939 4646 3838 
5959 4444 5252 5454 5454 6464 3434 5555 0 3838 6363 4343 
5555 3232 4242 6464 6060 6262 5050 3939 3838 0 4747 1919 
4646 4545 4747 7575 5959 3535 7171 4646 6363 4747 0 5252 
5454 3535 4545 5353 4747 6565 4747 3838 4343 1919 5252 0 
