# rmTSP_17_4_40_manhattan_1_100.mat
# n=17
# k=4
# a=40
# d="manhattan"
# s=1
17
0 58 48 46 74 42 16 73 54 36 37 76 64 81 113 66 66 
58 0 26 46 56 40 42 29 50 48 27 38 56 77 67 48 70 
48 26 0 30 62 30 32 53 52 32 29 64 60 61 81 38 54 
46 46 30 0 70 18 32 61 74 14 53 72 68 49 75 60 30 
74 56 62 70 0 58 74 37 30 64 69 34 82 61 39 36 68 
42 40 30 18 58 0 28 49 72 20 49 60 86 67 83 64 48 
16 42 32 32 74 28 0 65 54 34 29 76 66 75 107 60 60 
73 29 53 61 37 49 65 0 61 65 52 23 79 98 56 71 87 
54 50 52 74 30 72 54 61 0 66 47 48 60 59 67 20 70 
36 48 32 14 64 20 34 65 66 0 55 66 70 51 79 52 32 
37 27 29 53 69 49 29 52 47 55 0 63 37 84 86 45 77 
76 38 64 72 34 60 76 23 48 66 63 0 70 89 45 62 78 
64 56 60 68 82 86 66 79 60 70 37 70 0 55 65 52 48 
81 77 61 49 61 67 75 98 59 51 84 89 55 0 60 39 23 
113 67 81 75 39 83 107 56 67 79 86 45 65 60 0 53 67 
66 48 38 60 36 64 60 71 20 52 45 62 52 39 53 0 56 
66 70 54 30 68 48 60 87 70 32 77 78 48 23 67 56 0 
