# rmTSP_10_2_20_manhattan_1_100.mat
# n=10
# k=2
# a=20
# d="manhattan"
# s=1
10
0 10 8 8 23 14 6 9 16 9 
10 0 2 4 17 8 16 19 12 3 
8 2 0 6 15 6 14 17 10 1 
8 4 6 0 21 12 14 17 14 7 
23 17 15 21 0 13 21 16 7 14 
14 8 6 12 13 0 20 23 16 5 
6 16 14 14 21 20 0 5 14 15 
9 19 17 17 16 23 5 0 9 18 
16 12 10 14 7 16 14 9 0 11 
9 3 1 7 14 5 15 18 11 0 
