# rmTSP_14_6_80_manhattan_1_100.mat
# n=14
# k=6
# a=80
# d="manhattan"
# s=1
14
0 188 221 247 145 189 126 230 208 114 200 159 160 130 
188 0 203 191 149 111 170 186 222 240 134 135 206 126 
221 203 0 202 218 172 159 117 133 175 211 116 111 257 
247 191 202 0 124 178 139 121 113 195 195 208 163 131 
145 149 218 124 0 176 141 149 199 163 219 154 175 125 
189 111 172 178 176 0 197 173 207 199 83 92 165 139 
126 170 159 139 141 197 0 132 102 122 258 127 174 106 
230 186 117 121 149 173 132 0 92 160 236 165 192 152 
208 222 133 113 199 207 102 92 0 132 228 159 182 156 
114 240 175 195 163 199 122 160 132 0 206 121 144 176 
200 134 211 195 219 83 258 236 228 206 0 135 138 188 
159 135 116 208 154 92 127 165 159 121 135 0 109 195 
160 206 111 163 175 165 174 192 182 144 138 109 0 246 
130 126 257 131 125 139 106 152 156 176 188 195 246 0 
