# rmTSP_10_8_40_maximum_101_100.mat
# n=10
# k=8
# a=40
# d="maximum"
# s=101
10
0 2626 2020 3131 1818 1616 2222 2525 2828 1313 
2626 0 1616 1818 3131 2727 1919 1616 3030 2727 
2020 1616 0 2121 2424 2020 1313 2020 2828 2121 
3131 1818 2121 0 3535 2828 2424 1818 1919 3030 
1818 3131 2424 3535 0 2424 2525 2424 2727 1515 
1616 2727 2020 2828 2424 0 2020 2424 2626 1919 
2222 1919 1313 2424 2525 2020 0 2222 3434 2020 
2525 1616 2020 1818 2424 2424 2222 0 2424 2727 
2828 3030 2828 1919 2727 2626 3434 2424 0 2929 
1313 2727 2121 3030 1515 1919 2020 2727 2929 0 
