# rmTSP_10_3_40_maximum_1_100.mat
# n=10
# k=3
# a=40
# d="maximum"
# s=1
10
0 16 35 15 29 10 11 27 22 24 
16 0 24 25 18 20 18 16 19 13 
35 24 0 28 12 25 25 14 26 11 
15 25 28 0 22 13 17 37 18 27 
29 18 12 22 0 19 22 22 23 12 
10 20 25 13 19 0 10 32 12 22 
11 18 25 17 22 10 0 22 11 23 
27 16 14 37 22 32 22 0 30 12 
22 19 26 18 23 12 11 30 0 24 
24 13 11 27 12 22 23 12 24 0 
