# rmTSP_12_2_40_euklid_101_100.mat
# n=12
# k=2
# a=40
# d="euklid"
# s=101
12
0 1233 2443 544 728 1278 1666 2424 3298 2931 1111 3078 
1233 0 2217 1457 1930 2012 1266 1581 3418 3748 714 3027 
2443 2217 0 2045 2597 1717 953 1249 1313 2651 1578 833 
544 1457 2045 0 614 735 1418 2279 2786 2426 1040 2607 
728 1930 2597 614 0 1010 2030 2892 3171 2377 1632 3072 
1278 2012 1717 735 1010 0 1457 2356 2161 1744 1403 2082 
1666 1266 953 1418 2030 1457 0 903 2180 2945 647 1764 
2424 1581 1249 2279 2892 2356 903 0 2543 3738 1313 2023 
3298 3418 1313 2786 3171 2161 2180 2543 0 2060 2720 544 
2931 3748 2651 2426 2377 1744 2945 3738 2060 0 3098 2401 
1111 714 1578 1040 1632 1403 647 1313 2720 3098 0 2356 
3078 3027 833 2607 3072 2082 1764 2023 544 2401 2356 0 
