# rmTSP_18_2_40_maximum_1_100.mat
# n=18
# k=2
# a=40
# d="maximum"
# s=1
18
0 30 3 30 18 27 35 24 9 31 8 25 29 20 20 20 32 25 
30 0 27 9 12 11 5 6 26 13 26 5 10 15 20 21 8 28 
3 27 0 27 15 24 32 21 8 28 9 22 26 17 21 21 29 26 
30 9 27 0 12 3 5 6 26 22 26 7 19 24 29 29 2 34 
18 12 15 12 0 11 17 6 14 13 14 7 11 15 20 20 14 25 
27 11 24 3 11 0 8 7 23 24 23 9 21 26 31 31 5 36 
35 5 32 5 17 8 0 11 31 17 31 10 14 19 24 26 4 33 
24 6 21 6 6 7 11 0 20 17 20 2 14 19 24 24 8 29 
9 26 8 26 14 23 31 20 0 27 17 21 25 24 29 29 28 34 
31 13 28 22 13 24 17 17 27 0 27 15 3 11 12 22 21 29 
8 26 9 26 14 23 31 20 17 27 0 21 25 16 15 12 28 17 
25 5 22 7 7 9 10 2 21 15 21 0 12 17 22 22 7 27 
29 10 26 19 11 21 14 14 25 3 25 12 0 9 10 20 18 27 
20 15 17 24 15 26 19 19 24 11 16 17 9 0 5 11 23 18 
20 20 21 29 20 31 24 24 29 12 15 22 10 5 0 10 28 17 
20 21 21 29 20 31 26 24 29 22 12 22 20 11 10 0 28 7 
32 8 29 2 14 5 4 8 28 21 28 7 18 23 28 28 0 33 
25 28 26 34 25 36 33 29 34 29 17 27 27 18 17 7 33 0 
