# rmTSP_10_4_20_manhattan_101_100.mat
# n=10
# k=4
# a=20
# d="manhattan"
# s=101
10
0 1515 1818 1717 2727 3232 3333 1212 3030 1919 
1515 0 2323 2424 2424 4545 2626 1717 3333 606 
1818 2323 0 2929 1919 2222 3737 1818 1414 2323 
1717 2424 2929 0 2626 3333 2222 2929 2323 3030 
2727 2424 1919 2626 0 2121 2828 2727 2727 2424 
3232 4545 2222 3333 2121 0 4949 3232 2828 4545 
3333 2626 3737 2222 2828 4949 0 4141 2525 2828 
1212 1717 1818 2929 2727 3232 4141 0 3030 1313 
3030 3333 1414 2323 2727 2828 2525 3030 0 3535 
1919 606 2323 3030 2424 4545 2828 1313 3535 0 
