# rmTSP_11_3_80_euklid_101_100.mat
# n=11
# k=3
# a=80
# d="euklid"
# s=101
11
0 7086 3513 6144 3710 2420 5219 4471 4244 2541 3310 
7086 0 8254 6479 8340 7585 8145 7892 7008 6405 6710 
3513 8254 0 8131 6981 2684 8685 1363 1824 5759 5189 
6144 6479 8131 0 5014 5695 5475 8592 7853 6440 8349 
3710 8340 6981 5014 0 4860 2201 8012 7679 3536 5778 
2420 7585 2684 5695 4860 0 6712 3622 3353 4807 5445 
5219 8145 8685 5475 2201 6712 0 9572 9140 3887 6254 
4471 7892 1363 8592 8012 3622 9572 0 958 6455 5611 
4244 7008 1824 7853 7679 3353 9140 958 0 6104 5441 
2541 6405 5759 6440 3536 4807 3887 6455 6104 0 2413 
3310 6710 5189 8349 5778 5445 6254 5611 5441 2413 0 
