# rmTSP_10_6_40_euklid_1_100.mat
# n=10
# k=6
# a=40
# d="euklid"
# s=1
10
0 32 17 20 34 40 24 28 58 38 
32 0 41 28 39 24 39 46 48 51 
17 41 0 23 36 49 30 37 63 38 
20 28 23 0 29 41 25 36 52 36 
34 39 36 29 0 36 50 28 39 22 
40 24 49 41 36 0 52 42 31 43 
24 39 30 25 50 52 0 42 65 48 
28 46 37 36 28 42 42 0 50 28 
58 48 63 52 39 31 65 50 0 38 
38 51 38 36 22 43 48 28 38 0 
