# rmTSP_18_8_80_maximum_101_100.mat
# n=18
# k=8
# a=80
# d="maximum"
# s=101
18
0 7777 5353 7171 4444 4141 5050 4141 7575 6565 7373 4646 6969 6767 5353 7070 5757 7575 
7777 0 6969 6868 5050 7777 5151 6262 6565 2727 5858 4646 6868 5151 5454 6262 7070 6565 
5353 6969 0 6060 4646 5757 6363 4444 6262 6363 7979 6262 2222 5353 5555 7171 6767 6767 
7171 6868 6060 0 5757 6767 6767 5858 5656 4646 3636 5858 5858 4141 7070 5757 7474 6868 
4444 5050 4646 5757 0 5252 5858 4848 6161 4949 5959 5757 5555 5353 4141 5656 4343 4343 
4141 7777 5757 6767 5252 0 4848 5858 7070 7777 5656 5858 5555 6767 6565 5050 6767 7575 
5050 5151 6363 6767 5858 4848 0 5353 6969 4949 6262 4949 6161 5353 7171 4242 7373 7676 
4141 6262 4444 5858 4848 5858 5353 0 5555 5050 5656 4141 5757 4141 5656 4545 6060 6060 
7575 6565 6262 5656 6161 7070 6969 5555 0 4747 6868 4242 6161 4444 7272 6060 7676 7272 
6565 2727 6363 4646 4949 7777 4949 5050 4747 0 5959 5656 7676 3939 6565 6060 5959 6060 
7373 5858 7979 3636 5959 5656 6262 5656 6868 5959 0 6161 7272 4949 6363 5050 7676 7676 
4646 4646 6262 5858 5757 5858 4949 4141 4242 5656 6161 0 6060 5252 7070 4949 7272 7575 
6969 6868 2222 5858 5555 5555 6161 5757 6161 7676 7272 6060 0 6666 5555 6464 4545 6666 
6767 5151 5353 4141 5353 6767 5353 4141 4444 3939 4949 5252 6666 0 5555 5050 5050 6464 
5353 5454 5555 7070 4141 6565 7171 5656 7272 6565 6363 7070 5555 5555 0 5656 3232 5252 
7070 6262 7171 5757 5656 5050 4242 4545 6060 6060 5050 4949 6464 5050 5656 0 6868 6868 
5757 7070 6767 7474 4343 6767 7373 6060 7676 5959 7676 7272 4545 5050 3232 6868 0 6868 
7575 6565 6767 6868 4343 7575 7676 6060 7272 6060 7676 7575 6666 6464 5252 6868 6868 0 
