# rmTSP_16_3_80_maximum_1_100.mat
# n=16
# k=3
# a=80
# d="maximum"
# s=1
16
0 12 72 55 56 34 53 58 62 50 70 78 32 39 71 69 
12 0 62 45 52 24 48 48 58 40 66 74 28 27 67 59 
72 62 0 22 44 38 19 24 72 48 21 23 60 74 44 27 
55 45 22 0 27 21 30 15 55 28 43 39 43 57 32 14 
56 52 44 27 0 34 27 30 37 45 40 26 24 30 25 41 
34 24 38 21 34 0 30 24 40 16 48 56 22 36 49 35 
53 48 19 30 27 30 0 17 53 41 18 26 41 55 52 31 
58 48 24 15 30 24 17 0 58 24 35 43 46 60 37 16 
62 58 72 55 37 40 53 58 0 51 67 49 30 46 62 69 
50 40 48 28 45 16 41 24 51 0 59 67 38 52 60 21 
70 66 21 43 40 48 18 35 67 59 0 18 55 69 65 44 
78 74 23 39 26 56 26 43 49 67 18 0 46 51 51 46 
32 28 60 43 24 22 41 46 30 38 55 46 0 17 39 57 
39 27 74 57 30 36 55 60 46 52 69 51 17 0 51 71 
71 67 44 32 25 49 52 37 62 60 65 51 39 51 0 39 
69 59 27 14 41 35 31 16 69 21 44 46 57 71 39 0 
