# rmTSP_13_4_40_euklid_101_100.mat
# n=13
# k=4
# a=40
# d="euklid"
# s=101
13
0 4197 3351 3082 1374 3874 2672 2880 2790 3899 2867 3667 1165 
4197 0 2025 4032 4419 3841 2092 3060 4321 4378 3441 3262 4842 
3351 2025 0 3080 3395 3070 1871 1835 2979 2439 2178 1305 3585 
3082 4032 3080 0 2931 4240 2197 3313 4342 3115 1810 2919 3359 
1374 4419 3395 2931 0 2931 3055 2281 2308 3879 3265 3438 1152 
3874 3841 3070 4240 2931 0 3845 1421 2281 4338 4470 3144 3653 
2672 2092 1871 2197 3055 3845 0 2708 3834 3377 1744 2691 3409 
2880 3060 1835 3313 2281 1421 2708 0 1678 3144 3154 2002 2766 
2790 4321 2979 4342 2308 2281 3834 1678 0 3549 3923 2939 2227 
3899 4378 2439 3115 3879 4338 3377 3144 3549 0 2070 1443 3612 
2867 3441 2178 1810 3265 4470 1744 3154 3923 2070 0 2185 3202 
3667 3262 1305 2919 3438 3144 2691 2002 2939 1443 2185 0 3532 
1165 4842 3585 3359 1152 3653 3409 2766 2227 3612 3202 3532 0 
