# rmTSP_17_8_80_maximum_101_100.mat
# n=17
# k=8
# a=80
# d="maximum"
# s=101
17
0 5555 2525 4040 4848 5555 3232 4040 4646 4343 7272 3939 3838 3434 4141 5858 3636 
5555 0 6565 6969 6262 5656 6464 5555 6666 5454 6262 5454 6363 3838 5757 5151 4444 
2525 6565 0 4040 5858 3737 3131 4848 5252 4949 5353 4343 2323 4242 4545 5050 4242 
4040 6969 4040 0 5959 4646 4545 4242 5858 6969 6666 4040 3434 5151 5555 7070 5252 
4848 6262 5858 5959 0 7070 5454 5050 4949 7373 6969 4848 5050 5151 6464 5252 4545 
5555 5656 3737 4646 7070 0 6060 6060 5555 5656 6363 4747 6060 3838 5656 5757 5252 
3232 6464 3131 4545 5454 6060 0 4747 5151 6464 7777 4040 4343 4646 4646 6565 4545 
4040 5555 4848 4242 5050 6060 4747 0 6363 6363 7474 3737 5151 5757 5959 6060 5757 
4646 6666 5252 5858 4949 5555 5151 6363 0 7474 3535 3939 5050 3333 7272 5252 4343 
4343 5454 4949 6969 7373 5656 6464 6363 7474 0 6464 4949 6060 4444 5959 5050 5353 
7272 6262 5353 6666 6969 6363 7777 7474 3535 6464 0 4040 5858 3939 6666 5353 6969 
3939 5454 4343 4040 4848 4747 4040 3737 3939 4949 4040 0 5050 5656 5858 3030 3232 
3838 6363 2323 3434 5050 6060 4343 5151 5050 6060 5858 5050 0 4242 3333 6161 4444 
3434 3838 4242 5151 5151 3838 4646 5757 3333 4444 3939 5656 4242 0 4242 4141 3131 
4141 5757 4545 5555 6464 5656 4646 5959 7272 5959 6666 5858 3333 4242 0 5252 4545 
5858 5151 5050 7070 5252 5757 6565 6060 5252 5050 5353 3030 6161 4141 5252 0 5555 
3636 4444 4242 5252 4545 5252 4545 5757 4343 5353 6969 3232 4444 3131 4545 5555 0 
