# rmTSP_10_6_20_euklid_101_100.mat
# n=10
# k=6
# a=20
# d="euklid"
# s=101
10
0 1979 1787 2591 1532 463 2270 1927 2345 1895 
1979 0 1548 1370 1708 2349 2401 2070 1815 1953 
1787 1548 0 1871 1083 2060 1835 1657 1414 2028 
2591 1370 1871 0 1922 2950 2375 2394 2314 2751 
1532 1708 1083 1922 0 1924 2319 1702 2252 2356 
463 2349 2060 2950 1924 0 2316 2135 2474 1992 
2270 2401 1835 2375 2319 2316 0 2192 1392 2233 
1927 2070 1657 2394 1702 2135 2192 0 1815 3043 
2345 1815 1414 2314 2252 2474 1392 1815 0 2121 
1895 1953 2028 2751 2356 1992 2233 3043 2121 0 
