# rmTSP_12_4_80_euklid_1_100.mat
# n=12
# k=4
# a=80
# d="euklid"
# s=1
12
0 42 79 95 82 66 50 57 75 48 92 72 
42 0 81 83 50 46 44 41 77 49 89 72 
79 81 0 72 84 45 42 81 26 99 58 56 
95 83 72 0 85 73 77 70 54 75 52 58 
82 50 84 85 0 47 52 78 81 85 78 67 
66 46 45 73 47 0 21 58 52 82 71 61 
50 44 42 77 52 21 0 61 45 75 65 51 
57 41 81 70 78 58 61 0 78 48 96 85 
75 77 26 54 81 52 45 78 0 85 37 35 
48 49 99 75 85 82 75 48 85 0 90 75 
92 89 58 52 78 71 65 96 37 90 0 22 
72 72 56 58 67 61 51 85 35 75 22 0 
