# rmTSP_10_8_80_manhattan_1_100.mat
# n=10
# k=8
# a=80
# d="manhattan"
# s=1
10
0 208 187 126 144 217 231 329 285 309 
208 0 211 142 228 177 239 279 241 275 
187 211 0 203 131 148 152 314 228 300 
126 142 203 0 178 141 169 205 281 281 
144 228 131 178 0 199 221 305 261 335 
217 177 148 141 199 0 114 238 242 274 
231 239 152 169 221 114 0 162 200 222 
329 279 314 205 305 238 162 0 234 270 
285 241 228 281 261 242 200 234 0 130 
309 275 300 281 335 274 222 270 130 0 
