# rmTSP_13_2_80_euklid_101_100.mat
# n=13
# k=2
# a=80
# d="euklid"
# s=101
13
0 1374 5664 6751 2757 3335 1581 6377 3552 4999 1717 5732 7521 
1374 0 5495 7230 4025 2720 2527 7059 2634 4161 404 4757 7313 
5664 5495 0 3290 5688 2936 4600 4036 3534 2844 5742 3548 1857 
6751 7230 3290 0 5288 5430 5218 1152 6214 6001 7588 6794 3649 
2757 4025 5688 5288 0 4686 1720 4527 5287 6360 4412 7257 7374 
3335 2720 2936 5430 4686 0 3032 5660 814 1726 2894 2581 4669 
1581 2527 4600 5218 1720 3032 0 4798 3582 4743 2931 5613 6420 
6377 7059 4036 1152 4527 5660 4798 0 6471 6521 7442 7379 4708 
3552 2634 3534 6214 5287 814 3582 6471 0 1528 2695 2180 5144 
4999 4161 2844 6001 6360 1726 4743 6521 1528 0 4219 931 4071 
1717 404 5742 7588 4412 2894 2931 7442 2695 4219 0 4748 7538 
5732 4757 3548 6794 7257 2581 5613 7379 2180 931 4748 0 4471 
7521 7313 1857 3649 7374 4669 6420 4708 5144 4071 7538 4471 0 
