# rmTSP_16_4_80_maximum_1_100.mat
# n=16
# k=4
# a=80
# d="maximum"
# s=1
16
0 68 58 65 50 48 78 22 52 50 56 56 71 32 25 51 
68 0 69 57 61 62 73 46 75 22 32 49 71 37 67 43 
58 69 0 63 62 32 49 75 45 53 59 59 18 39 46 48 
65 57 63 0 21 56 32 43 60 56 51 51 45 33 40 62 
50 61 62 21 0 55 28 28 59 49 55 55 44 24 25 41 
48 62 32 56 55 0 52 68 52 60 49 49 45 32 39 66 
78 73 49 32 28 52 0 56 65 61 67 67 35 46 53 41 
22 46 75 43 28 68 56 0 72 39 38 55 57 36 29 49 
52 75 45 60 59 52 65 72 0 63 69 69 58 44 45 43 
50 22 53 56 49 60 61 39 63 0 46 64 59 52 55 22 
56 32 59 51 55 49 67 38 69 46 0 18 65 31 61 52 
56 49 59 51 55 49 67 55 69 64 18 0 65 31 61 70 
71 71 18 45 44 45 35 57 58 59 65 65 0 39 46 65 
32 37 39 33 24 32 46 36 44 52 31 31 39 0 30 58 
25 67 46 40 25 39 53 29 45 55 61 61 46 30 0 59 
51 43 48 62 41 66 41 49 43 22 52 70 65 58 59 0 
