# rmTSP_18_8_40_manhattan_1_100.mat
# n=18
# k=8
# a=40
# d="manhattan"
# s=1
18
0 85 118 40 95 53 95 90 97 90 115 121 111 108 122 108 100 132 
85 0 109 97 30 94 130 105 102 67 98 74 106 109 127 113 95 141 
118 109 0 92 107 113 121 142 97 150 125 113 99 92 84 154 104 122 
40 97 92 0 95 77 107 116 101 102 115 119 107 100 82 104 74 114 
95 30 107 95 0 110 136 109 100 49 76 96 92 125 121 107 89 157 
53 94 113 77 110 0 84 85 88 105 114 82 132 111 111 119 113 95 
95 130 121 107 136 84 0 59 64 133 144 72 116 69 119 137 109 63 
90 105 142 116 109 85 59 0 63 84 115 59 139 90 152 120 142 100 
97 102 97 101 100 88 64 63 0 85 96 72 94 87 111 135 97 99 
90 67 150 102 49 105 133 84 85 0 63 109 85 122 134 86 88 156 
115 98 125 115 76 114 144 115 96 63 0 136 82 139 111 97 105 167 
121 74 113 119 96 82 72 59 72 109 136 0 146 83 135 129 129 89 
111 106 99 107 92 132 116 139 94 85 82 146 0 93 77 63 41 123 
108 109 92 100 125 111 69 90 87 122 139 83 93 0 82 124 80 62 
122 127 84 82 121 111 119 152 111 134 111 135 77 82 0 102 72 92 
108 113 154 104 107 119 137 120 135 86 97 129 63 124 102 0 76 138 
100 95 104 74 89 113 109 142 97 88 105 129 41 80 72 76 0 84 
132 141 122 114 157 95 63 100 99 156 167 89 123 62 92 138 84 0 
