# rmTSP_18_4_10_euklid_101_100.mat
# n=18
# k=4
# a=10
# d="euklid"
# s=101
18
0 1237 1134 886 958 1313 1125 553 391 1015 845 1199 678 931 802 789 714 1005 
1237 0 247 802 915 391 247 857 886 909 515 226 931 391 963 1147 670 953 
1134 247 0 802 947 391 247 821 802 763 319 226 953 463 814 1005 589 953 
886 802 802 0 175 926 875 484 623 892 707 845 429 553 769 655 614 1125 
958 915 947 175 0 1045 1000 553 721 1035 869 974 416 647 909 776 742 1199 
1313 391 391 926 1045 0 525 898 937 1134 580 553 1116 655 1152 1237 909 1261 
1125 247 247 875 1000 525 0 845 814 802 429 175 920 391 863 1120 553 763 
553 857 821 484 553 898 845 0 226 1015 623 909 416 562 851 789 606 1035 
391 886 802 623 721 937 814 226 0 915 544 892 515 606 742 742 525 937 
1015 909 763 892 1035 1134 802 1015 915 0 647 728 969 821 247 655 484 845 
845 515 319 707 869 580 429 623 544 647 0 463 814 484 614 776 429 898 
1199 226 226 845 974 553 175 909 892 728 463 0 947 429 821 1078 562 821 
678 931 953 429 416 1116 920 416 515 969 814 947 0 553 821 821 562 892 
931 391 463 553 647 655 391 562 606 821 484 429 553 0 795 958 416 742 
802 963 814 769 909 1152 863 851 742 247 614 821 821 795 0 452 416 869 
789 1147 1005 655 776 1237 1120 789 742 655 776 1078 821 958 452 0 692 1237 
714 670 589 614 742 909 553 606 525 484 429 562 562 416 416 692 0 598 
1005 953 953 1125 1199 1261 763 1035 937 845 898 821 892 742 869 1237 598 0 
