# rmTSP_17_2_40_manhattan_1_100.mat
# n=17
# k=2
# a=40
# d="manhattan"
# s=1
17
0 19 35 44 13 17 46 9 10 32 25 25 23 10 16 29 26 
19 0 30 25 20 36 27 10 29 13 12 20 42 15 35 10 21 
35 30 0 45 22 28 47 28 35 43 26 10 26 45 35 30 23 
44 25 45 0 45 61 2 35 54 18 19 37 67 40 60 15 22 
13 20 22 45 0 16 47 10 13 33 26 12 22 23 15 30 23 
17 36 28 61 16 0 63 26 7 49 42 24 6 21 7 46 39 
46 27 47 2 47 63 0 37 56 20 21 39 69 42 62 17 24 
9 10 28 35 10 26 37 0 19 23 16 18 32 17 25 20 19 
10 29 35 54 13 7 56 19 0 42 35 25 13 14 6 39 32 
32 13 43 18 33 49 20 23 42 0 25 33 55 28 48 17 34 
25 12 26 19 26 42 21 16 35 25 0 18 48 27 41 8 9 
25 20 10 37 12 24 39 18 25 33 18 0 30 35 25 22 15 
23 42 26 67 22 6 69 32 13 55 48 30 0 27 9 52 45 
10 15 45 40 23 21 42 17 14 28 27 35 27 0 20 25 36 
16 35 35 60 15 7 62 25 6 48 41 25 9 20 0 45 38 
29 10 30 15 30 46 17 20 39 17 8 22 52 25 45 0 17 
26 21 23 22 23 39 24 19 32 34 9 15 45 36 38 17 0 
