# rmTSP_12_2_40_manhattan_101_100.mat
# n=12
# k=2
# a=40
# d="manhattan"
# s=101
12
0 1111 2525 6060 3131 5656 4343 2727 3434 1010 1212 3939 
1111 0 1616 5151 3636 4747 3434 1616 3333 2121 2323 3030 
2525 1616 0 3535 2828 3131 1818 2424 2525 2121 1515 2222 
6060 5151 3535 0 2929 1010 2727 4141 2626 5656 5050 2121 
3131 3636 2828 2929 0 2525 3838 5252 303 2727 2121 808 
5656 4747 3131 1010 2525 0 1717 3131 2222 5252 4646 1717 
4343 3434 1818 2727 3838 1717 0 1818 3535 3939 3333 3232 
2727 1616 2424 4141 5252 3131 1818 0 4949 3737 3939 4646 
3434 3333 2525 2626 303 2222 3535 4949 0 3030 2424 505 
1010 2121 2121 5656 2727 5252 3939 3737 3030 0 606 3535 
1212 2323 1515 5050 2121 4646 3333 3939 2424 606 0 2929 
3939 3030 2222 2121 808 1717 3232 4646 505 3535 2929 0 
