# rmTSP_15_8_10_euklid_101_100.mat
# n=15
# k=8
# a=10
# d="euklid"
# s=101
15
0 364 1069 863 1414 1010 1216 1040 782 1083 1088 931 1045 1186 1010 
364 0 1147 880 1522 1111 1245 1015 920 1125 984 1106 1143 1165 1199 
1069 1147 0 974 1325 756 707 1000 833 898 1125 1138 776 1195 833 
863 880 974 0 863 1182 1143 984 707 903 1005 915 808 974 1129 
1414 1522 1325 863 0 1457 1328 1178 1178 1174 1245 909 1015 1399 1293 
1010 1111 756 1182 1457 0 707 1363 700 631 1309 1321 802 1293 700 
1216 1245 707 1143 1328 707 0 1225 1025 714 1313 1325 869 1102 1129 
1040 1015 1000 984 1178 1363 1225 0 1286 1366 639 802 1216 1340 1237 
782 920 833 707 1178 700 1025 1286 0 562 1229 1156 580 1253 639 
1083 1125 898 903 1174 631 714 1366 562 0 1313 1377 606 1274 851 
1088 984 1125 1005 1245 1309 1313 639 1229 1313 0 953 1074 1457 1245 
931 1106 1138 915 909 1321 1325 802 1156 1377 953 0 1106 1225 1182 
1045 1143 776 808 1015 802 869 1216 580 606 1074 1106 0 1381 776 
1186 1165 1195 974 1399 1293 1102 1340 1253 1274 1457 1225 1381 0 1635 
1010 1199 833 1129 1293 700 1129 1237 639 851 1245 1182 776 1635 0 
