# rmTSP_18_3_40_maximum_101_100.mat
# n=18
# k=3
# a=40
# d="maximum"
# s=101
18
0 1515 2727 909 3434 1616 1515 505 1818 1818 2626 1111 2424 2121 1717 1313 2626 2424 
1515 0 1313 808 2626 808 1313 1616 1717 2525 1717 2626 1919 2525 1111 2727 1212 1010 
2727 1313 0 2121 1717 2121 1313 2222 909 1616 3030 3030 2424 1616 1414 1818 303 505 
909 808 2121 0 2828 707 1616 1212 1212 1919 1717 2020 1616 1919 1414 2121 2020 1818 
3434 2626 1717 2828 0 2828 1919 2929 1616 2121 3737 3737 3131 2424 2828 2121 1616 1717 
1616 808 2121 707 2828 0 1313 1717 1818 2626 1515 2727 1919 2626 1111 2828 2020 1818 
1515 1313 1313 1616 1919 1313 0 1010 808 2626 2828 1818 3232 2929 1111 1818 1111 909 
505 1616 2222 1212 2929 1717 1010 0 1313 2222 2727 1010 2828 2525 1818 1111 2121 1919 
1818 1717 909 1212 1616 1818 808 1313 0 1919 2828 2121 2525 2222 1919 1010 808 808 
1818 2525 1616 1919 2121 2626 2626 2222 1919 0 3636 2424 2727 606 2727 1515 1616 1818 
2626 1717 3030 1717 3737 1515 2828 2727 2828 3636 0 3737 909 3636 2626 3838 2929 2727 
1111 2626 3030 2020 3737 2727 1818 1010 2121 2424 3737 0 3030 2727 2828 1616 2929 2727 
2424 1919 2424 1616 3131 1919 3232 2828 2525 2727 909 3030 0 2727 3030 2929 2323 2424 
2121 2525 1616 1919 2424 2626 2929 2525 2222 606 3636 2727 2727 0 2727 1818 1919 2121 
1717 1111 1414 1414 2828 1111 1111 1818 1919 2727 2626 2828 3030 2727 0 2929 1313 1111 
1313 2727 1818 2121 2121 2828 1818 1111 1010 1515 3838 1616 2929 1818 2929 0 1717 1818 
2626 1212 303 2020 1616 2020 1111 2121 808 1616 2929 2929 2323 1919 1313 1717 0 202 
2424 1010 505 1818 1717 1818 909 1919 808 1818 2727 2727 2424 2121 1111 1818 202 0 
