# rmTSP_17_8_80_manhattan_1_100.mat
# n=17
# k=8
# a=80
# d="manhattan"
# s=1
17
0 166 196 263 203 251 243 196 215 242 197 260 212 145 193 186 176 
166 0 202 199 279 157 235 256 209 234 151 204 242 161 151 224 230 
196 202 0 257 255 203 223 202 319 236 187 210 254 149 197 182 200 
263 199 257 0 330 202 204 281 268 217 192 259 293 266 250 257 325 
203 279 255 330 0 228 264 227 174 267 222 231 127 140 260 287 119 
251 157 203 202 228 0 282 235 190 263 168 279 243 168 192 265 235 
243 235 223 204 264 282 0 153 278 275 232 121 243 220 208 235 239 
196 256 202 281 227 235 153 0 309 246 161 176 288 179 137 150 186 
215 209 319 268 174 190 278 309 0 237 206 243 133 180 208 303 193 
242 234 236 217 267 263 275 246 237 0 129 170 244 209 159 152 264 
197 151 187 192 222 168 232 161 206 129 0 131 211 142 66 131 169 
260 204 210 259 231 279 121 176 243 170 131 0 190 157 127 166 186 
212 242 254 293 127 243 243 288 133 244 211 190 0 133 237 242 184 
145 161 149 266 140 168 220 179 180 209 142 157 133 0 152 195 127 
193 151 197 250 260 192 208 137 208 159 66 127 237 152 0 111 197 
186 224 182 257 287 265 235 150 303 152 131 166 242 195 111 0 214 
176 230 200 325 119 235 239 186 193 264 169 186 184 127 197 214 0 
