# rmTSP_15_3_40_maximum_101_100.mat
# n=15
# k=3
# a=40
# d="maximum"
# s=101
15
0 1919 2020 2121 2424 1616 2424 2727 1313 1717 1616 1212 2828 2525 1111 
1919 0 2222 2323 1010 1414 1313 2121 808 1212 2222 2323 1818 1818 2323 
2020 2222 0 3030 3232 1818 2727 3535 2121 2222 3636 808 3636 2727 909 
2121 2323 3030 0 2525 2121 2828 606 1818 2727 1414 2626 1414 2929 2727 
2424 1010 3232 2525 0 2424 2222 2323 1212 2121 2424 2929 1111 2828 3030 
1616 1414 1818 2121 2424 0 1919 2727 1313 1515 1919 2020 2828 909 2020 
2424 1313 2727 2828 2222 1919 0 2626 1313 909 3434 2828 3131 2323 2828 
2727 2121 3535 606 2323 2727 2626 0 1616 2525 2020 3232 1212 3131 3333 
1313 808 2121 1818 1212 1313 1313 1616 0 909 2424 1818 2121 1717 1919 
1717 1212 2222 2727 2121 1515 909 2525 909 0 3333 1919 3030 1818 2020 
1616 2222 3636 1414 2424 1919 3434 2020 2424 3333 0 2828 2121 2828 2727 
1212 2323 808 2626 2929 2020 2828 3232 1818 1919 2828 0 3333 2929 101 
2828 1818 3636 1414 1111 2828 3131 1212 2121 3030 2121 3333 0 3232 3434 
2525 1818 2727 2929 2828 909 2323 3131 1717 1818 2828 2929 3232 0 2929 
1111 2323 909 2727 3030 2020 2828 3333 1919 2020 2727 101 3434 2929 0 
