# rmTSP_19_4_20_manhattan_1_100.mat
# n=19
# k=4
# a=20
# d="manhattan"
# s=1
19
0 32 34 35 16 15 14 22 19 20 35 18 28 22 31 30 34 46 24 
32 0 28 21 20 27 28 26 21 32 25 20 34 20 9 38 24 38 28 
34 28 0 15 26 41 42 26 23 40 35 38 22 18 23 26 8 22 44 
35 21 15 0 21 32 33 39 18 31 38 23 13 29 16 39 7 25 33 
16 20 26 21 0 29 30 24 5 28 39 20 30 14 17 30 22 46 30 
15 27 41 32 29 0 3 33 32 11 30 9 19 35 24 45 37 45 9 
14 28 42 33 30 3 0 34 33 12 27 10 20 36 25 44 38 44 10 
22 26 26 39 24 33 34 0 21 38 25 38 42 10 27 14 34 38 42 
19 21 23 18 5 32 33 21 0 31 38 23 31 11 16 25 19 43 33 
20 32 40 31 28 11 12 38 31 0 31 16 18 36 23 38 36 38 16 
35 25 35 38 39 30 27 25 38 31 0 37 41 27 26 25 39 23 33 
18 20 38 23 20 9 10 38 23 16 37 0 20 30 15 48 30 48 10 
28 34 22 13 30 19 20 42 31 18 41 20 0 38 25 42 18 28 26 
22 20 18 29 14 35 36 10 11 36 27 30 38 0 17 18 24 36 36 
31 9 23 16 17 24 25 27 16 23 26 15 25 17 0 33 19 33 25 
30 38 26 39 30 45 44 14 25 38 25 48 42 18 33 0 34 24 54 
34 24 8 7 22 37 38 34 19 36 39 30 18 24 19 34 0 26 38 
46 38 22 25 46 45 44 38 43 38 23 48 28 36 33 24 26 0 54 
24 28 44 33 30 9 10 42 33 16 33 10 26 36 25 54 38 54 0 
