# rmTSP_12_8_40_maximum_1_100.mat
# n=12
# k=8
# a=40
# d="maximum"
# s=1
12
0 26 17 13 22 27 27 28 25 18 28 18 
26 0 36 32 20 34 23 31 21 37 23 32 
17 36 0 15 37 29 30 30 33 27 34 22 
13 32 15 0 32 24 26 33 29 23 33 20 
22 20 37 32 0 32 27 30 26 27 16 18 
27 34 29 24 32 0 21 28 31 28 33 28 
27 23 30 26 27 21 0 23 28 28 30 27 
28 31 30 33 30 28 23 0 19 35 32 34 
25 21 33 29 26 31 28 19 0 34 26 29 
18 37 27 23 27 28 28 35 34 0 33 22 
28 23 34 33 16 33 30 32 26 33 0 34 
18 32 22 20 18 28 27 34 29 22 34 0 
