# rmTSP_13_3_40_manhattan_1_100.mat
# n=13
# k=3
# a=40
# d="manhattan"
# s=1
13
0 64 21 41 66 88 80 31 26 39 25 53 72 
64 0 45 53 6 24 30 45 38 47 47 47 24 
21 45 0 20 47 69 61 16 31 46 14 48 53 
41 53 20 0 47 51 43 28 45 60 26 36 35 
66 6 47 47 0 22 24 47 40 53 49 41 18 
88 24 69 51 22 0 20 69 62 57 71 43 20 
80 30 61 43 24 20 0 61 54 77 63 35 12 
31 45 16 28 47 69 61 0 25 40 6 64 53 
26 38 31 45 40 62 54 25 0 31 23 61 46 
39 47 46 60 53 57 77 40 31 0 38 92 71 
25 47 14 26 49 71 63 6 23 38 0 62 55 
53 47 48 36 41 43 35 64 61 92 62 0 27 
72 24 53 35 18 20 12 53 46 71 55 27 0 
