# rmTSP_20_6_20_manhattan_101_100.mat
# n=20
# k=6
# a=20
# d="manhattan"
# s=101
20
0 3939 5050 5252 1616 2929 3636 4141 5656 4242 4747 4949 3232 6262 5454 3939 6161 5656 3636 6767 
3939 0 4343 5757 3939 5656 2727 3232 4141 2121 3030 4242 2929 5353 2929 5050 3030 4343 4949 4646 
5050 4343 0 3030 5050 4343 3636 1111 5050 4848 5555 3939 6262 2828 2222 5555 4949 4646 4848 3131 
5252 5757 3030 0 5252 5959 6060 3535 4646 4242 4545 5151 5454 1818 3636 7171 5757 5656 4848 3535 
1616 3939 5050 5252 0 2727 4444 4141 4040 4040 3939 4141 3030 5656 4848 2525 5757 4040 2626 5757 
2929 5656 4343 5959 2727 0 3131 3636 5151 6565 6262 4444 5555 6161 5353 1818 6464 3939 2525 6464 
3636 2727 3636 6060 4444 3131 0 2929 5252 4242 5151 4343 4848 5454 4646 3737 3939 4444 4646 5757 
4141 3232 1111 3535 4141 3636 2929 0 4141 3737 4444 4646 5353 3333 1919 4848 5454 3737 4141 3636 
5656 4141 5050 4646 4040 5151 5252 4141 0 3636 1515 4949 4848 3232 4242 5151 4747 2424 3636 2525 
4242 2121 4848 4242 4040 6565 4242 3737 3636 0 2323 4949 2626 4040 2828 5959 3333 4040 4646 3737 
4747 3030 5555 4545 3939 6262 5151 4444 1515 2323 0 4848 3737 3939 4141 5656 4242 3737 4545 3434 
4949 4242 3939 5151 4141 4444 4343 4646 4949 4949 4848 0 3737 4747 3939 3838 3636 5353 3939 3030 
3232 2929 6262 5454 3030 5555 4848 5353 4848 2626 3737 3737 0 6666 4040 4949 4545 5858 3838 5151 
6262 5353 2828 1818 5656 6161 5454 3333 3232 4040 3939 4747 6666 0 4040 6969 4141 4040 4646 1919 
5454 2929 2222 3636 4848 5353 4646 1919 4242 2828 4141 3939 4040 4040 0 5555 4949 4040 4242 3131 
3939 5050 5555 7171 2525 1818 3737 4848 5151 5959 5656 3838 4949 6969 5555 0 5656 3333 2929 6666 
6161 3030 4949 5757 5757 6464 3939 5454 4747 3333 4242 3636 4545 4141 4949 5656 0 3737 4747 3232 
5656 4343 4646 5656 4040 3939 4444 3737 2424 4040 3737 5353 5858 4040 4040 3333 3737 0 2424 3535 
3636 4949 4848 4848 2626 2525 4646 4141 3636 4646 4545 3939 3838 4646 4242 2929 4747 2424 0 3939 
6767 4646 3131 3535 5757 6464 5757 3636 2525 3737 3434 3030 5151 1919 3131 6666 3232 3535 3939 0 
