# rmTSP_18_2_40_maximum_101_100.mat
# n=18
# k=2
# a=40
# d="maximum"
# s=101
18
0 2323 2525 3737 2929 1010 2626 3636 1919 2828 2828 2525 707 2626 3636 2828 3333 1919 
2323 0 2424 1515 808 1919 2424 1313 2525 1919 1818 2020 1616 404 1313 1717 1010 1414 
2525 2424 0 1212 3232 1515 2929 1313 606 3131 606 404 1818 2828 3030 3131 2323 2222 
3737 1515 1212 0 2323 2727 3838 404 1818 3333 909 1212 3030 1919 2121 3131 1414 2828 
2929 808 3232 2323 0 2727 2424 1919 3333 1919 2626 2828 2424 404 1313 1717 1010 1414 
1010 1919 1515 2727 2727 0 2424 2626 909 2626 1818 1515 303 2323 2626 2626 2323 1717 
2626 2424 2929 3838 2424 2424 0 3737 3030 505 2929 2626 2121 2727 3737 707 3434 1010 
3636 1313 1313 404 1919 2626 3737 0 1717 3232 808 1111 2929 1515 1717 3030 1010 2727 
1919 2525 606 1818 3333 909 3030 1717 0 3232 909 606 1212 2929 3131 3232 2424 2323 
2828 1919 3131 3333 1919 2626 505 3232 3232 0 2525 2727 2323 2222 3232 202 2929 909 
2828 1818 606 909 2626 1818 2929 808 909 2525 0 303 2121 2222 2424 2525 1717 1919 
2525 2020 404 1212 2828 1515 2626 1111 606 2727 303 0 1818 2424 2626 2727 1919 1818 
707 1616 1818 3030 2424 303 2121 2929 1212 2323 2121 1818 0 2020 2929 2323 2626 1414 
2626 404 2828 1919 404 2323 2727 1515 2929 2222 2222 2424 2020 0 1010 2020 707 1717 
3636 1313 3030 2121 1313 2626 3737 1717 3131 3232 2424 2626 2929 1010 0 3030 707 2727 
2828 1717 3131 3131 1717 2626 707 3030 3232 202 2525 2727 2323 2020 3030 0 2727 909 
3333 1010 2323 1414 1010 2323 3434 1010 2424 2929 1717 1919 2626 707 707 2727 0 2424 
1919 1414 2222 2828 1414 1717 1010 2727 2323 909 1919 1818 1414 1717 2727 909 2424 0 
