# rmTSP_20_8_80_euklid_1_100.mat
# n=20
# k=8
# a=80
# d="euklid"
# s=1
20
0 96 98 46 81 65 94 80 105 91 65 80 117 91 108 104 83 106 127 80 
96 0 64 85 77 68 91 93 76 75 70 77 52 76 68 64 57 64 65 88 
98 64 0 90 93 86 87 113 80 92 87 97 82 105 72 97 53 57 73 83 
46 85 90 0 87 64 110 87 97 73 66 85 105 85 87 95 73 104 129 76 
81 77 93 87 0 64 87 106 84 121 98 107 97 89 90 115 90 119 110 89 
65 68 86 64 64 0 74 112 98 87 73 66 88 69 97 87 72 95 111 100 
94 91 87 110 87 74 0 131 125 110 94 82 87 74 106 111 97 90 82 123 
80 93 113 87 106 112 131 0 119 91 83 111 124 106 105 109 107 115 116 91 
105 76 80 97 84 98 125 119 0 129 86 123 101 128 109 118 81 94 115 50 
91 75 92 73 121 87 110 91 129 0 77 64 84 73 79 60 76 81 100 117 
65 70 87 66 98 73 94 83 86 77 0 75 89 80 108 89 81 67 100 68 
80 77 97 85 107 66 82 111 123 64 75 0 77 76 101 45 66 77 98 122 
117 52 82 105 97 88 87 124 101 84 89 77 0 71 69 66 73 70 61 114 
91 76 105 85 89 69 74 106 128 73 80 76 71 0 84 91 100 101 94 120 
108 68 72 87 90 97 106 105 109 79 108 101 69 84 0 87 71 98 84 108 
104 64 97 95 115 87 111 109 118 60 89 45 66 91 87 0 58 77 92 125 
83 57 53 73 90 72 97 107 81 76 81 66 73 100 71 58 0 64 89 89 
106 64 57 104 119 95 90 115 94 81 67 77 70 101 98 77 64 0 63 97 
127 65 73 129 110 111 82 116 115 100 100 98 61 94 84 92 89 63 0 120 
80 88 83 76 89 100 123 91 50 117 68 122 114 120 108 125 89 97 120 0 
