# rmTSP_10_6_10_euklid_101_100.mat
# n=10
# k=6
# a=10
# d="euklid"
# s=101
10
0 655 678 769 1257 990 920 1116 937 851 
655 0 692 821 898 782 662 756 639 898 
678 692 0 749 958 631 1106 1064 963 1000 
769 821 749 0 1147 795 1410 1286 1301 1156 
1257 898 958 1147 0 707 1212 1120 1083 1505 
990 782 631 795 707 0 1191 833 903 1351 
920 662 1106 1410 1212 1191 0 802 440 1020 
1116 756 1064 1286 1120 833 802 0 404 1467 
937 639 963 1301 1083 903 440 404 0 1208 
851 898 1000 1156 1505 1351 1020 1467 1208 0 
