# rmTSP_16_2_40_euklid_101_100.mat
# n=16
# k=2
# a=40
# d="euklid"
# s=101
16
0 1229 286 3072 1821 3072 544 2957 2970 3335 2222 2303 1152 1446 1074 1807 
1229 0 1414 3660 2808 2589 1581 3234 3699 3013 2710 2030 589 544 1129 1862 
286 1414 0 3246 1898 3357 707 3189 3111 3616 2432 2587 1220 1693 1359 2080 
3072 3660 3246 0 1597 2747 2543 915 452 2443 953 2270 3996 3335 2531 1930 
1821 2808 1898 1597 0 3210 1293 2000 1317 3170 1233 2443 2936 2710 1857 1821 
3072 2589 3357 2747 3210 0 2889 1857 3090 544 2121 814 3170 2045 2000 1446 
544 1581 707 2543 1293 2889 0 2499 2428 3072 1729 2082 1644 1629 958 1501 
2957 3234 3189 915 2000 1857 2499 0 1317 1528 814 1501 3671 2814 2143 1374 
2970 3699 3111 452 1317 3090 2428 1317 0 2830 1092 2533 3975 3431 2587 2102 
3335 3013 3616 2443 3170 544 3072 1528 2830 0 1984 1040 3579 2476 2270 1571 
2222 2710 2432 953 1233 2121 1729 814 1092 1984 0 1471 3067 2384 1581 1010 
2303 2030 2587 2270 2443 814 2082 1501 2533 1040 1471 0 2575 1515 1233 639 
1152 589 1220 3996 2936 3170 1644 3671 3975 3579 3067 2575 0 1129 1528 2325 
1446 544 1693 3335 2710 2045 1629 2814 3431 2476 2384 1515 1129 0 869 1446 
1074 1129 1359 2531 1857 2000 958 2143 2587 2270 1581 1233 1528 869 0 814 
1807 1862 2080 1930 1821 1446 1501 1374 2102 1571 1010 639 2325 1446 814 0 
