# rmTSP_13_6_80_manhattan_1_100.mat
# n=13
# k=6
# a=80
# d="manhattan"
# s=1
13
0 152 136 94 190 151 145 122 138 97 141 167 123 
152 0 114 186 166 229 223 106 108 201 91 143 173 
136 114 0 166 230 211 241 86 158 199 107 199 157 
94 186 166 0 156 173 167 102 154 147 117 225 183 
190 166 230 156 0 225 217 160 170 159 175 129 143 
151 229 211 173 225 0 34 163 235 190 218 280 186 
145 223 241 167 217 34 0 161 213 184 212 274 176 
122 106 86 102 160 163 161 0 142 201 61 193 141 
138 108 158 154 170 235 213 142 0 215 91 179 157 
97 201 199 147 159 190 184 201 215 0 224 136 110 
141 91 107 117 175 218 212 61 91 224 0 180 180 
167 143 199 225 129 280 274 193 179 136 180 0 104 
123 173 157 183 143 186 176 141 157 110 180 104 0 
