# rmTSP_12_8_40_euklid_101_100.mat
# n=12
# k=8
# a=40
# d="euklid"
# s=101
12
0 4570 4991 3925 4198 5727 4680 4050 5300 6259 2927 3380 
4570 0 4554 3770 5206 3392 5078 4319 4736 3780 4341 2612 
4991 4554 0 2180 3938 4308 4231 5433 4304 3628 3528 5452 
3925 3770 2180 0 4613 3535 4350 4439 4694 4642 3467 4318 
4198 5206 3938 4613 0 5926 3234 5654 5142 4137 3319 4626 
5727 3392 4308 3535 5926 0 5197 4874 4561 4845 5642 4397 
4680 5078 4231 4350 3234 5197 0 5261 4978 4380 4587 4222 
4050 4319 5433 4439 5654 4874 5261 0 4620 5825 3675 3727 
5300 4736 4304 4694 5142 4561 4978 4620 0 4927 4589 5489 
6259 3780 3628 4642 4137 4845 4380 5825 4927 0 4542 4987 
2927 4341 3528 3467 3319 5642 4587 3675 4589 4542 0 4213 
3380 2612 5452 4318 4626 4397 4222 3727 5489 4987 4213 0 
