# rmTSP_16_8_80_maximum_1_100.mat
# n=16
# k=8
# a=80
# d="maximum"
# s=1
16
0 62 61 54 48 75 56 57 72 43 74 46 71 56 57 58 
62 0 66 51 54 62 63 51 45 76 40 59 61 74 65 50 
61 66 0 55 70 79 62 58 76 70 66 68 66 68 61 44 
54 51 55 0 50 53 52 50 57 38 68 52 24 63 56 55 
48 54 70 50 0 67 66 62 64 61 33 56 63 59 49 50 
75 62 79 53 67 0 60 64 49 48 53 65 72 33 29 62 
56 63 62 52 66 60 0 63 63 58 69 64 71 73 59 64 
57 51 58 50 62 64 63 0 51 58 58 60 42 67 67 58 
72 45 76 57 64 49 63 51 0 76 66 59 49 74 49 59 
43 76 70 38 61 48 58 58 76 0 76 50 62 54 30 77 
74 40 66 68 33 53 69 58 66 76 0 62 65 58 64 65 
46 59 68 52 56 65 64 60 59 50 62 0 69 68 68 60 
71 61 66 24 63 72 71 42 49 62 65 69 0 75 75 72 
56 74 68 63 59 33 73 67 74 54 58 68 75 0 55 75 
57 65 61 56 49 29 59 67 49 30 64 68 75 55 0 53 
58 50 44 55 50 62 64 58 59 77 65 60 72 75 53 0 
