# rmTSP_15_4_80_euklid_1_100.mat
# n=15
# k=4
# a=80
# d="euklid"
# s=1
15
0 59 37 86 48 27 25 38 56 84 70 58 67 40 42 
59 0 48 61 35 78 72 56 16 70 49 69 21 45 70 
37 48 0 60 59 52 42 12 38 54 49 60 64 37 36 
86 61 60 0 77 88 85 71 48 34 54 74 72 77 69 
48 35 59 77 0 62 63 67 40 87 65 60 28 49 70 
27 78 52 88 62 0 20 54 71 87 80 56 84 57 43 
25 72 42 85 63 20 0 43 65 77 66 45 79 42 47 
38 56 12 71 67 54 43 0 47 62 55 66 72 39 40 
56 16 38 48 40 71 65 47 0 55 39 60 32 41 61 
84 70 54 34 87 87 77 62 55 0 38 64 81 66 73 
70 49 49 54 65 80 66 55 39 38 0 44 55 38 79 
58 69 60 74 60 56 45 66 60 64 44 0 68 42 77 
67 21 64 72 28 84 79 72 32 81 55 68 0 50 84 
40 45 37 77 49 57 42 39 41 66 38 42 50 0 67 
42 70 36 69 70 43 47 40 61 73 79 77 84 67 0 
