# rmTSP_16_8_80_manhattan_101_100.mat
# n=16
# k=8
# a=80
# d="manhattan"
# s=101
16
0 22422 21513 20301 12625 18180 18281 30603 28078 21715 13534 29997 19695 19695 28583 25654 
22422 0 23937 19493 32017 29088 28583 14645 17170 15049 24240 19897 18887 24745 25149 11716 
21513 23937 0 33936 27674 15655 17978 31108 24745 24846 17271 29694 23432 20604 25452 25351 
20301 19493 33936 0 23432 32219 23230 15352 28381 17372 23533 21008 18382 28482 28684 22927 
12625 32017 27674 23432 0 24139 16362 38178 31613 30906 19493 31310 24442 24644 36764 34239 
18180 29088 15655 32219 24139 0 21311 32017 27472 33027 13332 34239 18483 20301 20705 31512 
18281 28583 17978 23230 16362 21311 0 29492 25351 23432 11413 27068 15958 15756 26866 31209 
30603 14645 31108 15352 38178 32017 29492 0 24341 21210 23937 12726 17574 32118 17574 14039 
28078 17170 24745 28381 31613 27472 25351 24341 0 20301 23028 22321 23331 31411 24341 23028 
21715 15049 24846 17372 30906 33027 23432 21210 20301 0 23735 24644 23028 18382 28482 19493 
13534 24240 17271 23533 19493 13332 11413 23937 23028 23735 0 27573 10807 15251 19493 27472 
29997 19897 29694 21008 31310 34239 27068 12726 22321 24644 27573 0 19796 35552 21008 10605 
19695 18887 23432 18382 24442 18483 15958 17574 23331 23028 10807 19796 0 17574 14948 21917 
19695 24745 20604 28482 24644 20301 15756 32118 31411 18382 15251 35552 17574 0 24240 28583 
28583 25149 25452 28684 36764 20705 26866 17574 24341 28482 19493 21008 14948 24240 0 21311 
25654 11716 25351 22927 34239 31512 31209 14039 23028 19493 27472 10605 21917 28583 21311 0 
