# rmTSP_11_3_20_euklid_101_100.mat
# n=11
# k=3
# a=20
# d="euklid"
# s=101
11
0 1363 1632 2233 1940 1078 1220 1092 915 1528 886 
1363 0 735 1191 662 1377 202 1460 756 1092 647 
1632 735 0 1078 742 1225 647 1286 1266 1708 1245 
2233 1191 1078 0 639 1632 1257 1720 1495 2227 1732 
1940 662 742 639 0 1619 776 1708 1225 1647 1286 
1078 1377 1225 1632 1619 0 1220 101 1116 2169 1381 
1220 202 647 1257 776 1220 0 1297 728 1147 614 
1092 1460 1286 1720 1708 101 1297 0 1199 2231 1450 
915 756 1266 1495 1225 1116 728 1199 0 1282 505 
1528 1092 1708 2227 1647 2169 1147 2231 1282 0 821 
886 647 1245 1732 1286 1381 614 1450 505 821 0 
