# rmTSP_12_3_40_manhattan_1_100.mat
# n=12
# k=3
# a=40
# d="manhattan"
# s=1
12
0 50 42 20 43 16 36 15 31 57 72 58 
50 0 80 66 19 60 86 41 81 23 32 56 
42 80 0 22 61 36 10 57 11 59 60 38 
20 66 22 0 47 32 20 35 15 45 56 38 
43 19 61 47 0 59 67 40 62 24 33 57 
16 60 36 32 59 0 28 21 25 73 88 64 
36 86 10 20 67 28 0 47 5 65 68 44 
15 41 57 35 40 21 47 0 46 54 69 73 
31 81 11 15 62 25 5 46 0 60 63 39 
57 23 59 45 24 73 65 54 60 0 15 33 
72 32 60 56 33 88 68 69 63 15 0 34 
58 56 38 38 57 64 44 73 39 33 34 0 
