# rmTSP_12_4_20_euklid_101_100.mat
# n=12
# k=4
# a=20
# d="euklid"
# s=101
12
0 1555 2180 1793 1389 1717 1418 2055 2111 1134 1204 1584 
1555 0 2434 2486 1964 1824 1505 2396 1672 2107 678 1432 
2180 2434 0 931 2154 2247 1005 1059 1111 2892 1790 1801 
1793 2486 931 0 1525 1744 1050 1410 1744 2274 1832 2017 
1389 1964 2154 1525 0 1059 1443 2111 2263 1092 1613 1940 
1717 1824 2247 1744 1059 0 1464 2616 2263 1752 1542 2379 
1418 1505 1005 1050 1443 1464 0 1313 937 2111 851 1282 
2055 2396 1059 1410 2111 2616 1313 0 1282 2653 1840 1204 
2111 1672 1111 1744 2263 2263 937 1282 0 2883 1208 1208 
1134 2107 2892 2274 1092 1752 2111 2653 2883 0 1943 2199 
1204 678 1790 1832 1613 1542 851 1840 1208 1943 0 1134 
1584 1432 1801 2017 1940 2379 1282 1204 1208 2199 1134 0 
