# rmTSP_10_2_80_manhattan_101_100.mat
# n=10
# k=2
# a=80
# d="manhattan"
# s=101
10
0 6060 9696 3333 6868 707 4444 2929 2727 8888 
6060 0 7474 9393 7272 6767 2828 5151 3535 4646 
9696 7474 0 7575 2828 9999 5252 9797 8181 2828 
3333 9393 7575 0 4747 2626 6565 6262 6060 6767 
6868 7272 2828 4747 0 7171 4444 6969 5353 2626 
707 6767 9999 2626 7171 0 4747 3636 3434 9191 
4444 2828 5252 6565 4444 4747 0 4545 2929 4444 
2929 5151 9797 6262 6969 3636 4545 0 1616 8989 
2727 3535 8181 6060 5353 3434 2929 1616 0 7373 
8888 4646 2828 6767 2626 9191 4444 8989 7373 0 
