# rmTSP_20_8_80_maximum_1_100.mat
# n=20
# k=8
# a=80
# d="maximum"
# s=1
20
0 54 45 67 73 72 74 55 58 51 55 65 66 48 53 55 30 49 61 73 
54 0 44 33 56 31 38 54 54 45 38 27 38 44 26 44 45 50 42 51 
45 44 0 54 65 62 63 48 70 41 60 55 26 53 54 43 38 60 51 62 
67 33 54 0 63 39 57 51 61 37 46 25 51 51 52 66 60 46 49 58 
73 56 65 63 0 71 74 73 56 68 68 79 57 55 56 50 64 68 60 60 
72 31 62 39 71 0 58 67 69 52 49 40 55 59 50 64 61 57 57 67 
74 38 63 57 74 58 0 74 73 52 49 47 56 64 49 51 65 45 60 69 
55 54 48 51 73 67 74 0 67 51 48 62 40 38 53 55 48 47 36 73 
58 54 70 61 56 69 73 67 0 66 45 77 67 40 58 47 46 61 41 58 
51 45 41 37 68 52 52 51 66 0 55 26 52 56 40 50 44 46 54 63 
55 38 60 46 68 49 49 48 45 55 0 53 62 67 52 61 55 60 32 49 
65 27 55 25 79 40 47 62 77 26 53 0 48 67 31 47 54 42 65 74 
66 38 26 51 57 55 56 40 67 52 62 48 0 45 64 65 59 61 50 59 
48 44 53 51 55 59 64 38 40 56 67 67 45 0 44 37 25 67 46 55 
53 26 54 52 56 50 49 53 58 40 52 31 64 44 0 63 44 52 42 51 
55 44 43 66 50 64 51 55 47 50 61 47 65 37 63 0 46 60 49 65 
30 45 38 60 64 61 65 48 46 44 55 54 59 25 44 46 0 55 50 64 
49 50 60 46 68 57 45 47 61 46 60 42 61 67 52 60 55 0 55 64 
61 42 51 49 60 57 60 36 41 54 32 65 50 46 42 49 50 55 0 56 
73 51 62 58 60 67 69 73 58 63 49 74 59 55 51 65 64 64 56 0 
