# rmTSP_11_6_10_euklid_1_100.mat
# n=11
# k=6
# a=10
# d="euklid"
# s=1
11
0 8 9 8 8 12 6 11 8 11 8 
8 0 5 7 5 9 10 6 11 5 8 
9 5 0 11 5 11 11 9 12 9 5 
8 7 11 0 11 13 11 10 12 9 12 
8 5 5 11 0 8 10 9 11 9 8 
12 9 11 13 8 0 11 8 11 10 14 
6 10 11 11 10 11 0 11 9 12 11 
11 6 9 10 9 8 11 0 12 6 12 
8 11 12 12 11 11 9 12 0 15 13 
11 5 9 9 9 10 12 6 15 0 11 
8 8 5 12 8 14 11 12 13 11 0 
