# rmTSP_16_2_80_euklid_1_100.mat
# n=16
# k=2
# a=80
# d="euklid"
# s=1
16
0 53 16 21 50 3 28 42 24 38 43 30 60 51 48 60 
53 0 64 32 11 50 37 62 63 69 17 60 30 38 30 42 
16 64 0 32 63 19 44 56 36 50 57 44 75 67 64 76 
21 32 32 0 31 19 22 46 37 48 26 38 45 41 36 50 
50 11 63 31 0 47 29 52 56 61 8 52 20 27 19 31 
3 50 19 19 47 0 25 39 23 36 40 28 57 48 45 57 
28 37 44 22 29 25 0 26 27 32 21 23 33 23 21 32 
42 62 56 46 52 39 26 0 22 13 45 12 47 31 36 38 
24 63 36 37 56 23 27 22 0 14 48 10 58 44 46 53 
38 69 50 48 61 36 32 13 14 0 53 10 58 43 47 50 
43 17 57 26 8 40 21 45 48 53 0 44 20 22 15 28 
30 60 44 38 52 28 23 12 10 10 44 0 51 36 39 44 
60 30 75 45 20 57 33 47 58 58 20 51 0 16 12 13 
51 38 67 41 27 48 23 31 44 43 22 36 16 0 8 9 
48 30 64 36 19 45 21 36 46 47 15 39 12 8 0 14 
60 42 76 50 31 57 32 38 53 50 28 44 13 9 14 0 
