# rmTSP_16_4_40_euklid_1_100.mat
# n=16
# k=4
# a=40
# d="euklid"
# s=1
16
0 24 26 41 41 46 33 34 24 46 51 23 34 32 44 19 
24 0 36 35 40 51 36 47 34 51 47 33 42 43 48 32 
26 36 0 28 28 30 22 23 17 21 40 15 15 29 21 23 
41 35 28 0 18 30 34 42 27 28 40 35 31 42 28 36 
41 40 28 18 0 36 44 48 25 32 55 39 31 48 35 37 
46 51 30 30 36 0 38 27 26 33 41 42 42 26 31 30 
33 36 22 34 44 38 0 24 34 27 21 16 25 31 21 34 
34 47 23 42 48 27 24 0 29 33 35 26 34 14 29 25 
24 34 17 27 25 26 34 29 0 34 48 28 30 26 33 13 
46 51 21 28 32 33 27 33 34 0 37 29 18 42 7 42 
51 47 40 40 55 41 21 35 48 37 0 36 43 39 30 47 
23 33 15 35 39 42 16 26 28 29 36 0 17 33 26 29 
34 42 15 31 31 42 25 34 30 18 43 17 0 43 20 37 
32 43 29 42 48 26 31 14 26 42 39 33 43 0 38 18 
44 48 21 28 35 31 21 29 33 7 30 26 20 38 0 40 
19 32 23 36 37 30 34 25 13 42 47 29 37 18 40 0 
