# rmTSP_16_3_80_maximum_101_100.mat
# n=16
# k=3
# a=80
# d="maximum"
# s=101
16
0 4747 6464 3636 2525 3737 3535 4848 4040 3131 3737 2222 7070 5858 7171 6363 
4747 0 6161 2929 4949 2727 2929 4242 3434 5959 5555 3939 6464 5252 6565 5757 
6464 6161 0 5050 3939 5757 5555 5656 5252 5151 4343 6262 5555 6565 4848 6060 
3636 2929 5050 0 3838 2828 2626 1818 2323 4848 4444 3333 4242 2929 3636 3131 
2525 4949 3939 3838 0 3434 3232 4444 2929 2828 2020 2323 4545 5353 4646 3838 
3737 2727 5757 2828 3434 0 606 1919 1111 3838 3434 2727 4141 5757 4242 3434 
3535 2929 5555 2626 3232 606 0 1919 505 3535 3131 3333 3535 5555 3636 2828 
4848 4242 5656 1818 4444 1919 1919 0 1515 5454 5050 4646 4848 4747 2323 2020 
4040 3434 5252 2323 2929 1111 505 1515 0 3939 3535 3838 3333 5252 3131 2323 
3131 5959 5151 4848 2828 3838 3535 5454 3939 0 808 2929 3939 6363 4646 3434 
3737 5555 4343 4444 2020 3434 3131 5050 3535 808 0 3535 3333 5959 4242 3030 
2222 3939 6262 3333 2323 2727 3333 4646 3838 2929 3535 0 6868 5656 6969 6161 
7070 6464 5555 4242 4545 4141 3535 4848 3333 3939 3333 6868 0 5757 4040 2828 
5858 5252 6565 2929 5353 5757 5555 4747 5252 6363 5959 5656 5757 0 3838 6060 
7171 6565 4848 3636 4646 4242 3636 2323 3131 4646 4242 6969 4040 3838 0 2222 
6363 5757 6060 3131 3838 3434 2828 2020 2323 3434 3030 6161 2828 6060 2222 0 
