# rmTSP_12_8_10_manhattan_1_100.mat
# n=12
# k=8
# a=10
# d="manhattan"
# s=1
12
0 24 23 29 32 30 39 24 34 32 32 39 
24 0 31 29 20 18 33 22 26 22 32 23 
23 31 0 20 33 41 38 29 31 31 33 36 
29 29 20 0 29 31 28 13 27 21 31 22 
32 20 33 29 0 26 29 24 38 18 14 31 
30 18 41 31 26 0 19 24 22 22 26 19 
39 33 38 28 29 19 0 25 19 27 23 22 
24 22 29 13 24 24 25 0 22 16 32 27 
34 26 31 27 38 22 19 22 0 26 34 23 
32 22 31 21 18 22 27 16 26 0 30 25 
32 32 33 31 14 26 23 32 34 30 0 27 
39 23 36 22 31 19 22 27 23 25 27 0 
