# rmTSP_20_6_80_euklid_101_100.mat
# n=20
# k=6
# a=80
# d="euklid"
# s=101
20
0 10322 7278 7419 8621 7633 5432 6270 7451 10056 9394 9701 8468 9430 6807 6411 7391 3761 6324 5824 
10322 0 9110 5778 8457 10833 6495 5875 10372 8965 8532 4940 8633 9242 7567 7414 6700 11829 11699 10871 
7278 9110 0 8524 6892 10410 8408 6700 8476 9295 9636 9087 5803 7104 5761 2772 8503 9485 8011 4345 
7419 5778 8524 0 7817 8581 4772 5713 7029 6198 7769 7768 7074 7747 7389 7586 4813 8098 10335 9566 
8621 8457 6892 7817 0 5737 8542 7524 4657 8422 6549 7158 3330 3944 7568 5385 5619 8971 6189 9353 
7633 10833 10410 8581 5737 0 8867 8164 4517 9135 6297 8435 7870 7167 9826 8681 5171 5881 6484 11348 
5432 6495 8408 4772 8542 8867 0 6011 8340 9905 9677 7902 8039 9937 6550 6805 6762 7657 8284 7747 
6270 5875 6700 5713 7524 8164 6011 0 8408 7186 5985 4830 8283 7645 5828 5163 4522 7369 9291 8087 
7451 10372 8476 7029 4657 4517 8340 8408 0 7115 7818 9337 4943 5855 9539 7622 5313 6451 6635 9560 
10056 8965 9295 6198 8422 9135 9905 7186 7115 0 7703 8574 8440 7414 10843 9103 5181 9193 12251 11280 
9394 8532 9636 7769 6549 6297 9677 5985 7818 7703 0 6689 8556 5188 7893 8187 4690 8653 10237 12254 
9701 4940 9087 7768 7158 8435 7902 4830 9337 8574 6689 0 8973 8632 8531 6816 5130 10360 10088 10858 
8468 8633 5803 7074 3330 7870 8039 8283 4943 8440 8556 8973 0 4674 7238 5304 6958 9479 6920 8118 
9430 9242 7104 7747 3944 7167 9937 7645 5855 7414 5188 8632 4674 0 7312 6617 6142 9389 8866 10449 
6807 7567 5761 7389 7568 9826 6550 5828 9539 10843 7893 8531 7238 7312 0 4783 8145 9272 8476 7530 
6411 7414 2772 7586 5385 8681 6805 5163 7622 9103 8187 6816 5304 6617 4783 0 6877 8612 6524 5072 
7391 6700 8503 4813 5619 5171 6762 4522 5313 5181 4690 5130 6958 6142 8145 6877 0 6763 8768 10103 
3761 11829 9485 8098 8971 5881 7657 7369 6451 9193 8653 10360 9479 9389 9272 8612 6763 0 7407 8807 
6324 11699 8011 10335 6189 6484 8284 9291 6635 12251 10237 10088 6920 8866 8476 6524 8768 7407 0 7589 
5824 10871 4345 9566 9353 11348 7747 8087 9560 11280 12254 10858 8118 10449 7530 5072 10103 8807 7589 0 
