# rmTSP_17_6_10_manhattan_101_100.mat
# n=17
# k=6
# a=10
# d="manhattan"
# s=101
17
0 3737 3333 2121 3333 1717 2424 2121 3030 1717 2323 1313 3434 2323 1313 1616 2424 
3737 0 1010 2020 1212 2626 1717 1616 1313 2424 2626 2626 1111 1818 2626 2323 1717 
3333 1010 0 2020 808 2020 2323 1616 505 2828 2626 2222 1313 1616 2222 2121 2525 
2121 2020 2020 0 2424 1818 2727 2424 1919 2222 2424 1818 1919 808 2626 1111 1919 
3333 1212 808 2424 0 2626 2323 1616 1313 2626 2222 2222 909 2020 2020 1919 2929 
1717 2626 2020 1818 2626 0 2323 1818 1515 2424 2626 1616 2727 1212 1414 2121 1717 
2424 1717 2323 2727 2323 2323 0 707 2424 1111 1111 1919 2020 2323 1515 2828 1010 
2121 1616 1616 2424 1616 1818 707 0 1717 1212 1414 1414 1919 1818 1212 2323 1717 
3030 1313 505 1919 1313 1515 2424 1717 0 2727 2727 1919 1414 1313 2323 2020 2424 
1717 2424 2828 2222 2626 2424 1111 1212 2727 0 1414 1414 1919 2222 2020 1919 1717 
2323 2626 2626 2424 2222 2626 1111 1414 2727 1414 0 1818 1515 2626 2020 2929 1717 
1313 2626 2222 1818 2222 1616 1919 1414 1919 1414 1818 0 2323 1818 1212 1717 2323 
3434 1111 1313 1919 909 2727 2020 1919 1414 1919 1515 2323 0 1717 2929 2020 2020 
2323 1818 1616 808 2020 1212 2323 1818 1313 2222 2626 1818 1717 0 2222 1313 1515 
1313 2626 2222 2626 2020 1414 1515 1212 2323 2020 2020 1212 2929 2222 0 2323 2121 
1616 2323 2121 1111 1919 2121 2828 2323 2020 1919 2929 1717 2020 1313 2323 0 2424 
2424 1717 2525 1919 2929 1717 1010 1717 2424 1717 1717 2323 2020 1515 2121 2424 0 
