# rmTSP_15_4_10_euklid_101_100.mat
# n=15
# k=4
# a=10
# d="euklid"
# s=101
15
0 562 1045 782 742 319 678 474 495 1064 655 995 580 1000 974 
562 0 756 580 440 440 926 226 721 655 335 728 378 776 1040 
1045 756 0 974 440 1005 926 839 1025 958 776 833 769 598 979 
782 580 974 0 845 515 1102 742 670 614 319 391 335 915 721 
742 440 440 845 0 756 735 515 915 763 553 886 631 769 1054 
319 440 1005 515 756 0 886 429 378 909 474 735 335 869 863 
678 926 926 1102 735 886 0 920 909 1204 909 1229 937 1182 958 
474 226 839 742 515 429 920 0 685 875 534 875 484 782 1129 
495 721 1025 670 915 378 909 685 0 1174 714 735 463 769 678 
1064 655 958 614 763 909 1204 875 1174 0 463 795 742 1182 1152 
655 335 776 319 553 474 909 534 714 463 0 544 303 857 827 
995 728 833 391 886 735 1229 875 735 795 544 0 429 678 655 
580 378 769 335 631 335 937 484 463 742 303 429 0 647 714 
1000 776 598 915 769 869 1182 782 769 1182 857 678 647 0 942 
974 1040 979 721 1054 863 958 1129 678 1152 827 655 714 942 0 
