# rmTSP_13_4_10_manhattan_101_100.mat
# n=13
# k=4
# a=10
# d="manhattan"
# s=101
13
0 1010 1111 1717 808 808 1515 1414 1717 2020 1111 1414 1313 
1010 0 909 1515 1616 1414 2121 1818 1515 1414 909 1616 1111 
1111 909 0 1010 1313 1515 1818 2323 808 1515 1010 1515 1212 
1717 1515 1010 0 1515 1313 1616 1919 1010 1313 808 1515 808 
808 1616 1313 1515 0 808 909 1010 1313 1616 1111 1010 1313 
808 1414 1515 1313 808 0 1111 808 1313 1414 707 808 707 
1515 2121 1818 1616 909 1111 0 1313 1212 909 1616 505 1616 
1414 1818 2323 1919 1010 808 1313 0 2121 1616 1515 1212 1313 
1717 1515 808 1010 1313 1313 1212 2121 0 707 808 909 1010 
2020 1414 1515 1313 1616 1414 909 1616 707 0 1313 606 1313 
1111 909 1010 808 1111 707 1616 1515 808 1313 0 1313 202 
1414 1616 1515 1515 1010 808 505 1212 909 606 1313 0 1313 
1313 1111 1212 808 1313 707 1616 1313 1010 1313 202 1313 0 
