# rmTSP_18_4_80_euklid_1_100.mat
# n=18
# k=4
# a=80
# d="euklid"
# s=1
18
0 90 29 45 44 76 116 86 116 63 46 80 77 74 59 84 32 55 
90 0 83 61 56 75 65 83 82 68 72 74 82 57 105 32 93 56 
29 83 0 32 32 67 95 61 95 54 29 69 52 58 54 70 20 55 
45 61 32 0 34 39 86 69 95 63 41 74 63 49 73 57 49 55 
44 56 32 34 0 72 73 52 75 32 25 51 44 43 60 43 39 30 
76 75 67 39 72 0 104 98 121 99 75 103 93 74 105 80 84 89 
116 65 95 86 73 104 0 49 39 76 77 66 56 70 114 41 100 80 
86 83 61 69 52 98 49 0 49 58 46 51 11 64 82 54 62 68 
116 82 95 95 75 121 39 49 0 62 84 79 52 63 95 60 100 86 
63 68 54 63 32 99 76 58 62 0 51 64 50 43 49 55 57 43 
46 72 29 41 25 75 77 46 84 51 0 40 41 64 72 51 26 37 
80 74 69 74 51 103 66 51 79 64 40 0 53 85 102 47 61 40 
77 82 52 63 44 93 56 11 52 50 41 53 0 57 71 54 53 63 
74 57 58 49 43 74 70 64 63 43 64 85 57 0 59 54 73 66 
59 105 54 73 60 105 114 82 95 49 72 102 71 59 0 96 60 81 
84 32 70 57 43 80 41 54 60 55 51 47 54 54 96 0 76 44 
32 93 20 49 39 84 100 62 100 57 26 61 53 73 60 76 0 53 
55 56 55 55 30 89 80 68 86 43 37 40 63 66 81 44 53 0 
