# rmTSP_13_8_20_manhattan_1_100.mat
# n=13
# k=8
# a=20
# d="manhattan"
# s=1
13
0 71 50 63 59 57 77 63 77 81 72 41 43 
71 0 67 56 72 28 64 82 72 56 55 56 44 
50 67 0 63 31 55 33 47 71 65 38 67 59 
63 56 63 0 64 46 50 60 58 52 65 56 56 
59 72 31 64 0 60 30 46 66 70 53 46 76 
57 28 55 46 60 0 64 64 80 50 53 56 40 
77 64 33 50 30 64 0 62 60 62 41 60 76 
63 82 47 60 46 64 62 0 78 56 57 76 80 
77 72 71 58 66 80 60 78 0 82 67 62 60 
81 56 65 52 70 50 62 56 82 0 57 76 50 
72 55 38 65 53 53 41 57 67 57 0 87 61 
41 56 67 56 46 56 60 76 62 76 87 0 50 
43 44 59 56 76 40 76 80 60 50 61 50 0 
