# rmTSP_14_3_40_maximum_1_100.mat
# n=14
# k=3
# a=40
# d="maximum"
# s=1
14
0 21 20 25 22 9 18 9 20 19 18 30 17 18 
21 0 23 15 36 14 32 26 13 16 17 11 6 11 
20 23 0 27 22 18 32 29 16 21 21 32 19 15 
25 15 27 0 21 18 17 30 18 6 21 17 9 16 
22 36 22 21 0 31 11 31 23 20 34 36 30 25 
9 14 18 18 31 0 27 15 14 12 12 23 10 12 
18 32 32 17 11 27 0 27 32 19 30 32 26 30 
9 26 29 30 31 15 27 0 29 24 27 35 22 27 
20 13 16 18 23 14 32 29 0 13 11 16 12 2 
19 16 21 6 20 12 19 24 13 0 15 16 10 11 
18 17 21 21 34 12 30 27 11 15 0 26 13 9 
30 11 32 17 36 23 32 35 16 16 26 0 13 17 
17 6 19 9 30 10 26 22 12 10 13 13 0 10 
18 11 15 16 25 12 30 27 2 11 9 17 10 0 
