# rmTSP_15_8_10_manhattan_101_100.mat
# n=15
# k=8
# a=10
# d="manhattan"
# s=101
15
0 3333 3131 1616 2424 2525 3030 1414 4141 2424 2626 2525 2727 2020 3838 
3333 0 2020 3131 2525 2020 2525 3131 2020 2323 2929 1818 2828 2727 1111 
3131 2020 0 3131 2929 2020 1111 2727 3030 2323 4141 2222 1212 2727 2121 
1616 3131 3131 0 2424 2121 3030 1818 3333 1818 1818 1515 2121 1616 2828 
2424 2525 2929 2424 0 1515 3636 2222 2727 3232 3030 1717 2727 2424 3232 
2525 2020 2020 2121 1515 0 2727 2121 3434 1919 2323 1616 1818 1515 2525 
3030 2525 1111 3030 3636 2727 0 2626 3333 2222 4040 2929 1919 2626 2424 
1414 3131 2727 1818 2222 2121 2626 0 2727 2828 3232 1717 1919 2424 3434 
4141 2020 3030 3333 2727 3434 3333 2727 0 3939 4141 2020 3030 3939 1717 
2424 2323 2323 1818 3232 1919 2222 2828 3939 0 2222 2323 2727 1010 2222 
2626 2929 4141 1818 3030 2323 4040 3232 4141 2222 0 2727 3131 1616 3232 
2525 1818 2222 1515 1717 1616 2929 1717 2020 2323 2727 0 2020 2121 2121 
2727 2828 1212 2121 2727 1818 1919 1919 3030 2727 3131 2020 0 2323 2727 
2020 2727 2727 1616 2424 1515 2626 2424 3939 1010 1616 2121 2323 0 2828 
3838 1111 2121 2828 3232 2525 2424 3434 1717 2222 3232 2121 2727 2828 0 
