# rmTSP_16_2_80_maximum_101_100.mat
# n=16
# k=2
# a=80
# d="maximum"
# s=101
16
0 6363 1212 4444 2222 6060 5858 3636 3131 7070 6565 1313 6363 6060 4949 4949 
6363 0 5151 6767 4141 6363 2929 2727 3232 707 404 5050 3030 303 1414 1616 
1212 5151 0 3838 1212 5454 5252 2424 1919 5858 5353 202 5757 4848 3737 4343 
4444 6767 3838 0 2626 1616 3838 4040 3737 7474 6969 3636 6565 6464 5353 5252 
2222 4141 1212 2626 0 4242 4040 1414 1111 4848 4343 1010 4545 3838 2727 3131 
6060 6363 5454 1616 4242 0 3434 3838 5353 7070 6565 5252 6161 6060 4949 4848 
5858 2929 5252 3838 4040 3434 0 3636 5151 3636 3131 5050 2727 2727 3535 1414 
3636 2727 2424 4040 1414 3838 3636 0 1515 3434 2929 2323 4141 2424 1313 2727 
3131 3232 1919 3737 1111 5353 5151 1515 0 3939 3434 1818 5656 2929 1818 4242 
7070 707 5858 7474 4848 7070 3636 3434 3939 0 909 5757 2525 1010 2121 2222 
6565 404 5353 6969 4343 6565 3131 2929 3434 909 0 5252 3434 505 1616 2020 
1313 5050 202 3636 1010 5252 5050 2323 1818 5757 5252 0 5555 4747 3636 4141 
6363 3030 5757 6565 4545 6161 2727 4141 5656 2525 3434 5555 0 3232 4040 1414 
6060 303 4848 6464 3838 6060 2727 2424 2929 1010 505 4747 3232 0 1111 1818 
4949 1414 3737 5353 2727 4949 3535 1313 1818 2121 1616 3636 4040 1111 0 2626 
4949 1616 4343 5252 3131 4848 1414 2727 4242 2222 2020 4141 1414 1818 2626 0 
