# rmTSP_19_3_80_manhattan_1_100.mat
# n=19
# k=3
# a=80
# d="manhattan"
# s=1
19
0 84 89 83 46 75 61 36 74 92 58 23 56 93 81 80 95 66 59 
84 0 5 121 92 65 77 68 74 58 88 103 28 15 83 76 33 104 65 
89 5 0 124 91 68 76 67 79 61 87 108 33 12 88 75 30 107 62 
83 121 124 0 109 56 144 95 127 67 113 76 127 136 118 163 154 23 76 
46 92 91 109 0 115 67 24 120 132 20 69 74 79 127 78 75 98 41 
75 65 68 56 115 0 100 91 71 25 111 64 71 80 76 107 98 41 74 
61 77 76 144 67 100 0 57 65 117 79 68 59 78 86 19 80 127 80 
36 68 67 95 24 91 57 0 110 108 22 59 58 61 117 68 63 78 23 
74 74 79 127 120 71 65 110 0 64 132 51 52 83 23 64 85 110 133 
92 58 61 67 132 25 117 108 64 0 128 81 64 73 51 116 91 66 91 
58 88 87 113 20 111 79 22 132 128 0 81 80 75 139 90 71 96 37 
23 103 108 76 69 64 68 59 51 81 81 0 75 112 58 87 114 59 82 
56 28 33 127 74 71 59 58 52 64 80 75 0 37 59 58 39 110 81 
93 15 12 136 79 80 78 61 83 73 75 112 37 0 92 69 18 119 60 
81 83 88 118 127 76 86 117 23 51 139 58 59 92 0 85 94 117 140 
80 76 75 163 78 107 19 68 64 116 90 87 58 69 85 0 71 146 91 
95 33 30 154 75 98 80 63 85 91 71 114 39 18 94 71 0 137 78 
66 104 107 23 98 41 127 78 110 66 96 59 110 119 117 146 137 0 59 
59 65 62 76 41 74 80 23 133 91 37 82 81 60 140 91 78 59 0 
