# rmTSP_13_3_80_manhattan_101_100.mat
# n=13
# k=3
# a=80
# d="manhattan"
# s=101
13
0 10201 10100 18382 2626 6464 7373 8484 7272 12322 12120 6565 7575 
10201 0 11009 8181 11009 10605 11110 5353 10605 5555 5757 5454 9494 
10100 11009 0 12120 7474 7070 14847 12120 6262 6060 7070 9191 8383 
18382 8181 12120 0 19190 18786 13231 13534 11110 6060 6868 11817 17675 
2626 11009 7474 19190 0 4444 8787 9898 8080 13130 12726 7373 6161 
6464 10605 7070 18786 4444 0 8989 5454 12524 12726 12322 7171 1717 
7373 11110 14847 13231 8787 8989 0 7979 10605 16665 16867 5656 10100 
8484 5353 12120 13534 9898 5454 7979 0 11716 10100 10302 6161 4141 
7272 10605 6262 11110 8080 12524 10605 11716 0 7676 9696 8181 13635 
12322 5555 6060 6060 13130 12726 16665 10100 7676 0 2020 11009 11615 
12120 5757 7070 6868 12726 12322 16867 10302 9696 2020 0 11211 11211 
6565 5454 9191 11817 7373 7171 5656 6161 8181 11009 11211 0 8282 
7575 9494 8383 17675 6161 1717 10100 4141 13635 11615 11211 8282 0 
