# rmTSP_14_2_40_maximum_101_100.mat
# n=14
# k=2
# a=40
# d="maximum"
# s=101
14
0 3131 2323 1515 2020 2323 1818 2222 404 606 1818 3030 1515 1717 
3131 0 808 2121 1111 2121 3535 909 3535 3737 2424 3636 1616 1414 
2323 808 0 1818 606 1818 2727 303 2727 2929 2121 3333 808 606 
1515 2121 1818 0 2424 1010 1717 2121 1717 1919 606 1515 2323 1212 
2020 1111 606 2424 0 2424 2727 303 2424 2626 2727 3939 505 1212 
2323 2121 1818 1010 2424 0 2727 2121 2727 2929 1616 2525 2323 1212 
1818 3535 2727 1717 2727 2727 0 2626 1717 1313 1111 1212 2626 2121 
2222 909 303 2121 303 2121 2626 0 2626 2828 2424 3636 707 909 
404 3535 2727 1717 2424 2727 1717 2626 0 404 1717 2929 1919 2121 
606 3737 2929 1919 2626 2929 1313 2828 404 0 1313 2525 2121 2323 
1818 2424 2121 606 2727 1616 1111 2424 1717 1313 0 1212 2626 1515 
3030 3636 3333 1515 3939 2525 1212 3636 2929 2525 1212 0 3838 2727 
1515 1616 808 2323 505 2323 2626 707 1919 2121 2626 3838 0 1111 
1717 1414 606 1212 1212 1212 2121 909 2121 2323 1515 2727 1111 0 
