# rmTSP_14_6_20_euklid_1_100.mat
# n=14
# k=6
# a=20
# d="euklid"
# s=1
14
0 32 26 28 28 24 19 21 23 26 26 15 21 21 
32 0 15 16 15 20 23 17 20 19 17 31 18 20 
26 15 0 25 18 12 20 15 21 18 15 23 24 23 
28 16 25 0 21 23 25 19 22 27 25 33 12 17 
28 15 18 21 0 24 22 12 18 17 21 23 21 22 
24 20 12 23 24 0 25 16 19 26 17 24 21 25 
19 23 20 25 22 25 0 21 26 14 23 23 22 14 
21 17 15 19 12 16 21 0 18 22 16 18 18 23 
23 20 21 22 18 19 26 18 0 21 21 21 16 21 
26 19 18 27 17 26 14 22 21 0 23 25 23 16 
26 17 15 25 21 17 23 16 21 23 0 24 19 25 
15 31 23 33 23 24 23 18 21 25 24 0 27 28 
21 18 24 12 21 21 22 18 16 23 19 27 0 13 
21 20 23 17 22 25 14 23 21 16 25 28 13 0 
