# rmTSP_17_6_40_manhattan_1_100.mat
# n=17
# k=6
# a=40
# d="manhattan"
# s=1
17
0 73 133 69 109 89 105 73 71 89 63 69 62 82 57 87 69 
73 0 70 54 48 52 42 116 46 30 74 52 59 51 40 32 56 
133 70 0 88 72 62 54 148 116 54 96 80 89 73 88 80 84 
69 54 88 0 76 96 74 90 90 76 104 82 55 97 70 80 88 
109 48 72 76 0 64 56 102 80 68 86 50 87 85 60 40 90 
89 52 62 96 64 0 32 156 62 44 56 44 97 63 60 70 84 
105 42 54 74 56 32 0 158 66 32 80 68 99 61 70 72 72 
73 116 148 90 102 156 158 0 118 134 102 118 59 101 96 86 98 
71 46 116 90 80 62 66 118 0 64 74 58 81 65 62 58 86 
89 30 54 76 68 44 32 134 64 0 66 58 75 39 54 54 44 
63 74 96 104 86 56 80 102 74 66 0 60 65 53 34 52 84 
69 52 80 82 50 44 68 118 58 58 60 0 91 85 42 54 90 
62 59 89 55 87 97 99 59 81 75 65 91 0 56 49 47 69 
82 51 73 97 85 63 61 101 65 39 53 85 56 0 65 53 51 
57 40 88 70 60 60 70 96 62 54 34 42 49 65 0 34 78 
87 32 80 80 40 70 72 86 58 54 52 54 47 53 34 0 70 
69 56 84 88 90 84 72 98 86 44 84 90 69 51 78 70 0 
