# rmTSP_15_3_10_manhattan_1_100.mat
# n=15
# k=3
# a=10
# d="manhattan"
# s=1
15
0 7 6 9 8 16 10 15 13 5 10 9 14 2 12 
7 0 5 12 11 13 13 14 10 2 13 16 11 9 9 
6 5 0 7 6 10 8 9 9 5 8 11 8 6 8 
9 12 7 0 9 17 1 6 16 10 7 4 5 9 15 
8 11 6 9 0 12 10 7 11 11 2 9 8 8 10 
16 13 10 17 12 0 18 11 3 15 14 21 12 16 4 
10 13 8 1 10 18 0 7 17 11 8 3 6 8 16 
15 14 9 6 7 11 7 0 14 14 5 10 5 15 13 
13 10 9 16 11 3 17 14 0 12 13 20 11 13 1 
5 2 5 10 11 15 11 14 12 0 13 14 13 7 11 
10 13 8 7 2 14 8 5 13 13 0 7 6 10 12 
9 16 11 4 9 21 3 10 20 14 7 0 9 7 19 
14 11 8 5 8 12 6 5 11 13 6 9 0 14 10 
2 9 6 9 8 16 8 15 13 7 10 7 14 0 12 
12 9 8 15 10 4 16 13 1 11 12 19 10 12 0 
