# rmTSP_13_3_10_manhattan_101_100.mat
# n=13
# k=3
# a=10
# d="manhattan"
# s=101
13
0 404 707 707 707 1212 606 808 1111 1010 808 404 1212 
404 0 909 707 707 1414 606 606 1313 606 1010 808 1212 
707 909 0 1414 606 1313 909 1111 1616 909 909 909 909 
707 707 1414 0 1212 909 909 1313 606 1111 1111 1111 1515 
707 707 606 1212 0 1919 1111 505 1818 707 1515 707 1111 
1212 1414 1313 909 1919 0 808 2020 505 1616 404 1414 1212 
606 606 909 909 1111 808 0 1212 707 808 404 808 606 
808 606 1111 1313 505 2020 1212 0 1919 808 1616 808 1616 
1111 1313 1616 606 1818 505 707 1919 0 1515 707 1313 909 
1010 606 909 1111 707 1616 808 808 1515 0 1212 1414 808 
808 1010 909 1111 1515 404 404 1616 707 1212 0 1010 808 
404 808 909 1111 707 1414 808 808 1313 1414 1010 0 1414 
1212 1212 909 1515 1111 1212 606 1616 909 808 808 1414 0 
