# rmTSP_19_8_80_manhattan_1_100.mat
# n=19
# k=8
# a=80
# d="manhattan"
# s=1
19
0 277 299 244 181 196 221 151 265 123 200 123 203 260 244 232 200 249 257 
277 0 286 171 224 221 242 312 274 276 201 238 264 133 179 125 223 170 244 
299 286 0 313 268 325 282 330 148 244 299 318 178 239 269 331 271 210 264 
244 171 313 0 297 172 277 333 241 201 144 239 235 158 158 206 254 191 295 
181 224 268 297 0 255 132 144 314 200 195 114 198 313 221 197 179 256 238 
196 221 325 172 255 0 253 259 327 163 98 169 229 260 196 232 278 227 203 
221 242 282 277 132 253 0 202 358 198 189 164 212 285 193 183 159 278 272 
151 312 330 333 144 259 202 0 280 172 245 116 204 303 289 243 155 266 232 
265 274 148 241 314 327 358 280 0 194 309 268 182 173 273 339 229 140 286 
123 276 244 201 200 163 198 172 194 0 183 130 146 239 219 291 201 208 278 
200 201 299 144 195 98 189 245 309 183 0 171 183 216 128 190 230 217 181 
123 238 318 239 114 169 164 116 268 130 171 0 198 293 251 237 181 198 204 
203 264 178 235 198 229 212 204 182 146 183 198 0 163 205 293 211 190 228 
260 133 239 158 313 260 285 303 173 239 216 293 163 0 172 176 194 187 285 
244 179 269 158 221 196 193 289 273 219 128 251 205 172 0 130 158 219 227 
232 125 331 206 197 232 183 243 339 291 190 237 293 176 130 0 136 261 253 
200 223 271 254 179 278 159 155 229 201 230 181 211 194 158 136 0 227 269 
249 170 210 191 256 227 278 266 140 208 217 198 190 187 219 261 227 0 148 
257 244 264 295 238 203 272 232 286 278 181 204 228 285 227 253 269 148 0 
